horizon,horizon_num,horizon_minutes,p_05,p_10,p_15,p_20,p_25,p_30,p_35,p_40,p_45,p_50,p_55,p_60,p_65,p_70,p_75,p_80,p_85,p_90,p_95,clear_sky,deterministic
2025-10-23 18:15:00+00:00,0,15,0.0,0.0,0.0,0.0,0.0,0.0,0.0,0.0,0.0,0.0,0.0,0.0,0.0,0.0,0.0,0.0,0.0,0.0,0.0,0.0,0.0
2025-10-23 18:30:00+00:00,1,30,0.0,0.0,0.0,0.0,0.0,0.0,0.0,0.0,0.0,0.0,0.0,0.0,0.0,0.0,0.0,0.0,0.0,0.0,0.0,0.0,0.0
2025-10-23 18:45:00+00:00,2,45,0.0,0.0,0.0,0.0,0.0,0.0,0.0,0.0,0.0,0.0,0.0,0.0,0.0,0.0,0.0,0.0,0.0,0.0,0.0,0.0,0.0
2025-10-23 19:00:00+00:00,3,60,0.0,0.0,0.0,0.0,0.0,0.0,0.0,0.0,0.0,0.0,0.0,0.0,0.0,0.0,0.0,0.0,0.0,0.0,0.0,0.0,0.0
2025-10-23 19:15:00+00:00,4,75,0.0,0.0,0.0,0.0,0.0,0.0,0.0,0.0,0.0,0.0,0.0,0.0,0.0,0.0,0.0,0.0,0.0,0.0,0.0,0.0,0.0
2025-10-23 19:30:00+00:00,5,90,0.0,0.0,0.0,0.0,0.0,0.0,0.0,0.0,0.0,0.0,0.0,0.0,0.0,0.0,0.0,0.0,0.0,0.0,0.0,0.0,0.0
2025-10-23 19:45:00+00:00,6,105,0.0,0.0,0.0,0.0,0.0,0.0,0.0,0.0,0.0,0.0,0.0,0.0,0.0,0.0,0.0,0.0,0.0,0.0,0.0,0.0,0.0
2025-10-23 20:00:00+00:00,7,120,0.0,0.0,0.0,0.0,0.0,0.0,0.0,0.0,0.0,0.0,0.0,0.0,0.0,0.0,0.0,0.0,0.0,0.0,0.0,0.0,0.0
2025-10-23 20:15:00+00:00,8,135,0.0,0.0,0.0,0.0,0.0,0.0,0.0,0.0,0.0,0.0,0.0,0.0,0.0,0.0,0.0,0.0,0.0,0.0,0.0,0.0,0.0
2025-10-23 20:30:00+00:00,9,150,0.0,0.0,0.0,0.0,0.0,0.0,0.0,0.0,0.0,0.0,0.0,0.0,0.0,0.0,0.0,0.0,0.0,0.0,0.0,0.0,0.0
2025-10-23 20:45:00+00:00,10,165,0.0,0.0,0.0,0.0,0.0,0.0,0.0,0.0,0.0,0.0,0.0,0.0,0.0,0.0,0.0,0.0,0.0,0.0,0.0,0.0,0.0
2025-10-23 21:00:00+00:00,11,180,0.0,0.0,0.0,0.0,0.0,0.0,0.0,0.0,0.0,0.0,0.0,0.0,0.0,0.0,0.0,0.0,0.0,0.0,0.0,0.0,0.0
2025-10-23 21:15:00+00:00,12,195,0.0,0.0,0.0,0.0,0.0,0.0,0.0,0.0,0.0,0.0,0.0,0.0,0.0,0.0,0.0,0.0,0.0,0.0,0.0,0.0,0.0
2025-10-23 21:30:00+00:00,13,210,0.0,0.0,0.0,0.0,0.0,0.0,0.0,0.0,0.0,0.0,0.0,0.0,0.0,0.0,0.0,0.0,0.0,0.0,0.0,0.0,0.0
2025-10-23 21:45:00+00:00,14,225,0.0,0.0,0.0,0.0,0.0,0.0,0.0,0.0,0.0,0.0,0.0,0.0,0.0,0.0,0.0,0.0,0.0,0.0,0.0,0.0,0.0
2025-10-23 22:00:00+00:00,15,240,0.0,0.0,0.0,0.0,0.0,0.0,0.0,0.0,0.0,0.0,0.0,0.0,0.0,0.0,0.0,0.0,0.0,0.0,0.0,0.0,0.0
2025-10-23 22:15:00+00:00,16,255,0.0,0.0,0.0,0.0,0.0,0.0,0.0,0.0,0.0,0.0,0.0,0.0,0.0,0.0,0.0,0.0,0.0,0.0,0.0,0.0,0.0
2025-10-23 22:30:00+00:00,17,270,0.0,0.0,0.0,0.0,0.0,0.0,0.0,0.0,0.0,0.0,0.0,0.0,0.0,0.0,0.0,0.0,0.0,0.0,0.0,0.0,0.0
2025-10-23 22:45:00+00:00,18,285,0.0,0.0,0.0,0.0,0.0,0.0,0.0,0.0,0.0,0.0,0.0,0.0,0.0,0.0,0.0,0.0,0.0,0.0,0.0,0.0,0.0
2025-10-23 23:00:00+00:00,19,300,0.0,0.0,0.0,0.0,0.0,0.0,0.0,0.0,0.0,0.0,0.0,0.0,0.0,0.0,0.0,0.0,0.0,0.0,0.0,0.0,0.0
2025-10-23 23:15:00+00:00,20,315,0.0,0.0,0.0,0.0,0.0,0.0,0.0,0.0,0.0,0.0,0.0,0.0,0.0,0.0,0.0,0.0,0.0,0.0,0.0,0.0,0.0
2025-10-23 23:30:00+00:00,21,330,0.0,0.0,0.0,0.0,0.0,0.0,0.0,0.0,0.0,0.0,0.0,0.0,0.0,0.0,0.0,0.0,0.0,0.0,0.0,0.0,0.0
2025-10-23 23:45:00+00:00,22,345,0.0,0.0,0.0,0.0,0.0,0.0,0.0,0.0,0.0,0.0,0.0,0.0,0.0,0.0,0.0,0.0,0.0,0.0,0.0,0.0,0.0
2025-10-24 00:00:00+00:00,23,360,0.0,0.0,0.0,0.0,0.0,0.0,0.0,0.0,0.0,0.0,0.0,0.0,0.0,0.0,0.0,0.0,0.0,0.0,0.0,0.0,0.0
2025-10-24 00:15:00+00:00,24,375,0.0,0.0,0.0,0.0,0.0,0.0,0.0,0.0,0.0,0.0,0.0,0.0,0.0,0.0,0.0,0.0,0.0,0.0,0.0,0.0,0.0
2025-10-24 00:30:00+00:00,25,390,0.0,0.0,0.0,0.0,0.0,0.0,0.0,0.0,0.0,0.0,0.0,0.0,0.0,0.0,0.0,0.0,0.0,0.0,0.0,0.0,0.0
2025-10-24 00:45:00+00:00,26,405,0.0,0.0,0.0,0.0,0.0,0.0,0.0,0.0,0.0,0.0,0.0,0.0,0.0,0.0,0.0,0.0,0.0,0.0,0.0,0.0,0.0
2025-10-24 01:00:00+00:00,27,420,0.0,0.0,0.0,0.0,0.0,0.0,0.0,0.0,0.0,0.0,0.0,0.0,0.0,0.0,0.0,0.0,0.0,0.0,0.0,0.0,0.0
2025-10-24 01:15:00+00:00,28,435,0.0,0.0,0.0,0.0,0.0,0.0,0.0,0.0,0.0,0.0,0.0,0.0,0.0,0.0,0.0,0.0,0.0,0.0,0.0,0.0,0.0
2025-10-24 01:30:00+00:00,29,450,0.0,0.0,0.0,0.0,0.0,0.0,0.0,0.0,0.0,0.0,0.0,0.0,0.0,0.0,0.0,0.0,0.0,0.0,0.0,0.0,0.0
2025-10-24 01:45:00+00:00,30,465,0.0,0.0,0.0,0.0,0.0,0.0,0.0,0.0,0.0,0.0,0.0,0.0,0.0,0.0,0.0,0.0,0.0,0.0,0.0,0.0,0.0
2025-10-24 02:00:00+00:00,31,480,0.0,0.0,0.0,0.0,0.0,0.0,0.0,0.0,0.0,0.0,0.0,0.0,0.0,0.0,0.0,0.0,0.0,0.0,0.0,0.0,0.0
2025-10-24 02:15:00+00:00,32,495,0.0,0.0,0.0,0.0,0.0,0.0,0.0,0.0,0.0,0.0,0.0,0.0,0.0,0.0,0.0,0.0,0.0,0.0,0.0,0.0,0.0
2025-10-24 02:30:00+00:00,33,510,0.0,0.0,0.0,0.0,0.0,0.0,0.0,0.0,0.0,0.0,0.0,0.0,0.0,0.0,0.0,0.0,0.0,0.0,0.0,0.0,0.0
2025-10-24 02:45:00+00:00,34,525,0.0,0.0,0.0,0.0,0.0,0.0,0.0,0.0,0.0,0.0,0.0,0.0,0.0,0.0,0.0,0.0,0.0,0.0,0.0,0.0,0.0
2025-10-24 03:00:00+00:00,35,540,0.0,0.0,0.0,0.0,0.0,0.0,0.0,0.0,0.0,0.0,0.0,0.0,0.0,0.0,0.0,0.0,0.0,0.0,0.0,0.0,0.0
2025-10-24 03:15:00+00:00,36,555,0.0,0.0,0.0,0.0,0.0,0.0,0.0,0.0,0.0,0.0,0.0,0.0,0.0,0.0,0.0,0.0,0.0,0.0,0.0,0.0,0.0
2025-10-24 03:30:00+00:00,37,570,0.0,0.0,0.0,0.0,0.0,0.0,0.0,0.0,0.0,0.0,0.0,0.0,0.0,0.0,0.0,0.0,0.0,0.0,0.0,0.0,0.0
2025-10-24 03:45:00+00:00,38,585,0.0,0.0,0.0,0.0,0.0,0.0,0.0,0.0,0.0,0.0,0.0,0.0,0.0,0.0,0.0,0.0,0.0,0.0,0.0,0.0,0.0
2025-10-24 04:00:00+00:00,39,600,0.0,0.0,0.0,0.0,0.0,0.0,0.0,0.0,0.0,0.0,0.0,0.0,0.0,0.0,0.0,0.0,0.0,0.0,0.0,0.0,0.0
2025-10-24 04:15:00+00:00,40,615,0.0,0.0,0.0,0.0,0.0,0.0,0.0,0.0,0.0,0.0,0.0,0.0,0.0,0.0,0.0,0.0,0.0,0.0,0.0,0.0,0.0
2025-10-24 04:30:00+00:00,41,630,0.0,0.0,0.0,0.0,0.0,0.0,0.0,0.0,0.0,0.0,0.0,0.0,0.0,0.0,0.0,0.0,0.0,0.0,0.0,0.0,0.0
2025-10-24 04:45:00+00:00,42,645,0.0,0.0,0.0,0.0,0.0,0.0,0.0,0.0,0.0,0.0,0.0,0.0,0.0,0.0,0.0,0.0,0.0,0.0,0.0,0.0,0.0
2025-10-24 05:00:00+00:00,43,660,0.0,0.0,0.0,0.0,0.0,0.0,0.0,0.0,0.0,0.0,0.0,0.0,0.0,0.0,0.0,0.0,0.0,0.0,0.0,0.0,0.0
2025-10-24 05:15:00+00:00,44,675,0.0,0.0,0.0,0.0,0.0,0.0,0.0,0.0,0.0,0.0,0.0,0.0,0.0,0.0,0.0,0.0,0.0,0.0,0.0,0.0,0.0
2025-10-24 05:30:00+00:00,45,690,0.0,0.0,0.0,0.0,0.0,0.0,0.0,0.0,0.0,0.0,0.0,0.0,0.0,0.0,0.0,0.0,0.0,0.0,0.0,0.0,0.0
2025-10-24 05:45:00+00:00,46,705,0.0,0.0,0.0,0.0,0.0,0.0,0.0,0.0,0.0,0.0,0.0,0.0,0.0,0.0,0.0,0.0,0.0,0.0,0.0,0.0,0.0
2025-10-24 06:00:00+00:00,47,720,13.534985023132538,15.558265092095649,18.45710469574822,20.803642210960533,22.7111918553706,24.78751427146979,26.41239985553907,29.084223141924955,31.053882205016844,34.9438327314214,38.50801161590546,41.32295382059429,45.716308809921365,54.361723591383395,59.36060795360359,66.80421530447146,72.85273077500997,87.1024464744035,105.81963847945552,229.81578730492285,45.89164798422154
2025-10-24 06:15:00+00:00,48,735,102.38341488786108,120.34981450545743,152.4076471265184,171.5968209873847,188.1187988587567,203.24792616014687,221.29928596392108,242.83398246401586,270.72944826945695,297.94395544821975,320.2825202842084,352.97272383636533,416.70194911947453,457.82561657753126,501.39515995302685,556.5842236135596,625.3791588423688,767.0959752606767,894.201945999754,1887.6536921937338,386.30712512130424
2025-10-24 06:30:00+00:00,49,750,378.61606905109693,445.9571271554491,568.8004310433047,642.5820776840118,701.2061970898982,761.3385007299415,849.231694764191,914.6696270668567,1044.5259245239722,1124.6850658487913,1214.4648855649361,1338.4147763446517,1558.4735266150394,1687.9423095817112,1851.564803542058,2038.8632665339196,2301.142849403733,2797.083667328081,3261.6906674568168,6878.53366287826,1431.4226584964117
2025-10-24 06:45:00+00:00,50,765,597.0029622920812,746.4589354316541,953.4588385181896,1064.4558026197992,1155.6937360363138,1259.066838252759,1380.0103991579235,1567.9339483734686,1770.6067494600788,1907.553305641334,2074.2428999304984,2300.132115787262,2576.9243447331864,2811.559270668928,3085.41386040189,3392.020670500538,3832.4381934941007,4667.322995832963,5440.058334791906,11446.26385235777,2390.0197353173794
2025-10-24 07:00:00+00:00,51,780,811.4479274954845,1092.43731173154,1365.640012014362,1507.4825064188283,1657.9871502395258,1811.4291988641771,2000.2890378971488,2354.0327389868226,2542.8955063875474,2753.469073077402,2988.234811795212,3322.5210801131193,3706.9455524463174,4036.3781011977585,4393.032705216577,4789.681198579633,5437.49187847493,6549.535680463543,7657.437902431959,16108.280959667825,3402.504091962984
2025-10-24 07:15:00+00:00,52,795,926.7125057987189,1521.0540743947633,1815.4663613457194,2014.703592262028,2324.3281620138227,2578.290799905948,2976.552793030393,3176.8149861652846,3405.230759282385,3697.6931825937722,4012.815435028038,4454.968879695274,4847.9130739142365,5216.63420727581,5745.588955257683,6145.604981078415,7089.869659146721,8424.409061340006,9773.471568669216,20902.8921521157,4474.161520967257
2025-10-24 07:30:00+00:00,53,810,1152.936462022836,1793.0739153213437,2149.43154569192,2524.1950814341685,2818.6683713224406,3330.787399070511,3581.4210862260725,3856.6774560711065,4146.081267917243,4455.7011815553815,4835.030248801044,5325.439269347791,5791.259491174143,6190.09962932317,6793.389111235267,7377.724465920619,8707.24792122844,10215.672359481026,11713.007635334603,25438.066932018646,5390.456906980129
2025-10-24 07:45:00+00:00,54,825,1564.331552239795,2247.049718626783,2636.578365695387,3075.5301252585873,3485.2309505568537,4109.035236512075,4427.524272771147,4754.774890810418,5073.503139478885,5472.1435606763425,5999.641554456009,6600.452691137358,7124.440162629152,7651.0813083670355,8400.35829902194,9106.53516659028,10273.519776442497,11892.414809676407,13837.427962753036,29812.513009740218,6542.0188470896965
2025-10-24 08:00:00+00:00,55,840,2160.8071842001987,2752.2927264068167,3189.62088291368,3671.847091747884,4336.202067516583,4762.411170423382,5104.688280452526,5515.571983941657,5842.498697878654,6309.463275788188,6928.83393365938,7534.812031032388,8053.216404603127,8707.233558564256,9503.345752433122,10225.353387830914,11531.09689356867,13356.520544862184,15636.006498030249,33968.15026442854,7503.630902460944
2025-10-24 08:15:00+00:00,56,855,2419.666331487431,2907.745393665778,3414.242613275599,3981.4824108738294,4556.4907214853665,5174.385465344666,5603.502566671,6024.697422510939,6416.953734529305,6938.166119164224,7641.875370272439,8351.67770910385,8903.315931347957,9640.626476255518,10532.775084589715,11344.446327445765,12765.218467498878,14749.66268967553,17323.9549651244,37863.633059171516,8266.823207810698
2025-10-24 08:30:00+00:00,57,870,2594.7930254869984,3168.6866169749,3622.3415027154456,4125.455531075965,4709.216098001796,5444.077000908854,5956.014781536735,6422.321625660083,7015.346297043356,7551.198679188549,8354.993987432816,9167.728669402359,9638.1058028352,10586.305579701877,11636.920677839844,12500.93575024639,14014.01143339496,16132.162296543987,19066.626841396,41495.98375054581,9001.289313697782
2025-10-24 08:45:00+00:00,58,885,2814.004261705759,3402.8541292808013,3927.143042076612,4650.008906703566,5204.406936870746,5972.315653626775,6405.908084330137,6994.990273108047,7487.7170182971595,8051.257834584974,8927.756568931853,9765.555369802158,10357.502121331578,11155.630394183205,12272.08379289939,13140.89441201384,14804.31311476532,17136.44888043585,20410.208421532465,45017.932208722,9624.940927347003
2025-10-24 09:00:00+00:00,59,900,2822.5587323748746,3568.290242949421,4218.621912338922,4876.41463266853,5836.9257405131775,6353.826613980653,6828.410960896543,7400.43640313662,7815.917210299213,8426.04623842919,9252.697761771113,9978.251182840193,10528.880841209168,11333.715590135009,12691.651508622293,13866.494670269514,15432.988159656968,18062.112804583066,21585.918134074393,48048.49944985319,10073.455999753602
2025-10-24 09:15:00+00:00,60,915,3127.131403956918,3906.669585007252,4676.622738308285,5345.381682947936,6281.949046269092,6814.557568792418,7308.905232035563,7887.168070954173,8388.875263255512,9054.038443182442,9866.988903524827,10550.538980984327,11119.563716260474,11924.596576639356,13378.963354756928,14486.461509091914,16133.434216375577,19056.65670549951,22757.40098872173,50712.79230119669,10711.1513130784
2025-10-24 09:30:00+00:00,61,930,3062.893311342113,3947.8326093738024,4801.751922256955,5645.0812253176655,6482.672219226028,6976.709675914553,7639.399554199384,8241.809090582037,8771.982436863038,9472.360429473822,10222.864006143865,10897.07017410083,11547.729603785745,12513.580721239898,13811.384282025463,14944.357718600191,16753.925650552144,19228.07097053008,23497.417025592436,52998.86020536922,11054.970252518642
2025-10-24 09:45:00+00:00,62,945,2726.289652151353,4172.492976201747,5476.983428808831,5996.479713617098,6511.507989264889,6930.3592700203835,7518.723019777189,8006.635271884461,8560.056933110583,9293.45825281856,10078.886296319639,10500.700905657095,11186.952256592052,11865.800610698248,13194.755796757932,14433.386155680673,16474.130593807306,18727.090093454346,23400.07873740958,54897.02178121603,10885.528186043783
2025-10-24 10:00:00+00:00,63,960,2994.52449585131,4530.805905322829,5789.356603666322,6511.974906297014,6900.870629043906,7496.772215395204,8087.235494538491,8709.695429837639,9320.134825530291,9951.997250146582,10625.22590414332,11369.232746136906,11898.194455729998,12999.23835608799,14010.360159882373,15481.434090728268,17734.619812012366,19429.611242263523,23933.560847781293,56399.62519986139,11545.321465122277
2025-10-24 10:15:00+00:00,64,975,4303.214156202897,5442.24611601632,6514.385904268065,7293.175671447339,7705.429662288879,8524.626102227447,9109.815298739764,9892.784349584897,10591.780486422907,11263.327984142925,12097.208208266025,12840.254539237032,13971.962953273427,14657.399314448465,15698.250163553246,17499.06717307403,19559.69408185388,22141.73409064192,28373.465331241863,57500.94297861177,13067.781850724134
2025-10-24 10:30:00+00:00,65,990,5424.079032393725,6258.491334903632,7523.8449691017995,8198.770960034899,8788.130986887461,9667.883191449657,10576.705855267743,11412.990069528556,12044.856233814397,12828.409788132496,13380.262717179641,14159.428147459597,15214.746740640989,16258.404927950989,17523.84559548839,19293.24431084242,20917.561753692942,23057.90206580608,28581.44825720096,58197.13937441248,14301.163083034298
2025-10-24 10:45:00+00:00,66,1005,5264.902618940809,6374.9960452722435,7555.071829858209,8161.620431601893,8657.690135100831,9409.760433966081,9998.711151526519,10858.766465080116,11594.143188010752,12214.699271412685,12992.128442238023,13763.407763634414,14645.061298373732,15433.289916208665,16567.25241433053,18204.50985744147,20487.62907607672,22075.81517076422,27149.507528133996,58486.27475376781,13825.8751361056
2025-10-24 11:00:00+00:00,67,1020,5742.215739241779,6744.734292082261,7683.727469680769,8474.98915825565,8919.011081591785,9580.86695020481,10336.336362637418,11063.616779652635,11767.578223241131,12349.346654135074,13065.175398483078,13824.467176467266,14558.446661975355,15580.279251917043,16839.10810674108,18475.720871759477,20078.18802542124,22346.038359884664,27264.146860661218,58368.326536776236,14001.122544990207
2025-10-24 11:15:00+00:00,68,1035,5075.670395883711,6394.260181430533,7551.759975439754,8107.079438753235,8550.201483786655,9287.04774073901,9800.082135568191,10439.252162959954,11327.689670780443,12011.333950268352,12635.862430940477,13289.810142710607,13990.117416672323,15060.178135784738,16049.12468053029,17775.486300445584,19628.019350108618,21613.41634316693,25522.439808391227,57845.21618963207,13473.54153405503
2025-10-24 11:30:00+00:00,69,1050,4076.2957861638633,5569.947151369535,6716.152817075855,7353.935264194829,7952.91664775636,8474.426048153917,9061.797327188218,9659.13516114905,10361.00151407622,11087.044254273533,11631.480103010601,12427.663596190443,13078.88955447932,13819.765288997507,14765.743837592681,16095.144872864781,17960.48938838585,20136.556696426902,23940.5092308497,56920.83827940851,12437.061656411772
2025-10-24 11:45:00+00:00,70,1065,4872.240843036215,5921.560848629106,6882.346045077689,7559.404876871145,7886.72394912283,8419.576995554773,9057.349485336592,9735.44061787318,10464.116251692907,11119.551383017491,11675.965257789729,12441.222397618847,13075.437583947563,13996.532342619725,14735.467608044577,16042.674004690583,17773.597957029957,20095.34191581078,22823.659501588518,55601.092923864206,12072.932192556958
2025-10-24 12:00:00+00:00,71,1080,4463.202754256533,5459.415803411916,6287.636758723086,6923.719948163456,7395.356490585996,7859.97671798939,8598.341647667874,9193.827273116673,9977.193312855927,10710.09621021993,11401.38867810801,12028.930595538297,12821.018197324684,13887.961261252274,14835.643454993797,16629.386722294163,19064.429773573193,20936.197602134194,26653.506242322128,53893.92832032356,12523.298149061486
2025-10-24 12:15:00+00:00,72,1095,3551.6621227823075,4749.364360135455,5543.569697952575,6028.715343817466,6551.2194149476645,7072.178393827487,7912.624344111504,8535.150714627896,9440.419733593653,10261.51318434118,10907.520679399027,11659.194802240247,12602.379351208343,13357.104712493227,15210.048657180021,17178.39856272001,19466.399935829075,23561.78945731859,28220.956541073632,51809.406047138575,12250.46663752078
2025-10-24 12:30:00+00:00,73,1110,2783.5585759661267,3395.5368095357653,4135.982630230742,4659.530494196058,5197.763377969835,5809.942746521213,6372.974174021937,7416.656597665593,8399.428731650834,9553.245386316032,10527.185878380054,11729.072005042899,13138.5065362783,15188.281139573592,17559.648582047623,19636.054689068304,23449.631930339106,26146.30833075707,30978.6450063581,49359.810616212584,12315.634901793572
2025-10-24 12:45:00+00:00,74,1125,2586.8621679867188,3250.8101583938255,3980.5869021743665,4507.309641917726,5059.775823765499,5574.962677029791,6003.047101080442,6830.75360303874,7771.765287884132,8756.239694590146,9766.767411750458,10908.413213074971,11712.46609722677,13632.822732774373,15547.841580432048,17079.647849548306,19637.272996004147,23865.888398554165,26942.6297528583,46559.83788676767,11149.182730269551
2025-10-24 13:00:00+00:00,75,1140,2672.195284377707,3255.013589661172,3898.7924497706476,4255.073596223443,4636.420096411215,5058.304227656217,5529.867983643313,6062.263964008868,6867.382500827783,7617.586824847372,8725.852820752687,9555.354184702828,10761.550018389695,12018.574347529408,13528.279702109454,15627.596940800875,18207.053835687217,22439.813993845677,27400.132413024905,43426.91778417285,10320.119519973801
2025-10-24 13:15:00+00:00,76,1155,2686.848622435189,3383.254369092767,3872.933667749108,4252.697424828069,4571.676090524375,4957.717675426581,5408.783714867831,5954.301546198841,6838.415172752943,7606.313654461118,8566.875095797679,9698.646789224227,10533.360031167462,11680.450996718817,12798.280602879075,14861.740816442143,17881.58309837525,22041.56078458122,26162.83270454991,39868.22129413547,10042.500567224059
2025-10-24 13:30:00+00:00,77,1170,2544.09428771105,3487.31657942426,3999.9397672433424,4364.205615903333,4747.508080296884,5162.752602882952,5725.756072629052,6579.482050050163,7273.325496310381,8081.028700916347,9066.033297743983,9933.95583849911,10751.704427491612,11505.530391231543,13205.593205852681,14097.959508115544,16488.351026415752,20458.148856320167,24088.58647020245,36159.23787356238,9872.901628027235
2025-10-24 13:45:00+00:00,78,1185,1970.269150700522,2738.1012664109435,3134.209390314472,3483.3431780836395,3774.3597510434474,4139.118717349571,4517.246891937671,5279.027810020333,5869.941153031183,6532.871146811233,7675.776430410901,8487.218146845398,9244.935348933046,9874.544822411091,11517.903316250517,12688.83714325551,15232.626629930275,17826.421015697233,21408.555700070232,32277.533919899524,8455.430550278752
2025-10-24 14:00:00+00:00,79,1200,1402.2578104978204,2076.638003479967,2424.648004763021,2726.282432944041,2954.862605493723,3208.761013705394,3508.9889896878144,3817.2337810656068,4543.26969133892,5049.108344506638,6025.7758874204355,6947.31390568228,7781.144783955415,8566.96370540568,10135.863090210494,12164.936780431832,13957.148329927575,16299.255200396414,19412.13950347362,28189.09757081368,7238.663579102525
2025-10-24 14:15:00+00:00,80,1215,1313.971096060262,1737.1836087168567,2031.156414122101,2234.0990976167877,2462.8083907693917,2645.5732243482994,2936.644498793343,3234.7926260597,3716.570602987714,4198.6521051304635,5098.001934898495,5819.655429292289,6580.5862588143045,7207.791479796275,8475.015028949267,10075.090498952655,11601.124373895813,13643.873839050439,16050.835903744925,23941.088235100135,6051.312588000418
2025-10-24 14:30:00+00:00,81,1230,1001.9462058318294,1381.1587690704184,1618.7140552760407,1787.968866077631,1963.8633113400917,2119.2564184853723,2317.726761757195,2589.195707429784,2954.9260480076905,3299.4824268223424,3859.3869294599394,4434.075648115046,4947.205235634562,5554.057940179443,6375.619610824859,7165.151465835646,9095.458828514058,10875.679578775504,12699.058500997138,19595.47449013829,4715.79203892677
2025-10-24 14:45:00+00:00,82,1245,738.7804301233386,1069.8681366801395,1258.9579859497371,1385.2369741420812,1551.7154194140278,1653.0647372723672,1849.792538501129,2064.4968588124857,2357.0541156928743,2662.5528986893455,3160.3399636948893,3634.976615959136,4005.767022166831,4381.022028312497,5230.847147458776,5883.761347240742,7240.048215208722,8532.721163383616,9990.969629576164,15140.873345573946,3752.5829352111164
2025-10-24 15:00:00+00:00,83,1260,483.8723659360782,731.6227566472112,848.2925254436427,953.3467856932159,1047.9238531559427,1149.851635493228,1261.2520042108076,1412.464512261473,1620.4271823236047,1812.4285491700975,2072.9612397347537,2477.132179534888,2784.0433403040233,3084.223505604096,3670.468431867401,4112.412748994429,5048.576702773242,5783.182883872017,7020.575069030869,10742.41893811277,2595.629469484623
2025-10-24 15:15:00+00:00,84,1275,244.88270630924364,410.6689389154366,515.2996683200361,579.7990111424492,645.4629363511887,707.860193668714,778.9361620779525,862.3158140030241,1003.1755613231148,1115.9391842508794,1297.0803160030016,1496.836345883757,1712.9694661701453,1904.1120604829348,2238.536875248591,2501.11163726066,3120.961496665514,3587.5156835829553,4350.802418492549,6691.941310435227,1594.701317496809
2025-10-24 15:30:00+00:00,85,1290,54.96052572360304,141.8741721960073,182.6120616570204,208.40767895068166,231.57359473806358,252.7349091733225,282.9635654057564,324.6396797147089,369.4573020685113,403.4807704151502,470.2155589795706,553.5113126847918,625.027311793065,686.3266741122774,809.7147293810445,953.257785221182,1115.6597380877802,1305.3409766004477,1570.4909893025547,2355.911739336543,577.6810207997933
2025-10-24 15:45:00+00:00,86,1305,16.63483326390138,26.12896810132383,33.576093127804754,39.173054336992486,43.22951672077252,46.12486500352517,49.925547898483266,54.8105644391151,60.52814970365828,69.0405783287109,76.79583637470472,84.31841309910503,98.79761636005021,106.87718470253166,115.81599282233624,137.74016885533396,162.38854607145956,187.73373032412712,250.82934919835748,378.9715556372846,96.23177881936185
2025-10-24 16:00:00+00:00,87,1320,3.500214418763455e-05,5.210090288622962e-05,6.939192720313492e-05,8.084074484108348e-05,8.965894230726378e-05,9.644901820952686e-05,0.00010460384552760816,0.00011432475662590739,0.00012708447600263078,0.00014543668735563287,0.00016017290895122132,0.00017754162319398172,0.00020395284270832484,0.0002206822336725592,0.00023899558055071117,0.00027885210153464674,0.000330526923519059,0.00038478260178044006,0.0005068552180518263,0.0007793415639654974,0.00019812941480066318
2025-10-24 16:15:00+00:00,88,1335,0.0,0.0,0.0,0.0,0.0,0.0,0.0,0.0,0.0,0.0,0.0,0.0,0.0,0.0,0.0,0.0,0.0,0.0,0.0,0.0,0.0
2025-10-24 16:30:00+00:00,89,1350,0.0,0.0,0.0,0.0,0.0,0.0,0.0,0.0,0.0,0.0,0.0,0.0,0.0,0.0,0.0,0.0,0.0,0.0,0.0,0.0,0.0
2025-10-24 16:45:00+00:00,90,1365,0.0,0.0,0.0,0.0,0.0,0.0,0.0,0.0,0.0,0.0,0.0,0.0,0.0,0.0,0.0,0.0,0.0,0.0,0.0,0.0,0.0
2025-10-24 17:00:00+00:00,91,1380,0.0,0.0,0.0,0.0,0.0,0.0,0.0,0.0,0.0,0.0,0.0,0.0,0.0,0.0,0.0,0.0,0.0,0.0,0.0,0.0,0.0
2025-10-24 17:15:00+00:00,92,1395,0.0,0.0,0.0,0.0,0.0,0.0,0.0,0.0,0.0,0.0,0.0,0.0,0.0,0.0,0.0,0.0,0.0,0.0,0.0,0.0,0.0
2025-10-24 17:30:00+00:00,93,1410,0.0,0.0,0.0,0.0,0.0,0.0,0.0,0.0,0.0,0.0,0.0,0.0,0.0,0.0,0.0,0.0,0.0,0.0,0.0,0.0,0.0
2025-10-24 17:45:00+00:00,94,1425,0.0,0.0,0.0,0.0,0.0,0.0,0.0,0.0,0.0,0.0,0.0,0.0,0.0,0.0,0.0,0.0,0.0,0.0,0.0,0.0,0.0
2025-10-24 18:00:00+00:00,95,1440,0.0,0.0,0.0,0.0,0.0,0.0,0.0,0.0,0.0,0.0,0.0,0.0,0.0,0.0,0.0,0.0,0.0,0.0,0.0,0.0,0.0
2025-10-24 18:15:00+00:00,96,1455,0.0,0.0,0.0,0.0,0.0,0.0,0.0,0.0,0.0,0.0,0.0,0.0,0.0,0.0,0.0,0.0,0.0,0.0,0.0,0.0,0.0
2025-10-24 18:30:00+00:00,97,1470,0.0,0.0,0.0,0.0,0.0,0.0,0.0,0.0,0.0,0.0,0.0,0.0,0.0,0.0,0.0,0.0,0.0,0.0,0.0,0.0,0.0
2025-10-24 18:45:00+00:00,98,1485,0.0,0.0,0.0,0.0,0.0,0.0,0.0,0.0,0.0,0.0,0.0,0.0,0.0,0.0,0.0,0.0,0.0,0.0,0.0,0.0,0.0
2025-10-24 19:00:00+00:00,99,1500,0.0,0.0,0.0,0.0,0.0,0.0,0.0,0.0,0.0,0.0,0.0,0.0,0.0,0.0,0.0,0.0,0.0,0.0,0.0,0.0,0.0
2025-10-24 19:15:00+00:00,100,1515,0.0,0.0,0.0,0.0,0.0,0.0,0.0,0.0,0.0,0.0,0.0,0.0,0.0,0.0,0.0,0.0,0.0,0.0,0.0,0.0,0.0
2025-10-24 19:30:00+00:00,101,1530,0.0,0.0,0.0,0.0,0.0,0.0,0.0,0.0,0.0,0.0,0.0,0.0,0.0,0.0,0.0,0.0,0.0,0.0,0.0,0.0,0.0
2025-10-24 19:45:00+00:00,102,1545,0.0,0.0,0.0,0.0,0.0,0.0,0.0,0.0,0.0,0.0,0.0,0.0,0.0,0.0,0.0,0.0,0.0,0.0,0.0,0.0,0.0
2025-10-24 20:00:00+00:00,103,1560,0.0,0.0,0.0,0.0,0.0,0.0,0.0,0.0,0.0,0.0,0.0,0.0,0.0,0.0,0.0,0.0,0.0,0.0,0.0,0.0,0.0
2025-10-24 20:15:00+00:00,104,1575,0.0,0.0,0.0,0.0,0.0,0.0,0.0,0.0,0.0,0.0,0.0,0.0,0.0,0.0,0.0,0.0,0.0,0.0,0.0,0.0,0.0
2025-10-24 20:30:00+00:00,105,1590,0.0,0.0,0.0,0.0,0.0,0.0,0.0,0.0,0.0,0.0,0.0,0.0,0.0,0.0,0.0,0.0,0.0,0.0,0.0,0.0,0.0
2025-10-24 20:45:00+00:00,106,1605,0.0,0.0,0.0,0.0,0.0,0.0,0.0,0.0,0.0,0.0,0.0,0.0,0.0,0.0,0.0,0.0,0.0,0.0,0.0,0.0,0.0
2025-10-24 21:00:00+00:00,107,1620,0.0,0.0,0.0,0.0,0.0,0.0,0.0,0.0,0.0,0.0,0.0,0.0,0.0,0.0,0.0,0.0,0.0,0.0,0.0,0.0,0.0
2025-10-24 21:15:00+00:00,108,1635,0.0,0.0,0.0,0.0,0.0,0.0,0.0,0.0,0.0,0.0,0.0,0.0,0.0,0.0,0.0,0.0,0.0,0.0,0.0,0.0,0.0
2025-10-24 21:30:00+00:00,109,1650,0.0,0.0,0.0,0.0,0.0,0.0,0.0,0.0,0.0,0.0,0.0,0.0,0.0,0.0,0.0,0.0,0.0,0.0,0.0,0.0,0.0
2025-10-24 21:45:00+00:00,110,1665,0.0,0.0,0.0,0.0,0.0,0.0,0.0,0.0,0.0,0.0,0.0,0.0,0.0,0.0,0.0,0.0,0.0,0.0,0.0,0.0,0.0
2025-10-24 22:00:00+00:00,111,1680,0.0,0.0,0.0,0.0,0.0,0.0,0.0,0.0,0.0,0.0,0.0,0.0,0.0,0.0,0.0,0.0,0.0,0.0,0.0,0.0,0.0
2025-10-24 22:15:00+00:00,112,1695,0.0,0.0,0.0,0.0,0.0,0.0,0.0,0.0,0.0,0.0,0.0,0.0,0.0,0.0,0.0,0.0,0.0,0.0,0.0,0.0,0.0
2025-10-24 22:30:00+00:00,113,1710,0.0,0.0,0.0,0.0,0.0,0.0,0.0,0.0,0.0,0.0,0.0,0.0,0.0,0.0,0.0,0.0,0.0,0.0,0.0,0.0,0.0
2025-10-24 22:45:00+00:00,114,1725,0.0,0.0,0.0,0.0,0.0,0.0,0.0,0.0,0.0,0.0,0.0,0.0,0.0,0.0,0.0,0.0,0.0,0.0,0.0,0.0,0.0
2025-10-24 23:00:00+00:00,115,1740,0.0,0.0,0.0,0.0,0.0,0.0,0.0,0.0,0.0,0.0,0.0,0.0,0.0,0.0,0.0,0.0,0.0,0.0,0.0,0.0,0.0
2025-10-24 23:15:00+00:00,116,1755,0.0,0.0,0.0,0.0,0.0,0.0,0.0,0.0,0.0,0.0,0.0,0.0,0.0,0.0,0.0,0.0,0.0,0.0,0.0,0.0,0.0
2025-10-24 23:30:00+00:00,117,1770,0.0,0.0,0.0,0.0,0.0,0.0,0.0,0.0,0.0,0.0,0.0,0.0,0.0,0.0,0.0,0.0,0.0,0.0,0.0,0.0,0.0
2025-10-24 23:45:00+00:00,118,1785,0.0,0.0,0.0,0.0,0.0,0.0,0.0,0.0,0.0,0.0,0.0,0.0,0.0,0.0,0.0,0.0,0.0,0.0,0.0,0.0,0.0
2025-10-25 00:00:00+00:00,119,1800,0.0,0.0,0.0,0.0,0.0,0.0,0.0,0.0,0.0,0.0,0.0,0.0,0.0,0.0,0.0,0.0,0.0,0.0,0.0,0.0,0.0
2025-10-25 00:15:00+00:00,120,1815,0.0,0.0,0.0,0.0,0.0,0.0,0.0,0.0,0.0,0.0,0.0,0.0,0.0,0.0,0.0,0.0,0.0,0.0,0.0,0.0,0.0
2025-10-25 00:30:00+00:00,121,1830,0.0,0.0,0.0,0.0,0.0,0.0,0.0,0.0,0.0,0.0,0.0,0.0,0.0,0.0,0.0,0.0,0.0,0.0,0.0,0.0,0.0
2025-10-25 00:45:00+00:00,122,1845,0.0,0.0,0.0,0.0,0.0,0.0,0.0,0.0,0.0,0.0,0.0,0.0,0.0,0.0,0.0,0.0,0.0,0.0,0.0,0.0,0.0
2025-10-25 01:00:00+00:00,123,1860,0.0,0.0,0.0,0.0,0.0,0.0,0.0,0.0,0.0,0.0,0.0,0.0,0.0,0.0,0.0,0.0,0.0,0.0,0.0,0.0,0.0
2025-10-25 01:15:00+00:00,124,1875,0.0,0.0,0.0,0.0,0.0,0.0,0.0,0.0,0.0,0.0,0.0,0.0,0.0,0.0,0.0,0.0,0.0,0.0,0.0,0.0,0.0
2025-10-25 01:30:00+00:00,125,1890,0.0,0.0,0.0,0.0,0.0,0.0,0.0,0.0,0.0,0.0,0.0,0.0,0.0,0.0,0.0,0.0,0.0,0.0,0.0,0.0,0.0
2025-10-25 01:45:00+00:00,126,1905,0.0,0.0,0.0,0.0,0.0,0.0,0.0,0.0,0.0,0.0,0.0,0.0,0.0,0.0,0.0,0.0,0.0,0.0,0.0,0.0,0.0
2025-10-25 02:00:00+00:00,127,1920,0.0,0.0,0.0,0.0,0.0,0.0,0.0,0.0,0.0,0.0,0.0,0.0,0.0,0.0,0.0,0.0,0.0,0.0,0.0,0.0,0.0
2025-10-25 02:15:00+00:00,128,1935,0.0,0.0,0.0,0.0,0.0,0.0,0.0,0.0,0.0,0.0,0.0,0.0,0.0,0.0,0.0,0.0,0.0,0.0,0.0,0.0,0.0
2025-10-25 02:30:00+00:00,129,1950,0.0,0.0,0.0,0.0,0.0,0.0,0.0,0.0,0.0,0.0,0.0,0.0,0.0,0.0,0.0,0.0,0.0,0.0,0.0,0.0,0.0
2025-10-25 02:45:00+00:00,130,1965,0.0,0.0,0.0,0.0,0.0,0.0,0.0,0.0,0.0,0.0,0.0,0.0,0.0,0.0,0.0,0.0,0.0,0.0,0.0,0.0,0.0
2025-10-25 03:00:00+00:00,131,1980,0.0,0.0,0.0,0.0,0.0,0.0,0.0,0.0,0.0,0.0,0.0,0.0,0.0,0.0,0.0,0.0,0.0,0.0,0.0,0.0,0.0
2025-10-25 03:15:00+00:00,132,1995,0.0,0.0,0.0,0.0,0.0,0.0,0.0,0.0,0.0,0.0,0.0,0.0,0.0,0.0,0.0,0.0,0.0,0.0,0.0,0.0,0.0
2025-10-25 03:30:00+00:00,133,2010,0.0,0.0,0.0,0.0,0.0,0.0,0.0,0.0,0.0,0.0,0.0,0.0,0.0,0.0,0.0,0.0,0.0,0.0,0.0,0.0,0.0
2025-10-25 03:45:00+00:00,134,2025,0.0,0.0,0.0,0.0,0.0,0.0,0.0,0.0,0.0,0.0,0.0,0.0,0.0,0.0,0.0,0.0,0.0,0.0,0.0,0.0,0.0
2025-10-25 04:00:00+00:00,135,2040,0.0,0.0,0.0,0.0,0.0,0.0,0.0,0.0,0.0,0.0,0.0,0.0,0.0,0.0,0.0,0.0,0.0,0.0,0.0,0.0,0.0
2025-10-25 04:15:00+00:00,136,2055,0.0,0.0,0.0,0.0,0.0,0.0,0.0,0.0,0.0,0.0,0.0,0.0,0.0,0.0,0.0,0.0,0.0,0.0,0.0,0.0,0.0
2025-10-25 04:30:00+00:00,137,2070,0.0,0.0,0.0,0.0,0.0,0.0,0.0,0.0,0.0,0.0,0.0,0.0,0.0,0.0,0.0,0.0,0.0,0.0,0.0,0.0,0.0
2025-10-25 04:45:00+00:00,138,2085,0.0,0.0,0.0,0.0,0.0,0.0,0.0,0.0,0.0,0.0,0.0,0.0,0.0,0.0,0.0,0.0,0.0,0.0,0.0,0.0,0.0
2025-10-25 05:00:00+00:00,139,2100,0.0,0.0,0.0,0.0,0.0,0.0,0.0,0.0,0.0,0.0,0.0,0.0,0.0,0.0,0.0,0.0,0.0,0.0,0.0,0.0,0.0
2025-10-25 05:15:00+00:00,140,2115,0.0,0.0,0.0,0.0,0.0,0.0,0.0,0.0,0.0,0.0,0.0,0.0,0.0,0.0,0.0,0.0,0.0,0.0,0.0,0.0,0.0
2025-10-25 05:30:00+00:00,141,2130,0.0,0.0,0.0,0.0,0.0,0.0,0.0,0.0,0.0,0.0,0.0,0.0,0.0,0.0,0.0,0.0,0.0,0.0,0.0,0.0,0.0
2025-10-25 05:45:00+00:00,142,2145,0.0,0.0,0.0,0.0,0.0,0.0,0.0,0.0,0.0,0.0,0.0,0.0,0.0,0.0,0.0,0.0,0.0,0.0,0.0,0.0,0.0
2025-10-25 06:00:00+00:00,143,2160,10.916475195377023,15.701983655401177,19.1765320346271,21.711221185649396,23.67021804919401,26.019801064452665,28.295856493895936,30.278230747880936,32.27450666848697,34.39438602961394,37.18944738045522,40.29185233828445,43.60236495726276,47.85362749387704,56.56612612001167,61.365596610846325,66.71029817828934,83.95713346870716,92.67805489514765,148.49451481395346,42.15473242191187
2025-10-25 06:15:00+00:00,144,2175,110.08673169128112,158.89727134676056,193.1360328309299,218.2193760056549,233.63904478879988,256.943689621526,277.78097308298896,299.233362955862,323.73520662477046,345.0458984480704,373.46475198235186,409.39783522503257,444.8734329146848,496.1148643351143,578.605205135057,620.6292443540224,720.5556078932364,854.9412123014905,938.9082584706327,1491.681995227748,427.9196401472387
2025-10-25 06:30:00+00:00,145,2190,384.3639976172001,616.4621364651489,711.5671570358252,805.2953747088419,891.2974577019501,1007.7815185977295,1100.8328550221888,1194.9967888571211,1279.4295927089336,1358.821382381883,1468.9331710830877,1594.804134533317,1764.57846351215,1947.0474877883444,2317.578484534441,2498.996504623989,2796.0435135412513,3479.6867767367826,3779.2879795202034,6240.057235488134,1693.0519184766756
2025-10-25 06:45:00+00:00,146,2205,814.0833932796546,1185.8082804066971,1371.6374618694456,1560.3291893704823,1734.9513086648378,1933.4305880614647,2053.520304191824,2223.765185235779,2389.814501676744,2586.341492303891,2826.3689531045975,3131.912170111616,3484.9206320910607,3833.6866918643873,4346.467492426957,4633.409191504602,5240.700067853445,6347.95708424846,6859.959867228244,10928.955892311946,3172.1479331513647
2025-10-25 07:00:00+00:00,147,2220,1277.7020241704693,1803.076871788767,2057.386879437238,2344.9453354106718,2627.805693550437,2839.091510911667,3034.4313886491523,3269.497553765267,3586.082266256188,3820.3289278898656,4315.037881601656,4675.635246763811,5080.133809859687,5645.162981385779,6267.25752228667,6667.768843956939,7394.672072313342,8970.440486985864,10417.174718587496,15518.839755432482,4671.948672309885
2025-10-25 07:15:00+00:00,148,2235,1920.8134875251812,2498.336280815594,2787.3154445455443,3136.2049124785876,3542.2917054675218,3792.3834341266133,4199.928485291405,4537.311199105284,4837.439552014267,5223.369380492986,5705.413712476026,6218.934752932952,6847.840537839565,7688.0391695371645,8320.73847978391,8794.587573962795,9658.575653569189,11949.032014600685,13968.193853010536,20347.433251176495,6322.798762876008
2025-10-25 07:30:00+00:00,149,2250,2718.4071364788133,3133.007453551108,3711.74097509558,4046.517907989161,4450.737655542003,4987.56320108849,5325.6608268474365,5743.1997132263705,6096.810637816009,6787.829259756586,7324.724359919326,7749.898613499798,8439.273524593875,9011.390992330103,10009.720073810462,10610.331430479913,11723.218507399379,14332.545194518005,17498.545086698003,24879.80685664571,7768.221656196068
2025-10-25 07:45:00+00:00,150,2265,3175.2104579144657,3797.3511546245327,4175.411865168061,4625.9913291464645,5081.100608616598,5650.382711777609,6185.572364495857,6636.241170340778,7000.420640668022,7766.5112358178985,8480.957057364132,9094.573218486043,9809.308524703714,10523.357005209316,11702.968045608646,12291.078544711294,13581.686494502912,16358.526979177808,19779.194493986695,29255.198719076612,8957.221504956717
2025-10-25 08:00:00+00:00,151,2280,3459.3698437010753,4152.8922473333505,4628.611321562453,5073.506526847855,5668.08061891427,6346.536901133857,6774.69867887429,7340.887418000719,7938.417456044314,8864.164573322218,9654.317680932318,10390.698008362298,11218.390087304131,12542.625605796175,13338.504800717581,14212.78767423896,15854.668766149229,19283.117157209486,24489.778254244604,33413.208535495614,10319.072007562685
2025-10-25 08:15:00+00:00,152,2295,3781.7711236264645,4647.240154773359,4953.494176212174,5607.13899871604,6166.698366329051,6855.390208750674,7603.338135716756,8094.35398816458,8583.81193085662,9398.010813397575,10399.607226369824,11156.34832042035,12140.729623264831,13958.166906862381,14883.451890542796,15897.374226656122,18192.934975986132,21409.305803031588,25879.494491405352,37311.33636023631,11335.884072953635
2025-10-25 08:30:00+00:00,153,2310,3961.2704752592877,4908.369857517034,5329.708507012313,6066.52899548526,6712.207053151984,7460.153419819116,8140.154246290382,8728.213769289943,9505.39754377735,10547.08996940954,11426.084141057387,12428.127288723066,13460.751220542972,15511.042474254364,16218.560943848075,17453.335582846,20751.289206466063,24289.922887904857,29600.42099967421,40917.86307164797,12677.259699676262
2025-10-25 08:45:00+00:00,154,2325,3915.432787669265,4921.595669569894,5537.308086193245,6196.188804355369,6960.905530882425,7772.61825447563,8393.54406795686,9173.659449805828,10053.90947973603,10963.535156005468,12095.218775881956,13025.74332961015,14256.677147943103,16166.035889680992,17333.06546655478,18382.09122889034,21369.47752808273,25173.197863612073,30288.94646790794,44422.12316814738,13227.538075972725
2025-10-25 09:00:00+00:00,155,2340,3495.2610086469003,4727.324763247193,5453.218268708884,6247.2661067045,7015.559924970701,7656.176420609665,8675.994393877863,9386.88296779729,10207.569866976839,11278.494317476088,12511.629202856451,13458.875499089554,14688.26849800974,16961.057256515986,17968.30485173547,19242.44545371187,22607.395175519137,26208.80770582562,32278.721061846052,47483.04952923658,13673.169706145609
2025-10-25 09:15:00+00:00,156,2355,3053.6766190247276,4117.20807446438,5058.5601354554965,5672.297683624914,6551.94411826123,7153.509343842019,8200.149088046026,9219.93511589233,10001.565531362665,10995.47406368818,12290.851940388084,13388.494191429987,14394.478507576081,15662.07234478798,18016.558872426664,19471.101425306108,22270.527340188066,26511.602961388875,31247.14185213852,50149.7967522327,13377.652110030227
2025-10-25 09:30:00+00:00,157,2370,3029.824158792276,4055.976858940082,4890.358414606694,5561.809587054904,6357.610836249515,7048.5974779395365,7701.093801215591,8943.928567451181,9642.218234602322,10498.187760128125,11662.308361012721,13543.663259283217,14702.898586088988,15840.514506039292,18450.522853176975,20152.021594192254,23657.75814136691,27837.316196416865,32924.13571391728,52437.42334273038,13589.964285677548
2025-10-25 09:45:00+00:00,158,2385,3106.1281198930706,4183.379343699362,5144.768002315522,5919.113230359999,6884.784446388844,7631.113077540641,8397.504696383356,9632.243396144899,10280.10622633485,11230.912573027113,12727.24773531216,14310.386886774135,15453.549547579276,16668.468598843036,19341.98000031799,21166.309331864173,25797.328372797972,29422.86375366024,34073.25652395081,54336.340918339,14378.237583068469
2025-10-25 10:00:00+00:00,159,2400,3222.727423280943,4526.152383250479,5391.416264888899,6233.4081724397265,7209.811691646981,7997.156943664515,8999.27208862063,9974.353688898886,10635.269014100051,11525.86008090995,12500.989548416599,14438.886837100501,15523.577162517511,16736.90146734261,19538.465900625273,21496.131187456896,25811.99427683725,29285.418459409186,34604.092750878954,55838.9964108565,14629.457506146035
2025-10-25 10:15:00+00:00,160,2415,3403.4050533059967,4915.231540246974,5679.636868591607,6466.529353602272,7432.637175931398,8163.461602573584,9121.817227064892,10066.480304528322,10657.284214280511,11604.821595529085,12596.890899487633,14490.523955710287,15485.016492063183,16733.12757639293,18954.44861797399,21166.811538889964,24914.54507480017,29488.254808609196,34072.6454839853,56939.75549974255,14644.896106629858
2025-10-25 10:30:00+00:00,161,2430,3511.540160898948,4810.909366894106,5807.530140286302,6725.5946743626755,7687.257923782495,8526.64297931582,9520.679033776298,10488.301877330727,11109.375212432025,11980.61103403217,12855.337324042053,14697.309786925254,15710.135062798698,16922.292838256893,19060.091513159736,21029.915701215505,24151.07122676945,29668.65239342373,33863.95125537238,57634.86411118943,14615.967910984762
2025-10-25 10:45:00+00:00,162,2445,2919.426834567718,4512.260200098594,5833.899245432554,6574.928163037081,7582.316324270849,8509.756786640477,9758.619387137956,10741.332557470298,11407.439539843474,12274.192119944522,12988.644363834186,14583.556267054159,15757.774898783664,16814.590140869,18458.727394738104,20999.319685163577,22710.646361316154,29031.480170033097,34190.909096104675,57922.449934259275,14480.562211674785
2025-10-25 11:00:00+00:00,163,2460,3490.293101931571,4777.432967682662,5983.866270063566,6955.041241404659,8154.891936265436,8899.53031010553,9984.558085365594,11265.73866906835,12062.108400841875,13103.647770175332,14359.51355134818,15766.628319094001,16628.210793168408,17760.194598586895,20088.906959945023,21748.594090251605,23602.48463094309,28719.695802645132,35289.965556070834,57802.54224950782,15169.83404635629
2025-10-25 11:15:00+00:00,164,2475,3652.8715914473746,5035.927001003838,5813.911966411456,6727.531622458133,7481.8031069419385,8382.264255082324,9433.369411101288,10486.766858744308,11523.494409095358,12176.34416789433,12804.329590816456,13523.187780779055,14605.141937673381,16064.53217297084,17261.77539328455,19156.85931668044,21766.02458407463,24078.129271758724,32113.752879342213,57277.09889361265,13846.961530033672
2025-10-25 11:30:00+00:00,165,2490,3625.3008156558794,4730.460974144753,5695.959509525994,6541.35507885083,7363.001362015395,8239.689794941707,9172.892804736537,10495.665176257367,11710.060096823916,12205.209081363364,12899.648645560515,13708.13398438955,14850.526484707372,16499.02867017061,17536.06449865225,19224.999223595893,21797.096009830006,24398.90609872053,32198.69011163309,56350.036114645845,13882.188655919106
2025-10-25 11:45:00+00:00,166,2505,3583.6986252520283,4888.015342814043,5527.266228635682,6393.9944472423085,7282.05473078917,8029.331667063696,8776.182036514243,9522.132852570921,10953.935992854269,12164.198899648916,12764.768106897016,13452.726449356001,14625.162671452055,15999.665977778503,17174.70759613071,18597.297444698368,21606.188589514302,24226.72505866579,31359.971821754276,55027.2626866817,13577.896425386252
2025-10-25 12:00:00+00:00,167,2520,3660.277600100676,4807.774596410972,5604.250896769961,6426.713030245958,7093.254828628934,7797.4529203729835,8315.60700301331,8970.708030029025,10663.400590965284,11820.410448980707,12423.459557847,13020.617022469476,14111.608089051604,15315.399892570102,16599.08116922687,17938.625122300484,20513.33404895148,23348.815984735786,29488.62612148455,53316.725287639514,13068.524149602925
2025-10-25 12:15:00+00:00,168,2535,3199.2164250006176,4267.361579907526,5232.007152817938,6084.095467626449,6914.026150868833,7578.841295513743,8061.676381099044,8647.592390243206,9651.396752226405,10876.090230572605,11543.779277851361,12188.467206994128,13034.570770306742,14069.426976149076,15208.71118003594,16686.654168960922,19260.454535580473,21961.82126229637,27219.911478883034,51228.478522102574,12380.590322469523
2025-10-25 12:30:00+00:00,169,2550,2782.431411920841,3636.981129375519,4559.983107380543,5465.1016364232155,6533.409707176231,6998.183681327357,7503.479259159086,8027.228771163619,8554.597584250716,9714.535733077448,10574.664836618034,11183.229508801078,11746.287324424988,12423.366384658377,13416.337169362387,14636.172346570402,16047.065028224073,19042.639960250428,25311.670412945605,48774.80232748821,10798.120444481609
2025-10-25 12:45:00+00:00,170,2565,2484.1045272489705,3480.281927007141,4240.994609787975,4920.761050719935,5943.868569754097,6450.892464947143,6828.382562479577,7334.313623795508,7862.5816283165395,8809.254056509924,9621.121798046697,10233.104684817994,10734.517680061204,11392.672830039091,12231.577995464399,13167.224020596102,14479.187905136114,17108.313265708388,21710.773888830205,45970.40358654947,9788.324326981516
2025-10-25 13:00:00+00:00,171,2580,1997.9317643785644,2723.531982971782,3460.9138153166414,4013.9442194832072,5095.189160495529,5542.1586020923605,5898.449385310139,6341.069335778079,6817.762218448299,7561.022640026354,8246.79628553123,8910.32633023449,9335.21691048939,9856.079587061256,10580.090976366597,11456.301327648787,12854.832497241976,14770.934891463527,18161.579186089355,42832.76129836515,8440.162981664129
2025-10-25 13:15:00+00:00,172,2595,1622.1614053640226,2251.9915414044426,2915.276996176916,3470.915642264236,4258.565680612765,4767.9281837747185,5184.637864428782,5532.949854260123,5991.291923423732,6652.546105358535,7325.552213940961,7864.396616977318,8372.400811452699,8956.827383533984,9763.202923977162,10717.717399159956,11809.484667396164,13618.107375693722,17715.479897949484,39233.12988677805,7657.40253527381
2025-10-25 13:30:00+00:00,173,2610,1510.2537232731768,2057.0615235140617,2634.760457628739,3028.788322958099,3721.149199146518,4323.127600512227,4693.364270434613,4960.588004635583,5358.227546227281,5782.729008037657,6425.6326825922715,7019.491238838265,7539.69477889508,8080.770156577036,8782.18912625618,9521.693128560451,10649.690384310552,12430.836759771912,16123.775290554391,35579.507202566274,6889.332372006357
2025-10-25 13:45:00+00:00,174,2625,1569.5452694705168,2004.8357138960193,2454.801009785111,2863.943291209719,3304.5031750878834,3924.0804470294993,4268.3902705117425,4537.273580705723,4844.105353280698,5237.955677278767,5746.9565246689735,6265.992546720391,6757.414414169304,7243.814661220571,7944.4450890290655,8613.672778762777,9742.659936873264,11377.406970525859,15246.074173676781,31696.09267299533,6471.320802903624
2025-10-25 14:00:00+00:00,175,2640,1517.1562626047732,1877.0147688500613,2215.3506551147066,2555.0288066657613,2878.9043746126586,3252.284434681771,3779.278179537299,4053.378585683206,4279.970003711596,4537.927917261484,5014.205180084752,5510.614710462484,6041.9198759253495,6489.314022299718,7152.111792703221,7800.048559531969,8895.935636965527,10231.84599062942,13498.659123121795,27607.295417040168,5766.6896797696045
2025-10-25 14:15:00+00:00,176,2655,1350.3546510502354,1646.8114189764494,1911.628252010894,2194.100674619874,2412.882791150281,2673.4595991223828,3055.4886707319706,3364.6947851051136,3605.259681235425,3828.7466974974604,4122.668068652118,4538.844365237965,5053.023542739563,5499.874001658247,6085.625091917235,6596.912048746306,7517.989539599379,8601.37381698948,11104.974542204054,23361.465790267295,4847.442712321144
2025-10-25 14:30:00+00:00,177,2670,1075.3408705071795,1329.1509893756913,1567.149776088725,1769.889614315104,1937.1090146026693,2107.561445783671,2356.8110759699575,2638.327049544016,2874.222369155012,3051.32019043075,3233.1597658751243,3467.5960220195743,3942.005603070171,4276.094938036625,4873.118284803827,5349.046153120667,6165.20301350483,7094.346140671204,9021.257223228555,19022.72612373894,3887.35753350627
2025-10-25 14:45:00+00:00,178,2685,848.7883217623855,1082.9704227035631,1261.4777004064258,1424.7283469051529,1544.371784182407,1694.6786102473889,1851.0749906574126,2095.536162839409,2270.3401472238156,2402.804871967362,2546.774445442403,2723.257355162992,3135.8791161230683,3389.344053283851,3799.6850034306785,4162.690136274706,4830.467173076856,5534.727784636856,6979.480682564053,14546.021968594523,3052.821660792437
2025-10-25 15:00:00+00:00,179,2700,595.3279634581753,776.5981004452174,905.5179433981349,1018.1005650760037,1136.6085019114682,1224.249841397557,1349.0445115784905,1514.198648997072,1603.4853940117644,1690.7460278032722,1787.10325730294,1907.821851049607,2086.469732292808,2371.4380906322044,2610.046668882383,2937.992854080717,3296.652262446054,3778.150862932223,4910.523433514568,10218.021006191353,2140.2911646537273
2025-10-25 15:15:00+00:00,180,2715,363.58763557906553,485.5222833247576,558.1094872908866,632.9554531690821,698.1777105889336,760.5143424737694,850.9827358852326,932.2348947601439,980.4405033845624,1031.8989793871735,1089.2209517654599,1166.6900281517414,1291.8720305392153,1434.5358865656617,1589.5699333707119,1792.1770442835732,2004.827381877004,2284.725111116873,2856.9447568791684,6131.49459246677,1299.0796032088167
2025-10-25 15:30:00+00:00,181,2730,122.74461960054545,156.66282667745764,184.69688245150599,209.2950779740143,224.73604672795878,246.9084748562542,274.0669380592869,297.45471662143046,314.55051828428594,330.4043953118121,348.843196469151,377.8698581824915,418.7528228259986,454.13463029585625,502.6508882491222,567.1122426300961,630.1079601527186,716.2357360189154,870.2605071733581,1896.615348724802,411.8617267246828
2025-10-25 15:45:00+00:00,182,2745,11.696574564171964,16.04123573877399,20.2726454011203,23.835767970478795,27.253374463615728,30.92567598847657,33.36387181249069,35.33855073236256,37.438863637726456,39.789480281499685,43.00893892166601,48.28921145152113,52.196144046881756,57.79363220770813,64.6004074502629,71.44623468386486,78.66819316613368,90.47487191784678,106.10747635511392,254.60545023949695,53.36126489756333
2025-10-25 16:00:00+00:00,183,2760,0.0,0.0,0.0,0.0,0.0,0.0,0.0,0.0,0.0,0.0,0.0,0.0,0.0,0.0,0.0,0.0,0.0,0.0,0.0,0.0,0.0
2025-10-25 16:15:00+00:00,184,2775,0.0,0.0,0.0,0.0,0.0,0.0,0.0,0.0,0.0,0.0,0.0,0.0,0.0,0.0,0.0,0.0,0.0,0.0,0.0,0.0,0.0
2025-10-25 16:30:00+00:00,185,2790,0.0,0.0,0.0,0.0,0.0,0.0,0.0,0.0,0.0,0.0,0.0,0.0,0.0,0.0,0.0,0.0,0.0,0.0,0.0,0.0,0.0
2025-10-25 16:45:00+00:00,186,2805,0.0,0.0,0.0,0.0,0.0,0.0,0.0,0.0,0.0,0.0,0.0,0.0,0.0,0.0,0.0,0.0,0.0,0.0,0.0,0.0,0.0
2025-10-25 17:00:00+00:00,187,2820,0.0,0.0,0.0,0.0,0.0,0.0,0.0,0.0,0.0,0.0,0.0,0.0,0.0,0.0,0.0,0.0,0.0,0.0,0.0,0.0,0.0
2025-10-25 17:15:00+00:00,188,2835,0.0,0.0,0.0,0.0,0.0,0.0,0.0,0.0,0.0,0.0,0.0,0.0,0.0,0.0,0.0,0.0,0.0,0.0,0.0,0.0,0.0
2025-10-25 17:30:00+00:00,189,2850,0.0,0.0,0.0,0.0,0.0,0.0,0.0,0.0,0.0,0.0,0.0,0.0,0.0,0.0,0.0,0.0,0.0,0.0,0.0,0.0,0.0
2025-10-25 17:45:00+00:00,190,2865,0.0,0.0,0.0,0.0,0.0,0.0,0.0,0.0,0.0,0.0,0.0,0.0,0.0,0.0,0.0,0.0,0.0,0.0,0.0,0.0,0.0
2025-10-25 18:00:00+00:00,191,2880,0.0,0.0,0.0,0.0,0.0,0.0,0.0,0.0,0.0,0.0,0.0,0.0,0.0,0.0,0.0,0.0,0.0,0.0,0.0,0.0,0.0
2025-10-25 18:15:00+00:00,192,2895,0.0,0.0,0.0,0.0,0.0,0.0,0.0,0.0,0.0,0.0,0.0,0.0,0.0,0.0,0.0,0.0,0.0,0.0,0.0,0.0,0.0
2025-10-25 18:30:00+00:00,193,2910,0.0,0.0,0.0,0.0,0.0,0.0,0.0,0.0,0.0,0.0,0.0,0.0,0.0,0.0,0.0,0.0,0.0,0.0,0.0,0.0,0.0
2025-10-25 18:45:00+00:00,194,2925,0.0,0.0,0.0,0.0,0.0,0.0,0.0,0.0,0.0,0.0,0.0,0.0,0.0,0.0,0.0,0.0,0.0,0.0,0.0,0.0,0.0
2025-10-25 19:00:00+00:00,195,2940,0.0,0.0,0.0,0.0,0.0,0.0,0.0,0.0,0.0,0.0,0.0,0.0,0.0,0.0,0.0,0.0,0.0,0.0,0.0,0.0,0.0
2025-10-25 19:15:00+00:00,196,2955,0.0,0.0,0.0,0.0,0.0,0.0,0.0,0.0,0.0,0.0,0.0,0.0,0.0,0.0,0.0,0.0,0.0,0.0,0.0,0.0,0.0
2025-10-25 19:30:00+00:00,197,2970,0.0,0.0,0.0,0.0,0.0,0.0,0.0,0.0,0.0,0.0,0.0,0.0,0.0,0.0,0.0,0.0,0.0,0.0,0.0,0.0,0.0
2025-10-25 19:45:00+00:00,198,2985,0.0,0.0,0.0,0.0,0.0,0.0,0.0,0.0,0.0,0.0,0.0,0.0,0.0,0.0,0.0,0.0,0.0,0.0,0.0,0.0,0.0
2025-10-25 20:00:00+00:00,199,3000,0.0,0.0,0.0,0.0,0.0,0.0,0.0,0.0,0.0,0.0,0.0,0.0,0.0,0.0,0.0,0.0,0.0,0.0,0.0,0.0,0.0
2025-10-25 20:15:00+00:00,200,3015,0.0,0.0,0.0,0.0,0.0,0.0,0.0,0.0,0.0,0.0,0.0,0.0,0.0,0.0,0.0,0.0,0.0,0.0,0.0,0.0,0.0
2025-10-25 20:30:00+00:00,201,3030,0.0,0.0,0.0,0.0,0.0,0.0,0.0,0.0,0.0,0.0,0.0,0.0,0.0,0.0,0.0,0.0,0.0,0.0,0.0,0.0,0.0
2025-10-25 20:45:00+00:00,202,3045,0.0,0.0,0.0,0.0,0.0,0.0,0.0,0.0,0.0,0.0,0.0,0.0,0.0,0.0,0.0,0.0,0.0,0.0,0.0,0.0,0.0
2025-10-25 21:00:00+00:00,203,3060,0.0,0.0,0.0,0.0,0.0,0.0,0.0,0.0,0.0,0.0,0.0,0.0,0.0,0.0,0.0,0.0,0.0,0.0,0.0,0.0,0.0
2025-10-25 21:15:00+00:00,204,3075,0.0,0.0,0.0,0.0,0.0,0.0,0.0,0.0,0.0,0.0,0.0,0.0,0.0,0.0,0.0,0.0,0.0,0.0,0.0,0.0,0.0
2025-10-25 21:30:00+00:00,205,3090,0.0,0.0,0.0,0.0,0.0,0.0,0.0,0.0,0.0,0.0,0.0,0.0,0.0,0.0,0.0,0.0,0.0,0.0,0.0,0.0,0.0
2025-10-25 21:45:00+00:00,206,3105,0.0,0.0,0.0,0.0,0.0,0.0,0.0,0.0,0.0,0.0,0.0,0.0,0.0,0.0,0.0,0.0,0.0,0.0,0.0,0.0,0.0
2025-10-25 22:00:00+00:00,207,3120,0.0,0.0,0.0,0.0,0.0,0.0,0.0,0.0,0.0,0.0,0.0,0.0,0.0,0.0,0.0,0.0,0.0,0.0,0.0,0.0,0.0
2025-10-25 22:15:00+00:00,208,3135,0.0,0.0,0.0,0.0,0.0,0.0,0.0,0.0,0.0,0.0,0.0,0.0,0.0,0.0,0.0,0.0,0.0,0.0,0.0,0.0,0.0
2025-10-25 22:30:00+00:00,209,3150,0.0,0.0,0.0,0.0,0.0,0.0,0.0,0.0,0.0,0.0,0.0,0.0,0.0,0.0,0.0,0.0,0.0,0.0,0.0,0.0,0.0
2025-10-25 22:45:00+00:00,210,3165,0.0,0.0,0.0,0.0,0.0,0.0,0.0,0.0,0.0,0.0,0.0,0.0,0.0,0.0,0.0,0.0,0.0,0.0,0.0,0.0,0.0
2025-10-25 23:00:00+00:00,211,3180,0.0,0.0,0.0,0.0,0.0,0.0,0.0,0.0,0.0,0.0,0.0,0.0,0.0,0.0,0.0,0.0,0.0,0.0,0.0,0.0,0.0
2025-10-25 23:15:00+00:00,212,3195,0.0,0.0,0.0,0.0,0.0,0.0,0.0,0.0,0.0,0.0,0.0,0.0,0.0,0.0,0.0,0.0,0.0,0.0,0.0,0.0,0.0
2025-10-25 23:30:00+00:00,213,3210,0.0,0.0,0.0,0.0,0.0,0.0,0.0,0.0,0.0,0.0,0.0,0.0,0.0,0.0,0.0,0.0,0.0,0.0,0.0,0.0,0.0
2025-10-25 23:45:00+00:00,214,3225,0.0,0.0,0.0,0.0,0.0,0.0,0.0,0.0,0.0,0.0,0.0,0.0,0.0,0.0,0.0,0.0,0.0,0.0,0.0,0.0,0.0
2025-10-26 00:00:00+00:00,215,3240,0.0,0.0,0.0,0.0,0.0,0.0,0.0,0.0,0.0,0.0,0.0,0.0,0.0,0.0,0.0,0.0,0.0,0.0,0.0,0.0,0.0
2025-10-26 00:15:00+00:00,216,3255,0.0,0.0,0.0,0.0,0.0,0.0,0.0,0.0,0.0,0.0,0.0,0.0,0.0,0.0,0.0,0.0,0.0,0.0,0.0,0.0,0.0
2025-10-26 00:30:00+00:00,217,3270,0.0,0.0,0.0,0.0,0.0,0.0,0.0,0.0,0.0,0.0,0.0,0.0,0.0,0.0,0.0,0.0,0.0,0.0,0.0,0.0,0.0
2025-10-26 00:45:00+00:00,218,3285,0.0,0.0,0.0,0.0,0.0,0.0,0.0,0.0,0.0,0.0,0.0,0.0,0.0,0.0,0.0,0.0,0.0,0.0,0.0,0.0,0.0
2025-10-26 01:00:00+00:00,219,3300,0.0,0.0,0.0,0.0,0.0,0.0,0.0,0.0,0.0,0.0,0.0,0.0,0.0,0.0,0.0,0.0,0.0,0.0,0.0,0.0,0.0
2025-10-26 01:15:00+00:00,220,3315,0.0,0.0,0.0,0.0,0.0,0.0,0.0,0.0,0.0,0.0,0.0,0.0,0.0,0.0,0.0,0.0,0.0,0.0,0.0,0.0,0.0
2025-10-26 01:30:00+00:00,221,3330,0.0,0.0,0.0,0.0,0.0,0.0,0.0,0.0,0.0,0.0,0.0,0.0,0.0,0.0,0.0,0.0,0.0,0.0,0.0,0.0,0.0
2025-10-26 01:45:00+00:00,222,3345,0.0,0.0,0.0,0.0,0.0,0.0,0.0,0.0,0.0,0.0,0.0,0.0,0.0,0.0,0.0,0.0,0.0,0.0,0.0,0.0,0.0
2025-10-26 02:00:00+00:00,223,3360,0.0,0.0,0.0,0.0,0.0,0.0,0.0,0.0,0.0,0.0,0.0,0.0,0.0,0.0,0.0,0.0,0.0,0.0,0.0,0.0,0.0
2025-10-26 02:15:00+00:00,224,3375,0.0,0.0,0.0,0.0,0.0,0.0,0.0,0.0,0.0,0.0,0.0,0.0,0.0,0.0,0.0,0.0,0.0,0.0,0.0,0.0,0.0
2025-10-26 02:30:00+00:00,225,3390,0.0,0.0,0.0,0.0,0.0,0.0,0.0,0.0,0.0,0.0,0.0,0.0,0.0,0.0,0.0,0.0,0.0,0.0,0.0,0.0,0.0
2025-10-26 02:45:00+00:00,226,3405,0.0,0.0,0.0,0.0,0.0,0.0,0.0,0.0,0.0,0.0,0.0,0.0,0.0,0.0,0.0,0.0,0.0,0.0,0.0,0.0,0.0
2025-10-26 03:00:00+00:00,227,3420,0.0,0.0,0.0,0.0,0.0,0.0,0.0,0.0,0.0,0.0,0.0,0.0,0.0,0.0,0.0,0.0,0.0,0.0,0.0,0.0,0.0
2025-10-26 03:15:00+00:00,228,3435,0.0,0.0,0.0,0.0,0.0,0.0,0.0,0.0,0.0,0.0,0.0,0.0,0.0,0.0,0.0,0.0,0.0,0.0,0.0,0.0,0.0
2025-10-26 03:30:00+00:00,229,3450,0.0,0.0,0.0,0.0,0.0,0.0,0.0,0.0,0.0,0.0,0.0,0.0,0.0,0.0,0.0,0.0,0.0,0.0,0.0,0.0,0.0
2025-10-26 03:45:00+00:00,230,3465,0.0,0.0,0.0,0.0,0.0,0.0,0.0,0.0,0.0,0.0,0.0,0.0,0.0,0.0,0.0,0.0,0.0,0.0,0.0,0.0,0.0
2025-10-26 04:00:00+00:00,231,3480,0.0,0.0,0.0,0.0,0.0,0.0,0.0,0.0,0.0,0.0,0.0,0.0,0.0,0.0,0.0,0.0,0.0,0.0,0.0,0.0,0.0
2025-10-26 04:15:00+00:00,232,3495,0.0,0.0,0.0,0.0,0.0,0.0,0.0,0.0,0.0,0.0,0.0,0.0,0.0,0.0,0.0,0.0,0.0,0.0,0.0,0.0,0.0
2025-10-26 04:30:00+00:00,233,3510,0.0,0.0,0.0,0.0,0.0,0.0,0.0,0.0,0.0,0.0,0.0,0.0,0.0,0.0,0.0,0.0,0.0,0.0,0.0,0.0,0.0
2025-10-26 04:45:00+00:00,234,3525,0.0,0.0,0.0,0.0,0.0,0.0,0.0,0.0,0.0,0.0,0.0,0.0,0.0,0.0,0.0,0.0,0.0,0.0,0.0,0.0,0.0
2025-10-26 05:00:00+00:00,235,3540,0.0,0.0,0.0,0.0,0.0,0.0,0.0,0.0,0.0,0.0,0.0,0.0,0.0,0.0,0.0,0.0,0.0,0.0,0.0,0.0,0.0
2025-10-26 05:15:00+00:00,236,3555,0.0,0.0,0.0,0.0,0.0,0.0,0.0,0.0,0.0,0.0,0.0,0.0,0.0,0.0,0.0,0.0,0.0,0.0,0.0,0.0,0.0
2025-10-26 05:30:00+00:00,237,3570,0.0,0.0,0.0,0.0,0.0,0.0,0.0,0.0,0.0,0.0,0.0,0.0,0.0,0.0,0.0,0.0,0.0,0.0,0.0,0.0,0.0
2025-10-26 05:45:00+00:00,238,3585,0.0,0.0,0.0,0.0,0.0,0.0,0.0,0.0,0.0,0.0,0.0,0.0,0.0,0.0,0.0,0.0,0.0,0.0,0.0,0.0,0.0
2025-10-26 06:00:00+00:00,239,3600,5.450451846018694,6.9209560733911015,8.493098363611999,9.748610586177453,10.876512044447704,12.050648808782105,12.84871491704806,13.660057684231475,14.815689636194726,16.09220934376308,17.58842395606866,18.68591925201517,20.292475198924603,22.341703245151685,24.84360909234779,27.0241564373688,30.709766739209734,36.48818677240933,43.89559153287014,87.262977237428,19.78983036369805
2025-10-26 06:15:00+00:00,240,3615,82.12236866669059,96.88248315175096,123.81510971437824,148.67259686134068,168.1674620713476,181.95448631774937,195.45331218741686,211.90824685730726,227.015960896103,245.79414450858187,262.57112735334294,281.81293040139144,306.12077538212,343.7328023034682,378.522614678705,442.00479711983496,500.57654565002986,599.7098225582042,705.650264692443,1209.2011951813085,305.01951317810807
2025-10-26 06:30:00+00:00,241,3630,352.00259151892544,410.9605963411585,520.0027814004335,649.5870949818617,719.6643996975487,776.9331567202041,836.1009731076571,939.885028448428,1011.2167322948337,1116.744986513588,1215.5834231901888,1340.3009853332674,1502.1391210998709,1647.7150546150187,1932.496271650891,2220.3351750251227,2565.3639697971516,3078.8922424361413,3303.022267862535,5521.882114207315,1443.0032923355063
2025-10-26 06:45:00+00:00,242,3645,542.5312283787779,654.143837077315,958.0407805316454,1157.0887787875336,1273.3459970361341,1376.6257988007294,1623.5948114243256,1762.6231395176233,2013.048700409312,2278.7347935717476,2541.3328920334925,2841.450314332047,3034.7021371702162,3532.305538584483,3952.566622789912,4555.239768685007,5281.531330948807,5833.3779900795425,6350.350750698538,10411.480484650998,2827.5701682099757
2025-10-26 07:00:00+00:00,243,3660,719.0557614997246,917.7720109453714,1407.4722887652078,1694.4205129993697,1892.0782920616896,2264.42568124769,2515.9300855080182,3006.7639163111003,3379.1368281105406,3772.5300582919585,4155.685933673957,4605.3957444215675,5102.5441437341715,5704.954315955741,6418.192325697533,7195.018804992578,8057.0308240251115,8464.219298269578,9640.008845251481,14928.25071703429,4396.064327863891
2025-10-26 07:15:00+00:00,244,3675,887.4488669390063,1200.5738438947508,2117.510405173657,2559.2316035017243,3077.264623498937,3796.3407230925877,4286.240078864357,4743.408471582777,5272.189134993046,5692.774781927414,6430.258214951524,7169.515297769478,7735.077298855513,8588.301752297106,9526.025345555605,10564.854426465929,11024.52183292976,11631.470331258699,13876.13853094807,19788.863066864084,6458.1667203046045
2025-10-26 07:30:00+00:00,245,3690,1124.7150769150405,2196.3528506859575,3227.661465940612,3753.9305407885986,4786.729891518922,5476.016011917344,6180.358399767088,6753.325018397169,7403.710727993861,8176.742380382884,8954.697089332301,9682.984397821836,10638.977997931052,11712.178203376952,12915.879744687452,13381.38291511028,13950.606161523092,15434.571972061389,18193.332735141492,24317.656837142546,8740.5157938696
2025-10-26 07:45:00+00:00,246,3705,1266.787124225093,2285.723765371116,3262.1583105057666,4109.587098898801,4631.507007421908,5853.984767021924,6688.870120317769,7622.74384243794,8455.515340435411,9365.56550880672,10371.562742322958,11150.050773878722,12387.996493903789,13768.734855613036,15139.691020422139,15720.086208736846,16440.285566477804,18298.813691542782,21440.63673477312,28693.71529492613,10049.80042610567
2025-10-26 08:00:00+00:00,247,3720,1244.3592123599942,2389.1217080856695,3468.3079447932955,4422.363379144772,4977.895783892515,6348.057341359596,7362.046835985136,8465.129038129053,9262.621425088242,10386.31281805815,11603.171686911392,12403.082166936305,13682.015264518583,15090.247630971988,17094.53929069051,17780.70410394063,18656.547569285714,20749.318183738473,24319.99881925253,32854.083511980214,11222.543501661583
2025-10-26 08:15:00+00:00,248,3735,1289.9120231871743,2699.8769389652753,3832.880054722511,4946.925027886772,5841.517606218453,7299.728585537122,8259.972517776097,9302.712213739722,10305.368150041195,11425.969989479592,12695.781270800506,13475.617318882661,15103.031149518867,16665.626985269006,18994.911765068187,19754.333911143138,21018.10343140424,23415.64831202226,28351.424074988285,36754.98674842781,12540.890409638834
2025-10-26 08:30:00+00:00,249,3750,1394.3502393906037,3046.4126894350165,4096.714017023535,5245.5616247947955,5910.8529472343835,7512.3684930079535,8672.326113538691,9780.783557346143,10651.675168808584,11670.700042274568,12850.82191302823,14230.327329354066,15386.255803832488,17091.314420041705,19364.02187151966,21322.281770909205,22790.555754143898,25647.78655753569,31182.400205002283,40364.08633741731,13313.953562729941
2025-10-26 08:45:00+00:00,250,3765,1457.7127198071212,3263.203037025709,4420.240028972014,5676.908592994193,6279.469039972822,7841.1166465623955,8995.502100109705,9998.491640586504,10960.797945010097,11885.485773557824,13065.446251486102,14558.022880435028,15798.328229525543,17691.54209590892,19670.865878868408,22567.847951346637,24054.82598313277,27201.136368238072,33635.95277408661,43812.8147638617,13949.985031410146
2025-10-26 09:00:00+00:00,251,3780,1479.6348887126844,3130.5443420820634,4587.927399636968,5341.374855322749,6410.295290947839,7959.828384012648,9205.03209698139,10279.022180816772,11318.977246394612,12320.260179803858,13822.96863396644,15349.684641026313,16838.945075386797,18545.996123718807,20948.262506627307,23947.758100233674,25958.44759987029,29491.615475398423,37256.07699122268,46913.574000811255,14777.084936616444
2025-10-26 09:15:00+00:00,252,3795,1897.8683707246687,3421.0738707658297,4861.912373710739,5479.833815958341,6711.098807444859,7383.979741999042,9301.872252568464,10514.35924758059,11206.217938676136,12453.641627844583,13735.849970507737,15944.371949898152,17638.599870023783,19088.052358895082,21276.80443913184,23925.058991159705,26422.826465810027,29290.628842554357,38370.915664607564,49583.12403766536,15084.89746286383
2025-10-26 09:30:00+00:00,253,3810,2184.5572073117705,3340.0731889261915,5107.459972955662,5662.000868594639,6412.331172560136,7481.158823221748,8201.051029375256,10257.643182741336,11417.187453942393,12265.642105719995,13438.98495573888,15139.662652214434,17112.485200166208,18970.033009718114,20810.621999826726,23723.71961765376,27400.102273679833,29458.685592717276,36600.32246540299,51872.66572389691,14906.489635235264
2025-10-26 09:45:00+00:00,254,3825,2287.8494727467705,3275.140277319978,4658.820128611596,5755.508856689608,6280.636109230245,7339.581530806471,8059.62594417053,9572.507103577092,10822.297893446936,12058.590679786272,13069.253687735609,14428.295692166284,16198.400655403228,18491.625464080495,20203.927744485612,23067.514458732658,26646.288672729286,29006.583564576733,33631.2156022052,53772.698080979964,14446.721531825744
2025-10-26 10:00:00+00:00,255,3840,2690.146939579656,4055.638284253562,4998.187085383705,6078.819302956647,6593.880708438286,7454.83056294919,8236.501290938431,8965.836295559926,10700.732803731633,11877.081922050149,12920.447254410316,14134.342868921027,15733.345338628385,18044.290640253952,20344.101082220564,22637.661570096847,25928.48450273924,29984.71533067498,33788.19594177084,55275.763495189625,14508.31086370963
2025-10-26 10:15:00+00:00,256,3855,2739.530606533081,3853.9903392556685,4884.15921250135,5707.858553138986,6352.7371170393235,7079.459330935457,8037.997421158031,8673.739343469686,10234.89087887284,11449.223763110951,12676.162630498431,13641.583127877057,15179.485920985984,16884.03941315175,19421.266205988482,21571.800727776186,25404.000074050105,30244.138580578478,33895.040369530914,56376.31865431112,14185.957260283174
2025-10-26 10:30:00+00:00,257,3870,2587.882878733382,3769.5004213732072,4683.3884049435665,5509.508015536245,6155.113193445516,6677.523844002073,7793.153625354223,8452.622710666279,9372.085557375467,11045.621621232971,12255.796629949762,13273.704524085973,14810.265385590954,16650.344709508183,18549.19495485446,21200.556686917545,25566.789927042406,30517.410363431733,34280.21775858898,57070.689522100954,13944.253036650516
2025-10-26 10:45:00+00:00,258,3885,2506.284147294709,3719.7839619647893,4605.274438325574,5295.365780165327,5966.740736776946,6481.959213604905,7591.410348580816,8255.982690778263,8898.790032724237,10540.462754620123,11511.125615231016,12673.334037529632,13667.552391919451,15184.624052857962,17012.062764578666,19554.594100524326,22984.242611194724,30293.092392425722,34266.236556352655,57357.06965463918,13313.768786379405
2025-10-26 11:00:00+00:00,259,3900,2090.892338989865,2868.5496886377377,4263.556172313436,5020.265043209432,5620.359530134293,6214.621715604205,6958.10906342279,7705.2375229387835,8403.430667602099,10152.58602150505,11171.475884228452,12379.908102643862,13270.2657370518,14400.175378096046,15695.078877639186,18053.59447347023,20937.924327254153,25728.07339412974,31281.75116490394,57235.53874127195,12323.538796554396
2025-10-26 11:15:00+00:00,260,3915,1126.508050536514,1820.894017108031,3269.551250740983,4037.839538715125,4615.546050941556,5089.801068738797,5760.603402646774,6562.650467808136,7388.975022746708,8865.228714087318,9922.477988001723,11125.109394568168,12225.042177893547,13682.486938236441,15282.217565968329,17490.00194793537,20732.183289507942,25526.34158256861,32321.28082203175,56708.08947234347,11516.712921808168
2025-10-26 11:30:00+00:00,261,3930,478.9161851509826,1299.0671365795033,2813.6760677693164,3742.4269737369905,4180.701228966987,4858.981645100352,5581.172516237014,6292.564653604902,6943.615239946559,8238.472986468418,9101.35096041064,10158.401430314267,11154.603403941785,12942.882351137592,14318.271486583117,16351.140160203016,19701.835230323642,23295.65229145996,30955.95130903527,55778.65820296851,10774.450951884945
2025-10-26 11:45:00+00:00,262,3945,178.13478431206352,766.8721869294935,1561.299700851594,2683.0433232187565,3598.8968863258233,4281.86914431168,4983.499316287961,5773.712398011858,6515.1955996054585,7418.044955473381,8665.1587595047,9709.652170652604,10636.307902874081,12064.889654169323,13005.80045470854,14559.715837377258,17186.51231749184,20870.439787063606,27453.28621484627,54453.160814029405,9719.43748837545
2025-10-26 12:00:00+00:00,263,3960,83.06775943836566,408.4164839052977,897.2825828200946,1807.6934083760468,2701.642902401309,3448.259391283217,4059.0508372527456,4775.120076390082,5797.661655916783,6495.184578271187,7971.534854418694,8756.373715132126,9744.51565179112,10722.67951345576,12216.964471287843,13491.715770689674,15605.98899088082,18835.46525998396,23383.858386237356,52739.54111242318,8645.959640123969
2025-10-26 12:15:00+00:00,264,3975,40.10525125620609,309.38336683358966,866.7276885378418,1788.0649947150328,2561.3113457523746,3003.918285442947,3902.8552350067966,4454.201912182395,5161.649032681829,5735.9142272823165,6840.1104740300525,7744.152619517296,8691.051104841701,9950.248112679354,11258.55497466521,12489.371428998327,14244.37222216501,16992.1685132966,20524.883247240086,50647.84588903312,7855.271030017817
2025-10-26 12:30:00+00:00,265,3990,0.0,131.28088508766405,313.7444774657742,850.945242571966,1395.698371195316,1958.3198466926458,2720.4995900296485,3205.613777853043,3677.1237092560314,4235.298966156587,4768.948153239495,5855.1908210616975,6530.628530025548,7305.805996818078,8542.303447480539,9921.707870308506,10714.182679219062,11985.933670767085,15034.197958031784,48190.35072286385,5627.4767210206755
2025-10-26 12:45:00+00:00,266,4005,0.0,85.63942171745002,232.5840473396034,611.4742277698143,1132.4169179207595,1668.0098478519608,2190.199019024808,2931.9462203825983,3337.9743620173526,3795.938372603698,4300.961738856703,5105.937717720007,6004.878543355948,6784.645350745942,7776.985416638469,8833.840773275904,9733.5667861068,11048.57070531988,12995.336590925142,45381.77574865853,4873.533857438405
2025-10-26 13:00:00+00:00,267,4020,0.0,63.51110013351884,171.7860479515058,518.2802866960051,981.8658924639135,1431.856818470322,2169.948122964003,2683.0802408402146,3048.2917899307545,3475.5812760212357,4032.0941442939197,4913.994075150159,5849.20804953889,6683.95413809857,7804.305840922126,8500.262271857027,9592.499404439935,11257.724688065427,13796.644778075695,42200.67060508663,4906.140935836165
2025-10-26 13:15:00+00:00,268,4035,0.0,4.600683000408346,85.97526357013074,167.3498441398531,443.4729728214465,850.839309718548,1415.6373563211653,2006.9711305050714,2326.49974987876,2752.2009851851503,3145.0178292878945,3838.1552127417044,4738.902765189404,5477.7636909178555,6688.391177174512,7339.404304279255,8309.369657607214,9841.402135054095,12203.708259965348,38644.10355614159,4082.4729083494544
2025-10-26 13:30:00+00:00,269,4050,0.0,0.0,48.32962498092234,113.77117459623815,179.212724211554,546.8884008377629,1231.3364030941905,1609.825653498107,1882.4021477934857,2210.271122669258,2650.8260503391803,3408.1097387700756,4146.716099244533,4964.708210843697,6000.313245571351,6615.864496661682,7635.2415541785185,9046.642268422565,10808.170495406188,35002.00999141423,3601.3445855113273
2025-10-26 13:45:00+00:00,270,4065,0.0,0.0,44.0179670894184,127.62256229952166,211.22715750962493,429.18838427241593,969.3137452229824,1297.2651185240322,1541.0308306697714,1871.3537269917906,2265.706866488146,2949.011903336034,3622.5472211853967,4459.210979686898,5324.838050801768,6037.786952840948,6867.49784952973,8095.426166487637,9763.906651171717,31117.194289134124,3449.7312470684956
2025-10-26 14:00:00+00:00,271,4080,0.0,0.0,18.854321450310305,72.75101812139927,126.64771479248826,180.5444114635773,498.9295961180829,891.8661059480321,1143.5487396212743,1396.9211730715524,1739.5594459229783,2175.2187425930006,2945.9180877978283,3598.8564039279654,4454.1715914410825,5017.446344231143,6016.076933644239,7101.460293075761,9046.2252186958,27028.427817800122,2797.9240921270202
2025-10-26 14:15:00+00:00,272,4095,0.0,0.0,15.062021758107043,62.95586622489681,110.84971069168658,158.7435551584764,459.14497276458195,759.6519543804053,991.3376333731964,1181.6087669674605,1470.5171365247502,1845.2555252614477,2492.3723630419863,3038.0389463142346,3769.1711552901447,4293.726403462625,5172.540772808531,6266.381103931897,7866.451463442775,22785.342969119316,2399.7707288762344
2025-10-26 14:30:00+00:00,273,4110,0.0,0.0,13.68395186589577,52.800703159314935,91.91745445273409,131.0342057461533,422.92128564734577,714.2147736967424,848.5613695497686,994.9809368984052,1230.0051066746591,1540.93089149463,2008.983463218746,2455.6695722005834,3057.5971526390517,3506.157746730575,3964.4298044322813,5211.986827782267,6654.093878680223,18454.39206631628,1972.1108321552783
2025-10-26 14:45:00+00:00,274,4125,0.0,0.0,8.715433880190353,39.93654512188484,71.15765636357933,110.43658085112459,294.2120601132698,539.2797788826773,656.9386757833666,789.6251346734997,960.1557366893617,1166.7460589517716,1540.7263188146258,1899.4091176588436,2315.614286928301,2668.5591610445645,3131.3813360619365,4048.0259387652027,5081.050347565047,13936.741291229202,1514.5711154537748
2025-10-26 15:00:00+00:00,275,4140,0.0,0.0,8.246417114884801,29.656839532429697,51.06726194997459,84.49904386935847,213.84536925682525,407.8721463572844,491.65743537261164,564.1688170120999,671.8010388701812,811.8846339281904,1097.1386213405,1333.6088644742156,1639.6488740219825,1854.9221724207484,2253.6337238215024,2865.7541255454116,3595.231860644388,9700.633321878833,1072.2410052681782
2025-10-26 15:15:00+00:00,276,4155,0.0,0.0,12.078407384890049,25.924386582203024,39.770365779516,102.5196663740061,190.19637280603374,266.251659877589,317.66211035440864,372.5235547433805,448.9295884493739,541.3934533954513,678.661996095538,800.9889851913592,989.9603732582868,1113.7256921180117,1373.7346141141104,1699.151942852406,2090.2715619536934,5534.805796162907,652.8340974918559
2025-10-26 15:30:00+00:00,277,4170,0.0,0.0,3.7584449403603015,7.932844261471937,14.301834618436672,30.322676290919144,43.71301381519516,77.69003084182626,89.63192691588607,101.14739364020352,123.40957153298496,143.9505322646018,185.20237862871366,219.2783186211954,269.0558633077515,300.3409556513498,365.9383732524589,459.3474567734354,572.594607172179,1492.3599780798706,177.47992744482596
2025-10-26 15:45:00+00:00,278,4185,0.0,0.0,0.0,0.2049869348775237,0.523730355593673,0.8424737763098227,1.8144921649086265,3.866708398755755,5.720431508771141,7.321152841553776,9.083720245422185,12.45943470321719,15.992040956416806,19.482885681445694,24.468643222321102,27.239450805113837,32.053265266017256,42.81160677210576,57.79064405243116,159.81848866714475,15.846806167308902
2025-10-26 16:00:00+00:00,279,4200,0.0,0.0,0.0,0.0,0.0,0.0,0.0,0.0,0.0,0.0,0.0,0.0,0.0,0.0,0.0,0.0,0.0,0.0,0.0,0.0,0.0
2025-10-26 16:15:00+00:00,280,4215,0.0,0.0,0.0,0.0,0.0,0.0,0.0,0.0,0.0,0.0,0.0,0.0,0.0,0.0,0.0,0.0,0.0,0.0,0.0,0.0,0.0
2025-10-26 16:30:00+00:00,281,4230,0.0,0.0,0.0,0.0,0.0,0.0,0.0,0.0,0.0,0.0,0.0,0.0,0.0,0.0,0.0,0.0,0.0,0.0,0.0,0.0,0.0
2025-10-26 16:45:00+00:00,282,4245,0.0,0.0,0.0,0.0,0.0,0.0,0.0,0.0,0.0,0.0,0.0,0.0,0.0,0.0,0.0,0.0,0.0,0.0,0.0,0.0,0.0
2025-10-26 17:00:00+00:00,283,4260,0.0,0.0,0.0,0.0,0.0,0.0,0.0,0.0,0.0,0.0,0.0,0.0,0.0,0.0,0.0,0.0,0.0,0.0,0.0,0.0,0.0
2025-10-26 17:15:00+00:00,284,4275,0.0,0.0,0.0,0.0,0.0,0.0,0.0,0.0,0.0,0.0,0.0,0.0,0.0,0.0,0.0,0.0,0.0,0.0,0.0,0.0,0.0
2025-10-26 17:30:00+00:00,285,4290,0.0,0.0,0.0,0.0,0.0,0.0,0.0,0.0,0.0,0.0,0.0,0.0,0.0,0.0,0.0,0.0,0.0,0.0,0.0,0.0,0.0
2025-10-26 17:45:00+00:00,286,4305,0.0,0.0,0.0,0.0,0.0,0.0,0.0,0.0,0.0,0.0,0.0,0.0,0.0,0.0,0.0,0.0,0.0,0.0,0.0,0.0,0.0
2025-10-26 18:00:00+00:00,287,4320,0.0,0.0,0.0,0.0,0.0,0.0,0.0,0.0,0.0,0.0,0.0,0.0,0.0,0.0,0.0,0.0,0.0,0.0,0.0,0.0,0.0
2025-10-26 18:15:00+00:00,288,4335,0.0,0.0,0.0,0.0,0.0,0.0,0.0,0.0,0.0,0.0,0.0,0.0,0.0,0.0,0.0,0.0,0.0,0.0,0.0,0.0,0.0
2025-10-26 18:30:00+00:00,289,4350,0.0,0.0,0.0,0.0,0.0,0.0,0.0,0.0,0.0,0.0,0.0,0.0,0.0,0.0,0.0,0.0,0.0,0.0,0.0,0.0,0.0
2025-10-26 18:45:00+00:00,290,4365,0.0,0.0,0.0,0.0,0.0,0.0,0.0,0.0,0.0,0.0,0.0,0.0,0.0,0.0,0.0,0.0,0.0,0.0,0.0,0.0,0.0
2025-10-26 19:00:00+00:00,291,4380,0.0,0.0,0.0,0.0,0.0,0.0,0.0,0.0,0.0,0.0,0.0,0.0,0.0,0.0,0.0,0.0,0.0,0.0,0.0,0.0,0.0
2025-10-26 19:15:00+00:00,292,4395,0.0,0.0,0.0,0.0,0.0,0.0,0.0,0.0,0.0,0.0,0.0,0.0,0.0,0.0,0.0,0.0,0.0,0.0,0.0,0.0,0.0
2025-10-26 19:30:00+00:00,293,4410,0.0,0.0,0.0,0.0,0.0,0.0,0.0,0.0,0.0,0.0,0.0,0.0,0.0,0.0,0.0,0.0,0.0,0.0,0.0,0.0,0.0
2025-10-26 19:45:00+00:00,294,4425,0.0,0.0,0.0,0.0,0.0,0.0,0.0,0.0,0.0,0.0,0.0,0.0,0.0,0.0,0.0,0.0,0.0,0.0,0.0,0.0,0.0
2025-10-26 20:00:00+00:00,295,4440,0.0,0.0,0.0,0.0,0.0,0.0,0.0,0.0,0.0,0.0,0.0,0.0,0.0,0.0,0.0,0.0,0.0,0.0,0.0,0.0,0.0
2025-10-26 20:15:00+00:00,296,4455,0.0,0.0,0.0,0.0,0.0,0.0,0.0,0.0,0.0,0.0,0.0,0.0,0.0,0.0,0.0,0.0,0.0,0.0,0.0,0.0,0.0
2025-10-26 20:30:00+00:00,297,4470,0.0,0.0,0.0,0.0,0.0,0.0,0.0,0.0,0.0,0.0,0.0,0.0,0.0,0.0,0.0,0.0,0.0,0.0,0.0,0.0,0.0
2025-10-26 20:45:00+00:00,298,4485,0.0,0.0,0.0,0.0,0.0,0.0,0.0,0.0,0.0,0.0,0.0,0.0,0.0,0.0,0.0,0.0,0.0,0.0,0.0,0.0,0.0
2025-10-26 21:00:00+00:00,299,4500,0.0,0.0,0.0,0.0,0.0,0.0,0.0,0.0,0.0,0.0,0.0,0.0,0.0,0.0,0.0,0.0,0.0,0.0,0.0,0.0,0.0
2025-10-26 21:15:00+00:00,300,4515,0.0,0.0,0.0,0.0,0.0,0.0,0.0,0.0,0.0,0.0,0.0,0.0,0.0,0.0,0.0,0.0,0.0,0.0,0.0,0.0,0.0
2025-10-26 21:30:00+00:00,301,4530,0.0,0.0,0.0,0.0,0.0,0.0,0.0,0.0,0.0,0.0,0.0,0.0,0.0,0.0,0.0,0.0,0.0,0.0,0.0,0.0,0.0
2025-10-26 21:45:00+00:00,302,4545,0.0,0.0,0.0,0.0,0.0,0.0,0.0,0.0,0.0,0.0,0.0,0.0,0.0,0.0,0.0,0.0,0.0,0.0,0.0,0.0,0.0
2025-10-26 22:00:00+00:00,303,4560,0.0,0.0,0.0,0.0,0.0,0.0,0.0,0.0,0.0,0.0,0.0,0.0,0.0,0.0,0.0,0.0,0.0,0.0,0.0,0.0,0.0
2025-10-26 22:15:00+00:00,304,4575,0.0,0.0,0.0,0.0,0.0,0.0,0.0,0.0,0.0,0.0,0.0,0.0,0.0,0.0,0.0,0.0,0.0,0.0,0.0,0.0,0.0
2025-10-26 22:30:00+00:00,305,4590,0.0,0.0,0.0,0.0,0.0,0.0,0.0,0.0,0.0,0.0,0.0,0.0,0.0,0.0,0.0,0.0,0.0,0.0,0.0,0.0,0.0
2025-10-26 22:45:00+00:00,306,4605,0.0,0.0,0.0,0.0,0.0,0.0,0.0,0.0,0.0,0.0,0.0,0.0,0.0,0.0,0.0,0.0,0.0,0.0,0.0,0.0,0.0
2025-10-26 23:00:00+00:00,307,4620,0.0,0.0,0.0,0.0,0.0,0.0,0.0,0.0,0.0,0.0,0.0,0.0,0.0,0.0,0.0,0.0,0.0,0.0,0.0,0.0,0.0
2025-10-26 23:15:00+00:00,308,4635,0.0,0.0,0.0,0.0,0.0,0.0,0.0,0.0,0.0,0.0,0.0,0.0,0.0,0.0,0.0,0.0,0.0,0.0,0.0,0.0,0.0
2025-10-26 23:30:00+00:00,309,4650,0.0,0.0,0.0,0.0,0.0,0.0,0.0,0.0,0.0,0.0,0.0,0.0,0.0,0.0,0.0,0.0,0.0,0.0,0.0,0.0,0.0
2025-10-26 23:45:00+00:00,310,4665,0.0,0.0,0.0,0.0,0.0,0.0,0.0,0.0,0.0,0.0,0.0,0.0,0.0,0.0,0.0,0.0,0.0,0.0,0.0,0.0,0.0
2025-10-27 00:00:00+00:00,311,4680,0.0,0.0,0.0,0.0,0.0,0.0,0.0,0.0,0.0,0.0,0.0,0.0,0.0,0.0,0.0,0.0,0.0,0.0,0.0,0.0,0.0
2025-10-27 00:15:00+00:00,312,4695,0.0,0.0,0.0,0.0,0.0,0.0,0.0,0.0,0.0,0.0,0.0,0.0,0.0,0.0,0.0,0.0,0.0,0.0,0.0,0.0,0.0
2025-10-27 00:30:00+00:00,313,4710,0.0,0.0,0.0,0.0,0.0,0.0,0.0,0.0,0.0,0.0,0.0,0.0,0.0,0.0,0.0,0.0,0.0,0.0,0.0,0.0,0.0
2025-10-27 00:45:00+00:00,314,4725,0.0,0.0,0.0,0.0,0.0,0.0,0.0,0.0,0.0,0.0,0.0,0.0,0.0,0.0,0.0,0.0,0.0,0.0,0.0,0.0,0.0
2025-10-27 01:00:00+00:00,315,4740,0.0,0.0,0.0,0.0,0.0,0.0,0.0,0.0,0.0,0.0,0.0,0.0,0.0,0.0,0.0,0.0,0.0,0.0,0.0,0.0,0.0
2025-10-27 01:15:00+00:00,316,4755,0.0,0.0,0.0,0.0,0.0,0.0,0.0,0.0,0.0,0.0,0.0,0.0,0.0,0.0,0.0,0.0,0.0,0.0,0.0,0.0,0.0
2025-10-27 01:30:00+00:00,317,4770,0.0,0.0,0.0,0.0,0.0,0.0,0.0,0.0,0.0,0.0,0.0,0.0,0.0,0.0,0.0,0.0,0.0,0.0,0.0,0.0,0.0
2025-10-27 01:45:00+00:00,318,4785,0.0,0.0,0.0,0.0,0.0,0.0,0.0,0.0,0.0,0.0,0.0,0.0,0.0,0.0,0.0,0.0,0.0,0.0,0.0,0.0,0.0
2025-10-27 02:00:00+00:00,319,4800,0.0,0.0,0.0,0.0,0.0,0.0,0.0,0.0,0.0,0.0,0.0,0.0,0.0,0.0,0.0,0.0,0.0,0.0,0.0,0.0,0.0
2025-10-27 02:15:00+00:00,320,4815,0.0,0.0,0.0,0.0,0.0,0.0,0.0,0.0,0.0,0.0,0.0,0.0,0.0,0.0,0.0,0.0,0.0,0.0,0.0,0.0,0.0
2025-10-27 02:30:00+00:00,321,4830,0.0,0.0,0.0,0.0,0.0,0.0,0.0,0.0,0.0,0.0,0.0,0.0,0.0,0.0,0.0,0.0,0.0,0.0,0.0,0.0,0.0
2025-10-27 02:45:00+00:00,322,4845,0.0,0.0,0.0,0.0,0.0,0.0,0.0,0.0,0.0,0.0,0.0,0.0,0.0,0.0,0.0,0.0,0.0,0.0,0.0,0.0,0.0
2025-10-27 03:00:00+00:00,323,4860,0.0,0.0,0.0,0.0,0.0,0.0,0.0,0.0,0.0,0.0,0.0,0.0,0.0,0.0,0.0,0.0,0.0,0.0,0.0,0.0,0.0
2025-10-27 03:15:00+00:00,324,4875,0.0,0.0,0.0,0.0,0.0,0.0,0.0,0.0,0.0,0.0,0.0,0.0,0.0,0.0,0.0,0.0,0.0,0.0,0.0,0.0,0.0
2025-10-27 03:30:00+00:00,325,4890,0.0,0.0,0.0,0.0,0.0,0.0,0.0,0.0,0.0,0.0,0.0,0.0,0.0,0.0,0.0,0.0,0.0,0.0,0.0,0.0,0.0
2025-10-27 03:45:00+00:00,326,4905,0.0,0.0,0.0,0.0,0.0,0.0,0.0,0.0,0.0,0.0,0.0,0.0,0.0,0.0,0.0,0.0,0.0,0.0,0.0,0.0,0.0
2025-10-27 04:00:00+00:00,327,4920,0.0,0.0,0.0,0.0,0.0,0.0,0.0,0.0,0.0,0.0,0.0,0.0,0.0,0.0,0.0,0.0,0.0,0.0,0.0,0.0,0.0
2025-10-27 04:15:00+00:00,328,4935,0.0,0.0,0.0,0.0,0.0,0.0,0.0,0.0,0.0,0.0,0.0,0.0,0.0,0.0,0.0,0.0,0.0,0.0,0.0,0.0,0.0
2025-10-27 04:30:00+00:00,329,4950,0.0,0.0,0.0,0.0,0.0,0.0,0.0,0.0,0.0,0.0,0.0,0.0,0.0,0.0,0.0,0.0,0.0,0.0,0.0,0.0,0.0
2025-10-27 04:45:00+00:00,330,4965,0.0,0.0,0.0,0.0,0.0,0.0,0.0,0.0,0.0,0.0,0.0,0.0,0.0,0.0,0.0,0.0,0.0,0.0,0.0,0.0,0.0
2025-10-27 05:00:00+00:00,331,4980,0.0,0.0,0.0,0.0,0.0,0.0,0.0,0.0,0.0,0.0,0.0,0.0,0.0,0.0,0.0,0.0,0.0,0.0,0.0,0.0,0.0
2025-10-27 05:15:00+00:00,332,4995,0.0,0.0,0.0,0.0,0.0,0.0,0.0,0.0,0.0,0.0,0.0,0.0,0.0,0.0,0.0,0.0,0.0,0.0,0.0,0.0,0.0
2025-10-27 05:30:00+00:00,333,5010,0.0,0.0,0.0,0.0,0.0,0.0,0.0,0.0,0.0,0.0,0.0,0.0,0.0,0.0,0.0,0.0,0.0,0.0,0.0,0.0,0.0
2025-10-27 05:45:00+00:00,334,5025,0.0,0.0,0.0,0.0,0.0,0.0,0.0,0.0,0.0,0.0,0.0,0.0,0.0,0.0,0.0,0.0,0.0,0.0,0.0,0.0,0.0
2025-10-27 06:00:00+00:00,335,5040,0.08329756515949269,0.378184326959062,0.7894565512870649,1.3795833076164157,1.8810195385224262,2.3071649975501374,3.055222020228954,3.674597686713247,3.9748609410293985,4.3570943966904245,4.903609872697841,5.832730507768192,6.836782367990086,7.805489847965966,9.031846164106387,10.031836883545648,11.416336131495552,13.574837635161819,17.101200025907286,43.88545815024484,6.2652744189223375
2025-10-27 06:15:00+00:00,336,5055,1.87361089095995,8.506494426627404,17.75723443535209,30.910927051284,42.251084419417964,51.8950278843643,68.35193167217022,83.63111431131556,89.51553393554646,97.96130187550385,110.1680503521568,131.16262092667992,153.63652607505182,175.42754809557735,203.12707566200405,224.36678532788676,255.04210856437473,299.64695010864295,384.6290035315379,987.2013574853601,140.48875207663352
2025-10-27 06:30:00+00:00,337,5070,8.364681087397765,42.8772215399179,92.85541701178227,149.55656103830816,207.3896894191163,255.61083346083973,337.62635757571815,398.9313863700298,432.02134083829543,471.68550202113244,528.5100595129758,631.780867349112,750.8435213616507,856.2924551651375,994.1228140683521,1082.7421332570696,1242.6361373953036,1476.433936628948,1885.1531428063743,4792.42995482171,684.3660099316489
2025-10-27 06:45:00+00:00,338,5085,9.309073359033896,59.01601223840353,152.30494020431573,270.45059397544236,387.9475876374634,493.96351636700484,658.5400419676295,776.3113208334394,863.0347721938067,942.6535466955481,1073.4944950234208,1265.8940002515062,1533.6115291779906,1713.8489227660668,2012.382244002079,2187.7894130419027,2552.2364694080416,2979.9062921531727,3856.0392302649143,9881.952030951034,1378.6328142460832
2025-10-27 07:00:00+00:00,339,5100,7.439573923332185,71.2395563567566,175.21100060509266,374.0578498349452,525.756345560523,661.8448656406573,909.2362522108601,1097.056477965619,1178.949966486577,1298.7666134510114,1483.3305935975459,1797.037425148006,2148.6684820419323,2433.073000787114,2883.837337101404,3142.3569706285584,3633.148579731653,4297.726968507166,5562.143092171042,14336.93823546226,1957.4483892699473
2025-10-27 07:15:00+00:00,340,5115,0.0,56.964256506459996,135.2209778235871,370.3309635827711,590.2110976568385,780.4553280061086,1117.7011126504715,1342.605150747881,1484.0033155475032,1633.519934519117,1878.084682649219,2237.7029555674876,2714.219072426647,3034.660233190846,3435.7326704121965,3993.644060029497,4610.261705184377,5522.965765123276,7223.676104536049,19227.63270864596,2471.27197913576
2025-10-27 07:30:00+00:00,341,5130,0.0,44.91315808984746,131.9708549352367,297.0128548565944,574.0767224499427,828.4376610139623,1264.6171467874015,1497.8044686968885,1700.4404649600688,1913.040420067907,2219.9110195194753,2632.2996702151477,3127.22008069005,3614.8747040420863,4063.754997174711,4794.68878590192,5465.025213594617,6691.238598016545,8800.306309100964,23751.969924155153,2927.866317116885
2025-10-27 07:45:00+00:00,342,5145,0.0,17.426324617463504,105.491500809288,193.55667700111243,464.66058139697105,765.453655631517,1281.1164187547674,1563.752618958975,1778.0050493114056,2036.8194984517988,2405.935375380323,2905.7888810774325,3463.8543915008636,3922.8852145253995,4455.507224015881,5362.586101709103,5995.932797594311,7551.630259683236,9197.617884940875,28128.365307788077,3204.8261275086306
2025-10-27 08:00:00+00:00,343,5160,0.0,0.0,79.9269488992568,167.26025599767246,289.16737317820696,670.450504542604,1268.7682041094365,1587.5670422649673,1841.640141199552,2134.368616787751,2510.0018215972896,2992.0127135968646,3496.623378195756,4163.989025775047,4855.338801798712,5890.820716993996,6523.668781611143,8279.217418673481,9907.83394739203,32291.052387304473,3438.405428923053
2025-10-27 08:15:00+00:00,344,5175,0.0,0.0,78.80803608365821,168.3770088213098,285.0096527948388,709.3309905328873,1371.190663741081,1780.0925943635384,1979.6354380315765,2326.472577122869,2769.69933460328,3361.734098386625,4001.6102746523034,4738.086107959083,5418.110949132807,6645.468070872236,7434.3541943561695,9327.366737538812,11341.05763071416,36194.849615349965,3804.658881380739
2025-10-27 08:30:00+00:00,345,5190,0.0,0.0,64.92144536132108,162.13186354784938,259.34228173437765,727.2489128887466,1453.9482322780375,1851.5608603427027,2102.320864133499,2535.805536110511,3043.1309097831167,3695.4663221404185,4491.789036769287,5151.785425049718,6532.560930899431,7210.935559378074,8550.440578394977,10445.77173966791,13888.90492977266,39806.72937528199,4261.814014184614
2025-10-27 08:45:00+00:00,346,5205,0.0,0.0,58.754216974427855,157.1414560499489,255.52869512547,655.6831551110711,1517.5915353366343,1862.4963874232362,2188.175701523694,2618.484160699102,3124.3749708725504,3881.9845536781168,4786.479978934671,5524.698925214367,7074.262627621604,7762.568605022411,9149.761228417983,11223.202628345087,14910.375941977683,43191.27109992185,4543.150329242447
2025-10-27 09:00:00+00:00,347,5220,0.0,0.0,46.80682002303309,142.1041586310788,237.4014972391245,545.6129271951535,1389.9194078708956,1831.3775339516908,2118.2453716331584,2711.3131930231907,3394.801100887025,4120.732591009886,5018.508305274726,5941.7837130591315,7458.742327158107,8220.97826861128,9764.000133993171,11944.545145421505,16123.46214707625,46340.33556063022,4802.470067976374
2025-10-27 09:15:00+00:00,348,5235,0.0,0.0,38.769201109781676,139.42685169756325,240.08450228534483,629.5549171037937,1427.1654749129561,1813.8899376366742,2176.405101789022,2720.9576925672413,3443.262143069326,4305.096257822098,5279.1914446966375,6155.2876214021135,7821.699638508741,8567.126270897652,10207.59275549858,12939.526964114413,17223.00467570155,49013.03924181313,5048.680930082312
2025-10-27 09:30:00+00:00,349,5250,0.0,0.0,41.49603974972541,149.23346405405815,256.9708883583908,760.553446618641,1530.0874199430275,1906.7381855556805,2300.5458471022034,2868.2890111116676,3588.173793913978,4498.927795428612,5580.773199123613,6611.278666678733,8222.35664150977,9016.96186595557,10812.573586896326,13756.446590226766,19490.237337644223,51304.85634145811,5398.7415887632915
2025-10-27 09:45:00+00:00,350,5265,0.0,0.0,22.31868950210885,129.37274253764758,236.42679557318635,343.4808486087252,1307.6132338834018,1849.5213903994986,2160.6389972770958,2665.3234196251615,3386.251909457551,4359.195991276757,5707.033349413185,6600.3159460279685,8441.416543921521,9305.084932159134,11317.081620228651,14637.939139954156,21741.183265135227,53206.366995274446,5568.511873573596
2025-10-27 10:00:00+00:00,351,5280,0.0,0.0,21.850581273566732,126.65930161965797,231.46802196574922,336.27674231184056,1252.9698921892605,1855.965234564525,2157.200670544382,2736.382193709347,3412.5300174689637,4403.700431792057,5851.736189005094,6818.410124624201,8728.282309164082,9705.057138818514,11884.100881277154,15082.34182911026,22416.08063797423,54710.20531128948,5734.7020478076565
2025-10-27 10:15:00+00:00,352,5295,0.0,0.0,35.3772124814911,147.8687982372436,260.3603839929961,412.7152171998035,1464.0555447003817,2002.9155359272365,2408.3598385564114,2971.1738125531992,3717.268326793523,4668.869846148064,6110.3640742386815,7262.49164700769,9124.803466296185,10193.167277215718,12364.868751501815,15621.7354997638,23324.292608904503,55810.91656628242,6009.634536124872
2025-10-27 10:30:00+00:00,353,5310,0.0,0.0,66.88238664250188,178.88070273615875,290.8790188298156,603.0327791680909,1670.0348924996656,2314.690551445288,2647.550282701443,3156.991554574254,3992.442380595839,5062.770169872594,6662.658222580429,7703.826588731067,9598.535590493408,10694.983332297417,13140.688476559788,16123.670352087762,24413.53735407446,56504.904965510206,6336.823870988466
2025-10-27 10:45:00+00:00,354,5325,0.0,0.0,107.9938715077968,241.45354677725737,374.9132220467179,865.3625453690782,1936.3203819755995,2452.479999284277,2905.7683602876373,3403.4279192854665,4153.662081707632,5216.68448432712,6771.946429476375,8051.146277309582,9764.161957575408,11051.618518043464,13228.125785208378,16465.733754720746,24235.853529165186,56790.4283846387,6502.338976075647
2025-10-27 11:00:00+00:00,355,5340,0.0,3.1484275483007473,151.6492602431532,300.15009293800557,719.7432716293945,1251.4251187760415,2226.493026937952,2797.985870008265,3244.7083629767467,3792.5953315672828,4697.119738390774,5847.943007288885,7650.826721335938,8622.519518638734,10327.147499451865,11566.610549755582,14528.922327611872,16960.246265760987,26207.366333637943,56667.6154281535,6989.298953033878
2025-10-27 11:15:00+00:00,356,5355,0.0,61.535315772050375,225.82299844648668,419.1505397633756,1147.6993426906506,1692.5816156223248,2787.9780813640587,3352.1168489920115,3837.8679607086206,4549.766584781814,5446.0684055590855,6980.733785861585,8191.454139319555,9094.748722496888,10609.183040983999,12109.9911099457,14406.44206402467,17229.69042027564,26325.04551840971,56138.49212190967,7369.6641746169
2025-10-27 11:30:00+00:00,357,5370,0.0,126.07152243951401,341.000684188806,867.2397129172558,1381.3739359270608,2055.861631889025,3100.698833140492,3623.4471239132845,4185.79681205123,4999.18408928181,5999.410473150746,7325.330336911579,8456.869162734685,9450.636979168188,10766.854797393431,12264.349572569705,14375.16048180034,17078.147345692072,25956.734033248424,55207.013392794455,7555.4639397816545
2025-10-27 11:45:00+00:00,358,5385,0.0,198.62534429449164,638.1120953833971,1208.5339480638509,1662.8880834573336,2270.947082449787,3185.804245752896,3780.0272958360806,4245.0126758680135,4985.65965384598,5918.126902730169,7370.222666115105,8580.833472850387,9575.138179446565,10785.425654699655,12340.81458713791,14289.793652933156,16900.587093331917,25541.064259046096,53879.10076059813,7499.61140194891
2025-10-27 12:00:00+00:00,359,5400,43.41211484355184,275.2164261779889,875.289507102608,1556.380931348648,1916.6953968196499,2495.9584484270154,3446.9348737011455,3979.812330181727,4418.951151318382,5058.859280987269,6167.948698936242,7694.092771364707,8734.918198900057,9898.634355044302,10958.353021610641,12685.682371617639,14731.041361093228,16803.16415956334,25081.071549423174,52162.693945272455,7647.897577238696
2025-10-27 12:15:00+00:00,360,5415,0.0,165.18357319734582,501.50243775781496,1190.9195991386232,1643.3072024475446,2584.870074650448,3115.6005823610426,3641.9167150140333,4046.260399395748,4599.050283441105,5657.120775693213,7013.302556938161,8166.584563554161,9283.888617534982,10155.251193621112,11147.331517430086,12841.765791452264,15219.693262745917,19458.388249278418,50067.83129403226,6801.14434710694
2025-10-27 12:30:00+00:00,361,5430,0.0,172.99338692135078,566.0089249581662,1248.8731677027592,1677.33607972627,2502.528431308604,3097.2419037189798,3594.770448005234,3967.246817598513,4459.412562965881,5349.650246870004,6519.707374341168,7523.939421430319,8245.403969507452,9402.11716929817,10113.733984021781,11589.593169102596,13437.70637443202,16546.952455862862,47606.78456932206,6259.797648054924
2025-10-27 12:45:00+00:00,362,5445,0.0,205.89690872744134,433.50950704723004,1017.8400978126908,1558.0706575404224,2138.6569867712756,2911.3648351894453,3408.1946629254485,3761.4654133720855,4191.516580746949,4800.155999075378,5859.895930124017,6900.183178545043,7785.954219734159,8947.821558702286,9596.315240580838,10706.779804141657,12282.569781992644,14827.181909910567,44794.28988876492,6149.117752043483
2025-10-27 13:00:00+00:00,363,5460,18.301134802237666,243.48466302107528,587.7957762961474,1135.7508678692702,1609.8936558681696,2287.15673216538,2775.502009797633,3291.4192472992736,3599.480364591298,3991.1641163468285,4595.85967020143,5547.969168219086,6595.308883958921,7582.460502420607,8545.544971273323,9328.321299639256,10328.143144122121,11904.197614525558,14185.543751713976,41561.73678599927,5913.452360525321
2025-10-27 13:15:00+00:00,364,5475,160.77435768349739,573.3479537540061,1140.1097526763801,1585.457675529296,2038.6247412441335,2702.068059418724,3115.380573794605,3463.1323049038415,3853.752589214576,4294.033347536754,5090.078458889116,5858.184121150094,6842.292352025203,7750.81493037823,8257.602415177911,9232.7301242923,10508.76595765354,11894.159511210555,14429.156117786353,38071.02473087461,6066.997898288613
2025-10-27 13:30:00+00:00,365,5490,186.96979316491786,602.9038534605145,1368.1227033705052,1723.2128239570843,2454.381807840996,2748.0325188827246,3156.853536625389,3453.6743063920176,3853.636282038187,4589.261829171651,5348.78917723151,5968.135619974058,6679.523748598243,7370.2008161317935,7845.975532085428,8724.456832549748,9824.58504603088,10994.735008843129,13465.055782270405,34427.09284940933,5859.289420173091
2025-10-27 13:45:00+00:00,366,5505,254.6812359033213,767.3462767113888,1278.0814644636403,1662.8344137746742,2180.072546181515,2590.732517694875,2872.7011482094713,3128.9510525859696,3447.3243606178357,3943.414493028647,4472.857326971211,5034.136247951718,5671.039325816909,6443.360461019401,6897.792851884593,7602.868201363707,8531.810924374648,9837.522951024548,11619.663845944051,30541.198092768747,5162.885941695615
2025-10-27 14:00:00+00:00,367,5520,338.4604573298192,765.042290659562,1183.442401234435,1580.4323157929998,1808.3055721141275,2229.6389779288725,2518.515331017613,2750.7512591472387,2951.795032909239,3162.078643541736,3645.852980533084,4142.549141691218,4656.468311790974,5213.183829773905,5950.0503201384645,6392.287656423673,7126.714022526974,8149.8908265845885,9423.708173949488,26452.874973855665,4355.754488696299
2025-10-27 14:15:00+00:00,368,5535,259.89355299625726,598.1086752310031,865.3721365390617,1142.3279652310175,1419.4440997723718,1711.969756047034,1989.69087316444,2199.0581235585614,2369.335253868042,2558.1465047983907,2803.02030867942,3314.7280926430667,3859.155526433216,4350.022110936299,4943.620920160338,5294.078768718088,5875.182907837837,6712.864955498453,8102.616454162672,22213.13612844411,3568.989466650824
2025-10-27 14:30:00+00:00,369,5550,150.05380028253225,425.7887122945244,621.227047087263,850.8157153318559,1042.1397918030402,1245.9990242575527,1531.3043309431569,1695.9439917285613,1851.1620148454786,1994.1221182278066,2176.327840605603,2527.459591891036,2949.413270860659,3399.5819918626394,3865.1559865867075,4209.436712381793,4769.1830443505105,5452.23177774527,6538.782228247734,17890.95404866899,2807.3874123171086
2025-10-27 14:45:00+00:00,370,5565,101.73901507143576,288.5185481326105,434.4571679174825,588.2761395935437,715.8993867750438,874.9486704220704,1106.4072644750324,1223.1660308691114,1347.8295588027381,1456.2202066725692,1588.2723055414303,1836.7293397460123,2133.7395619900026,2420.3755707808964,2734.1938840461867,3097.293157369947,3432.737211900408,3975.9680541843427,4871.875426348028,13354.943179815225,2041.6671608375887
2025-10-27 15:00:00+00:00,371,5580,58.885867588480124,202.13603275995058,286.6601699937968,397.7831428021918,486.458716469696,593.647602104558,756.7330863851674,851.2496769094812,933.3315320898607,1019.1567845162643,1102.2487518737562,1250.9612559545278,1430.4014235479153,1604.4878337961886,1797.9163488845902,2102.9945041089795,2336.565570310602,2739.6658545112123,3368.3354198571583,9190.869794294838,1393.4404065613799
2025-10-27 15:15:00+00:00,372,5595,24.122926794904235,98.64418675279006,140.6767649392405,199.7616811069322,241.53456801591324,300.86593079440456,384.6865971899298,451.24783579936405,495.52567470168685,536.2324625947281,582.1223043278964,649.1492863071547,746.7724037966703,846.0811953233936,953.3700788232653,1108.8361232530606,1229.7100109616458,1435.9583236890007,1707.2774625321654,4884.8321749577,727.5981737831829
2025-10-27 15:30:00+00:00,373,5610,5.433890359138509,19.30365195831925,35.01168356094279,49.38620305113774,59.2330242890156,72.30456123656265,95.8625839358539,108.7469998728897,121.03249705276527,131.85733948399036,143.20325130596999,159.84086031205496,183.77742101809235,204.5037553026299,233.83765737708413,266.46364502733627,295.0785061612031,338.73758772462077,410.4019540562424,1198.3126246459833,176.7962464125981
2025-10-27 15:45:00+00:00,374,5625,0.5766269467910383,1.7428742519763074,2.5138166840480927,3.706705134022203,4.7034769232466225,5.625196091882777,7.368135498949593,8.198496386077714,9.012739676842754,9.947751709311706,10.737275239631442,12.135944180074762,13.951737066111225,16.038547639181292,18.04079433776979,20.366929481997943,22.086742722093593,26.390058097522296,31.336385477309385,90.81504370892749,13.465536595787446
2025-10-27 16:00:00+00:00,375,5640,0.0,0.0,0.0,0.0,0.0,0.0,0.0,0.0,0.0,0.0,0.0,0.0,0.0,0.0,0.0,0.0,0.0,0.0,0.0,0.0,0.0
2025-10-27 16:15:00+00:00,376,5655,0.0,0.0,0.0,0.0,0.0,0.0,0.0,0.0,0.0,0.0,0.0,0.0,0.0,0.0,0.0,0.0,0.0,0.0,0.0,0.0,0.0
2025-10-27 16:30:00+00:00,377,5670,0.0,0.0,0.0,0.0,0.0,0.0,0.0,0.0,0.0,0.0,0.0,0.0,0.0,0.0,0.0,0.0,0.0,0.0,0.0,0.0,0.0
2025-10-27 16:45:00+00:00,378,5685,0.0,0.0,0.0,0.0,0.0,0.0,0.0,0.0,0.0,0.0,0.0,0.0,0.0,0.0,0.0,0.0,0.0,0.0,0.0,0.0,0.0
2025-10-27 17:00:00+00:00,379,5700,0.0,0.0,0.0,0.0,0.0,0.0,0.0,0.0,0.0,0.0,0.0,0.0,0.0,0.0,0.0,0.0,0.0,0.0,0.0,0.0,0.0
2025-10-27 17:15:00+00:00,380,5715,0.0,0.0,0.0,0.0,0.0,0.0,0.0,0.0,0.0,0.0,0.0,0.0,0.0,0.0,0.0,0.0,0.0,0.0,0.0,0.0,0.0
2025-10-27 17:30:00+00:00,381,5730,0.0,0.0,0.0,0.0,0.0,0.0,0.0,0.0,0.0,0.0,0.0,0.0,0.0,0.0,0.0,0.0,0.0,0.0,0.0,0.0,0.0
2025-10-27 17:45:00+00:00,382,5745,0.0,0.0,0.0,0.0,0.0,0.0,0.0,0.0,0.0,0.0,0.0,0.0,0.0,0.0,0.0,0.0,0.0,0.0,0.0,0.0,0.0
2025-10-27 18:00:00+00:00,383,5760,0.0,0.0,0.0,0.0,0.0,0.0,0.0,0.0,0.0,0.0,0.0,0.0,0.0,0.0,0.0,0.0,0.0,0.0,0.0,0.0,0.0
2025-10-27 18:15:00+00:00,384,5775,0.0,0.0,0.0,0.0,0.0,0.0,0.0,0.0,0.0,0.0,0.0,0.0,0.0,0.0,0.0,0.0,0.0,0.0,0.0,0.0,0.0
2025-10-27 18:30:00+00:00,385,5790,0.0,0.0,0.0,0.0,0.0,0.0,0.0,0.0,0.0,0.0,0.0,0.0,0.0,0.0,0.0,0.0,0.0,0.0,0.0,0.0,0.0
2025-10-27 18:45:00+00:00,386,5805,0.0,0.0,0.0,0.0,0.0,0.0,0.0,0.0,0.0,0.0,0.0,0.0,0.0,0.0,0.0,0.0,0.0,0.0,0.0,0.0,0.0
2025-10-27 19:00:00+00:00,387,5820,0.0,0.0,0.0,0.0,0.0,0.0,0.0,0.0,0.0,0.0,0.0,0.0,0.0,0.0,0.0,0.0,0.0,0.0,0.0,0.0,0.0
2025-10-27 19:15:00+00:00,388,5835,0.0,0.0,0.0,0.0,0.0,0.0,0.0,0.0,0.0,0.0,0.0,0.0,0.0,0.0,0.0,0.0,0.0,0.0,0.0,0.0,0.0
2025-10-27 19:30:00+00:00,389,5850,0.0,0.0,0.0,0.0,0.0,0.0,0.0,0.0,0.0,0.0,0.0,0.0,0.0,0.0,0.0,0.0,0.0,0.0,0.0,0.0,0.0
2025-10-27 19:45:00+00:00,390,5865,0.0,0.0,0.0,0.0,0.0,0.0,0.0,0.0,0.0,0.0,0.0,0.0,0.0,0.0,0.0,0.0,0.0,0.0,0.0,0.0,0.0
2025-10-27 20:00:00+00:00,391,5880,0.0,0.0,0.0,0.0,0.0,0.0,0.0,0.0,0.0,0.0,0.0,0.0,0.0,0.0,0.0,0.0,0.0,0.0,0.0,0.0,0.0
2025-10-27 20:15:00+00:00,392,5895,0.0,0.0,0.0,0.0,0.0,0.0,0.0,0.0,0.0,0.0,0.0,0.0,0.0,0.0,0.0,0.0,0.0,0.0,0.0,0.0,0.0
2025-10-27 20:30:00+00:00,393,5910,0.0,0.0,0.0,0.0,0.0,0.0,0.0,0.0,0.0,0.0,0.0,0.0,0.0,0.0,0.0,0.0,0.0,0.0,0.0,0.0,0.0
2025-10-27 20:45:00+00:00,394,5925,0.0,0.0,0.0,0.0,0.0,0.0,0.0,0.0,0.0,0.0,0.0,0.0,0.0,0.0,0.0,0.0,0.0,0.0,0.0,0.0,0.0
2025-10-27 21:00:00+00:00,395,5940,0.0,0.0,0.0,0.0,0.0,0.0,0.0,0.0,0.0,0.0,0.0,0.0,0.0,0.0,0.0,0.0,0.0,0.0,0.0,0.0,0.0
2025-10-27 21:15:00+00:00,396,5955,0.0,0.0,0.0,0.0,0.0,0.0,0.0,0.0,0.0,0.0,0.0,0.0,0.0,0.0,0.0,0.0,0.0,0.0,0.0,0.0,0.0
2025-10-27 21:30:00+00:00,397,5970,0.0,0.0,0.0,0.0,0.0,0.0,0.0,0.0,0.0,0.0,0.0,0.0,0.0,0.0,0.0,0.0,0.0,0.0,0.0,0.0,0.0
2025-10-27 21:45:00+00:00,398,5985,0.0,0.0,0.0,0.0,0.0,0.0,0.0,0.0,0.0,0.0,0.0,0.0,0.0,0.0,0.0,0.0,0.0,0.0,0.0,0.0,0.0
2025-10-27 22:00:00+00:00,399,6000,0.0,0.0,0.0,0.0,0.0,0.0,0.0,0.0,0.0,0.0,0.0,0.0,0.0,0.0,0.0,0.0,0.0,0.0,0.0,0.0,0.0
2025-10-27 22:15:00+00:00,400,6015,0.0,0.0,0.0,0.0,0.0,0.0,0.0,0.0,0.0,0.0,0.0,0.0,0.0,0.0,0.0,0.0,0.0,0.0,0.0,0.0,0.0
2025-10-27 22:30:00+00:00,401,6030,0.0,0.0,0.0,0.0,0.0,0.0,0.0,0.0,0.0,0.0,0.0,0.0,0.0,0.0,0.0,0.0,0.0,0.0,0.0,0.0,0.0
2025-10-27 22:45:00+00:00,402,6045,0.0,0.0,0.0,0.0,0.0,0.0,0.0,0.0,0.0,0.0,0.0,0.0,0.0,0.0,0.0,0.0,0.0,0.0,0.0,0.0,0.0
2025-10-27 23:00:00+00:00,403,6060,0.0,0.0,0.0,0.0,0.0,0.0,0.0,0.0,0.0,0.0,0.0,0.0,0.0,0.0,0.0,0.0,0.0,0.0,0.0,0.0,0.0
2025-10-27 23:15:00+00:00,404,6075,0.0,0.0,0.0,0.0,0.0,0.0,0.0,0.0,0.0,0.0,0.0,0.0,0.0,0.0,0.0,0.0,0.0,0.0,0.0,0.0,0.0
2025-10-27 23:30:00+00:00,405,6090,0.0,0.0,0.0,0.0,0.0,0.0,0.0,0.0,0.0,0.0,0.0,0.0,0.0,0.0,0.0,0.0,0.0,0.0,0.0,0.0,0.0
2025-10-27 23:45:00+00:00,406,6105,0.0,0.0,0.0,0.0,0.0,0.0,0.0,0.0,0.0,0.0,0.0,0.0,0.0,0.0,0.0,0.0,0.0,0.0,0.0,0.0,0.0
2025-10-28 00:00:00+00:00,407,6120,0.0,0.0,0.0,0.0,0.0,0.0,0.0,0.0,0.0,0.0,0.0,0.0,0.0,0.0,0.0,0.0,0.0,0.0,0.0,0.0,0.0
2025-10-28 00:15:00+00:00,408,6135,0.0,0.0,0.0,0.0,0.0,0.0,0.0,0.0,0.0,0.0,0.0,0.0,0.0,0.0,0.0,0.0,0.0,0.0,0.0,0.0,0.0
2025-10-28 00:30:00+00:00,409,6150,0.0,0.0,0.0,0.0,0.0,0.0,0.0,0.0,0.0,0.0,0.0,0.0,0.0,0.0,0.0,0.0,0.0,0.0,0.0,0.0,0.0
2025-10-28 00:45:00+00:00,410,6165,0.0,0.0,0.0,0.0,0.0,0.0,0.0,0.0,0.0,0.0,0.0,0.0,0.0,0.0,0.0,0.0,0.0,0.0,0.0,0.0,0.0
2025-10-28 01:00:00+00:00,411,6180,0.0,0.0,0.0,0.0,0.0,0.0,0.0,0.0,0.0,0.0,0.0,0.0,0.0,0.0,0.0,0.0,0.0,0.0,0.0,0.0,0.0
2025-10-28 01:15:00+00:00,412,6195,0.0,0.0,0.0,0.0,0.0,0.0,0.0,0.0,0.0,0.0,0.0,0.0,0.0,0.0,0.0,0.0,0.0,0.0,0.0,0.0,0.0
2025-10-28 01:30:00+00:00,413,6210,0.0,0.0,0.0,0.0,0.0,0.0,0.0,0.0,0.0,0.0,0.0,0.0,0.0,0.0,0.0,0.0,0.0,0.0,0.0,0.0,0.0
2025-10-28 01:45:00+00:00,414,6225,0.0,0.0,0.0,0.0,0.0,0.0,0.0,0.0,0.0,0.0,0.0,0.0,0.0,0.0,0.0,0.0,0.0,0.0,0.0,0.0,0.0
2025-10-28 02:00:00+00:00,415,6240,0.0,0.0,0.0,0.0,0.0,0.0,0.0,0.0,0.0,0.0,0.0,0.0,0.0,0.0,0.0,0.0,0.0,0.0,0.0,0.0,0.0
2025-10-28 02:15:00+00:00,416,6255,0.0,0.0,0.0,0.0,0.0,0.0,0.0,0.0,0.0,0.0,0.0,0.0,0.0,0.0,0.0,0.0,0.0,0.0,0.0,0.0,0.0
2025-10-28 02:30:00+00:00,417,6270,0.0,0.0,0.0,0.0,0.0,0.0,0.0,0.0,0.0,0.0,0.0,0.0,0.0,0.0,0.0,0.0,0.0,0.0,0.0,0.0,0.0
2025-10-28 02:45:00+00:00,418,6285,0.0,0.0,0.0,0.0,0.0,0.0,0.0,0.0,0.0,0.0,0.0,0.0,0.0,0.0,0.0,0.0,0.0,0.0,0.0,0.0,0.0
2025-10-28 03:00:00+00:00,419,6300,0.0,0.0,0.0,0.0,0.0,0.0,0.0,0.0,0.0,0.0,0.0,0.0,0.0,0.0,0.0,0.0,0.0,0.0,0.0,0.0,0.0
2025-10-28 03:15:00+00:00,420,6315,0.0,0.0,0.0,0.0,0.0,0.0,0.0,0.0,0.0,0.0,0.0,0.0,0.0,0.0,0.0,0.0,0.0,0.0,0.0,0.0,0.0
2025-10-28 03:30:00+00:00,421,6330,0.0,0.0,0.0,0.0,0.0,0.0,0.0,0.0,0.0,0.0,0.0,0.0,0.0,0.0,0.0,0.0,0.0,0.0,0.0,0.0,0.0
2025-10-28 03:45:00+00:00,422,6345,0.0,0.0,0.0,0.0,0.0,0.0,0.0,0.0,0.0,0.0,0.0,0.0,0.0,0.0,0.0,0.0,0.0,0.0,0.0,0.0,0.0
2025-10-28 04:00:00+00:00,423,6360,0.0,0.0,0.0,0.0,0.0,0.0,0.0,0.0,0.0,0.0,0.0,0.0,0.0,0.0,0.0,0.0,0.0,0.0,0.0,0.0,0.0
2025-10-28 04:15:00+00:00,424,6375,0.0,0.0,0.0,0.0,0.0,0.0,0.0,0.0,0.0,0.0,0.0,0.0,0.0,0.0,0.0,0.0,0.0,0.0,0.0,0.0,0.0
2025-10-28 04:30:00+00:00,425,6390,0.0,0.0,0.0,0.0,0.0,0.0,0.0,0.0,0.0,0.0,0.0,0.0,0.0,0.0,0.0,0.0,0.0,0.0,0.0,0.0,0.0
2025-10-28 04:45:00+00:00,426,6405,0.0,0.0,0.0,0.0,0.0,0.0,0.0,0.0,0.0,0.0,0.0,0.0,0.0,0.0,0.0,0.0,0.0,0.0,0.0,0.0,0.0
2025-10-28 05:00:00+00:00,427,6420,0.0,0.0,0.0,0.0,0.0,0.0,0.0,0.0,0.0,0.0,0.0,0.0,0.0,0.0,0.0,0.0,0.0,0.0,0.0,0.0,0.0
2025-10-28 05:15:00+00:00,428,6435,0.0,0.0,0.0,0.0,0.0,0.0,0.0,0.0,0.0,0.0,0.0,0.0,0.0,0.0,0.0,0.0,0.0,0.0,0.0,0.0,0.0
2025-10-28 05:30:00+00:00,429,6450,0.0,0.0,0.0,0.0,0.0,0.0,0.0,0.0,0.0,0.0,0.0,0.0,0.0,0.0,0.0,0.0,0.0,0.0,0.0,0.0,0.0
2025-10-28 05:45:00+00:00,430,6465,0.0,0.0,0.0,0.0,0.0,0.0,0.0,0.0,0.0,0.0,0.0,0.0,0.0,0.0,0.0,0.0,0.0,0.0,0.0,0.0,0.0
2025-10-28 06:00:00+00:00,431,6480,0.0,0.0,0.0,0.02661973696901231,0.05881104679200392,0.09100235661499556,0.12319366643798718,0.2410581883238335,0.4124224011823434,0.6951476083379415,1.0744055048428267,1.4786411560379613,1.7908767311783853,2.31968224205001,2.6773848773687026,3.2631416760749747,4.150163187588112,6.590069947487725,7.446593217817369,15.825532861052361,1.9471589105289533
2025-10-28 06:15:00+00:00,432,6495,0.0,0.0,0.5650727519681914,2.6151041312016243,4.665135510435057,7.379431870596512,18.042293031167038,26.545194797228376,34.76306926514624,50.4463110178754,65.13833011022274,85.01984894382727,102.84285989056073,127.45578572862463,145.59691845765872,174.8139753396114,217.44539923893987,333.6174760319112,414.307416514326,788.1306755059273,107.0463475274401
2025-10-28 06:30:00+00:00,433,6510,0.0,0.0,11.889212518774222,24.421085173698394,41.78134835855471,109.06896225719424,157.85072729137576,198.41339739974939,253.25917962029828,333.51381279227746,408.52509237464636,503.38323896948225,572.730685654525,721.2474545153361,802.029069586701,938.0632253100165,1092.6574702278901,1588.1107218352467,1971.35901512069,4115.9324156321645,574.0114108909884
2025-10-28 06:45:00+00:00,434,6525,0.0,15.055360918138852,52.936591615391436,114.66678285940372,238.37609433331048,390.86475757975944,523.3239753131433,612.1383770725885,742.6421028713289,896.7057480707023,1094.3795465328437,1284.121902348968,1458.1631599100574,1751.556814066747,1950.6518223047406,2192.8562815743985,2642.69517873489,3718.5403248302337,4602.224977468992,9337.398046886785,1416.8452138828252
2025-10-28 07:00:00+00:00,435,6540,0.0,73.12775818147406,181.22828926523223,373.7495993836951,602.2961051367832,874.9380842091354,1016.2088353351368,1159.6176669896984,1337.8226662971977,1563.4195628069765,1816.9775617479456,2142.1457230727256,2368.55786656503,2796.4098875074715,3058.758578002175,3401.492719414607,3904.3660102045146,5282.387952788756,7030.218853331927,13770.782822198351,2253.5697665124917
2025-10-28 07:15:00+00:00,436,6555,0.0,108.80314473391101,259.40211449833123,476.0790036508855,761.5074383603215,1033.0296793722173,1360.0335743269175,1553.6456749985732,1820.3723914444406,2089.4558617673774,2445.7961610558305,2911.562100808138,3235.781283405561,3815.190187642368,4162.890791849092,4587.696068823215,5241.887435751871,7039.6853621820555,9344.533074649633,18638.77560289396,3024.746350763817
2025-10-28 07:30:00+00:00,437,6570,0.9241654890946193,145.09398178785574,348.69474800070196,633.3561953309763,995.0840463837508,1330.0783793119317,1709.290171893072,1931.7102884178764,2246.1398536651054,2525.3972380508903,3015.8427424325705,3598.212538568776,4001.2057881386113,4620.0774779584235,5210.698428928693,5665.12458713516,6616.391940125913,8391.531609337,11692.250059162221,23183.12183015694,3748.4998687454986
2025-10-28 07:45:00+00:00,438,6585,6.535488413218391,176.45818715689657,440.5723732795077,714.1474231338267,1137.870839127812,1577.1710179321383,2082.9967919801434,2389.003949542404,2740.6242580922817,3136.565482177472,3735.1325031799947,4309.065720873084,4812.163010078373,5431.15452273029,6201.340385402936,6758.301732102086,7878.239280790999,9742.041840587499,13975.334119414538,27559.469004008955,4476.168644454666
2025-10-28 08:00:00+00:00,439,6600,1.6360520436630552,256.8601708551006,641.3198182741548,961.7317884080553,1375.905593990213,1789.391732013095,2410.685732925371,2772.362564305323,3134.6154080068336,3631.4633035535157,4338.068975090904,4978.625087105177,5570.650641918823,6298.3777623584,7157.617971868681,7999.7530713397955,9176.06623993565,11255.066928274533,16452.719140761634,31724.40708949619,5218.750078366445
2025-10-28 08:15:00+00:00,440,6615,21.433484009732677,328.5249967972413,787.5845751201118,1179.7347085664112,1623.5646224541113,2160.588660867155,2821.9426641635114,3158.024655034443,3581.53517802633,4111.556224394124,4898.746740807908,5659.793054893182,6271.93419151733,7321.339606234449,8117.946502683123,9038.275645604848,10384.523002715487,12637.606291904543,18472.351684662757,35631.20327422533,5924.568418384166
2025-10-28 08:30:00+00:00,441,6630,35.45141794462538,408.24696923570644,912.4464530634731,1316.3658885141176,1824.207807517014,2388.5692172606236,3065.391901472085,3463.4102303027535,3911.1503120570237,4530.341481670225,5423.794031838358,6242.963521456399,6913.016330404037,8150.214984802338,8785.630599880764,9755.080287221823,11279.769159824706,13336.846608678246,20362.0199470101,39246.06506482133,6482.049521784295
2025-10-28 08:45:00+00:00,442,6645,71.92917033316535,588.3483066920738,1051.4693561932925,1512.0835852113444,2040.564136393919,2588.1620090464585,3316.8441326387856,3738.720518190484,4206.091844119738,4850.973915449874,5875.109912051269,6760.740850031476,7537.3143147603,8887.340115970042,9678.861881343368,10728.516130375092,12309.822353057738,14436.470391012199,21445.31963679356,42571.8576510985,7031.836634186576
2025-10-28 09:00:00+00:00,443,6660,95.31679120415426,629.0447640047315,1168.3947503684976,1683.1166958088136,2264.2494609725923,2791.577499695277,3562.2265443174188,4010.9656347617024,4489.0932017623445,5103.525494561978,6247.6506688689315,7142.917492481151,7992.916075290227,9294.534927585726,10230.498822262176,11356.575462082383,13058.73925330818,15242.683813012476,22820.31712017144,45763.60921173136,7480.728418942933
2025-10-28 09:15:00+00:00,444,6675,180.33712404928698,917.3245117548654,1377.3642892940832,1937.7134666982251,2563.775006354882,3113.2670857625044,3864.2084138187224,4324.015106602228,4751.832083335707,5307.934836655088,6369.818834276148,7420.3316516511995,8368.771583331463,9356.315869822225,10643.830365257703,11783.685377586095,13575.236097138159,15711.492953816685,23039.854427361974,48439.81892902276,7812.788100504682
2025-10-28 09:30:00+00:00,445,6690,328.9791162971021,1126.429836872964,1631.6354412921182,2267.0315159652723,2906.888182656232,3573.897538613406,4200.891142786643,4652.875034990318,5173.273810907291,5785.531648983083,6875.44929053114,8038.2395447599065,8958.232790774899,9965.987214139708,11220.718425516665,12168.524215658108,13848.010899755696,15964.096372734668,21618.89635723181,50734.27502072181,8106.628358099571
2025-10-28 09:45:00+00:00,446,6705,912.0801801183144,1484.0803108202133,1982.2635512264917,2796.7066750194745,3275.4329165987747,4135.86947047407,4555.212213081919,5122.079249946662,5639.7307765893465,6513.927697005841,7593.8817813384185,8868.959250351658,9804.211269993219,11107.13201321049,11940.446097722568,13006.401519423325,14705.30864494446,16639.412482966287,22602.948787798236,52637.63170149709,8759.903806801723
2025-10-28 10:00:00+00:00,447,6720,963.6123321452299,1510.9583918812348,2042.0653980293444,2889.885697809186,3397.679779441635,4294.4432411906655,4790.59836538963,5390.88214453291,5965.5638615821745,7076.380489601665,8168.089858948897,9303.513266757054,10380.92316234671,11664.049253776953,12816.026217872572,13696.694610286331,15224.87211627133,17193.685972752795,25158.70560366493,54142.61060854825,9248.845342705265
2025-10-28 10:15:00+00:00,448,6735,1184.7232903493216,1687.7294641795283,2242.5134192760283,3048.1434094480674,3650.2532971707515,4545.34494910751,5121.045172348065,5645.214659849212,6422.757418890027,7588.702945569575,8777.585835522234,9861.160654416013,10717.978187839079,12108.980211683713,13392.7477302846,14300.101296320228,15698.772875610402,17781.97981237274,26424.5344607807,55243.84290437659,9665.573291940116
2025-10-28 10:30:00+00:00,449,6750,1446.0041026800359,1971.6582885355765,2554.3454037595397,3366.654343242599,4267.590012561041,4806.543783982439,5362.827383851197,5949.7920566664925,6577.3329193457,7880.002649697215,9043.77391139739,10091.52952136349,11045.361304666307,12562.104552262079,13626.705529475184,14602.828725028037,16239.886615456411,18409.81340078374,27555.20379506973,55937.809067265945,10041.585168445497
2025-10-28 10:45:00+00:00,450,6765,1469.8850172510906,1954.4993040081033,2611.3182695197147,3398.837014274612,4169.718590405358,4921.548134365435,5416.748970291654,5979.89141285746,6583.389667142781,7696.869800495979,8944.446554629174,10045.724999826569,10986.648605329912,12528.477324063226,13604.229261127479,14615.903449749665,16175.130095346381,17933.989687733345,23964.016710131622,56222.82964535229,9835.580753592776
2025-10-28 11:00:00+00:00,451,6780,1508.235948843488,1970.3585497140987,2496.3140820182366,3427.6578186059746,4294.204558668451,5015.437288185601,5568.83542303361,6165.384263279636,6709.6626007854,8111.275277484851,9254.550479468664,10098.643094934652,11174.174334378156,12565.538195529294,13730.467426054442,14611.058526508199,16176.041760355529,17838.118767371998,23062.188546443067,56099.0806200854,9874.517389732022
2025-10-28 11:15:00+00:00,452,6795,1565.8075104479171,2138.416847214044,2692.095392427771,3572.969680106195,4421.185420988113,5042.049274309121,5666.465804807772,6206.014165351053,6739.8216576590785,8055.172053363801,9125.267207285111,10084.874874953266,11023.52333133111,12521.809378072412,13737.298100773769,14596.462745106819,16289.517168048404,18068.852184046104,26242.672036485903,55568.61983573336,10069.24786919129
2025-10-28 11:30:00+00:00,453,6810,1588.0055758791261,2180.4426217779123,2693.60323446435,3702.7644300978363,4707.844646270055,5201.927644850407,5782.328957859301,6409.801264993636,7040.531975992214,8177.0039662616455,9451.68986105006,10230.204804471856,11071.056918092803,12509.699233111725,13740.905009166929,14574.35137501972,16201.10917457807,18223.725639389504,26024.185725631032,54635.41929729812,10131.942988489509
2025-10-28 11:45:00+00:00,454,6825,1457.2381693220111,2105.2356625043444,2582.7003195803995,3399.141359673135,4197.963970181498,4928.530452921634,5537.326596753514,6240.665068362961,6832.86457627536,7933.7892877345785,9161.275796597814,9825.430818135981,10677.39528663934,12119.513169741622,13359.840787876032,14246.804695126302,15796.371701385096,17891.030337485343,25310.562162077073,53305.4047835988,9811.08636555687
2025-10-28 12:00:00+00:00,455,6840,1434.5077798798075,2061.750461879224,2534.189550275845,3492.4160524543227,4268.0828171660905,4951.875360204444,5473.18869592199,6151.733282925632,6671.717136422614,7758.428101792596,8949.485049134431,9711.5204097538,10486.71043555472,11932.205972167842,13101.438508987465,13985.08692345381,15698.104627094806,17589.37392012657,26594.05636759737,51586.51085666861,9738.827013065793
2025-10-28 12:15:00+00:00,456,6855,1370.483753303305,1938.073483882917,2356.025880314664,2961.243339981403,3668.4990954396158,4317.4276665969965,4668.756943149904,5381.3121238370595,5993.431148278881,6744.602837303181,8226.561668766293,8951.998298194976,10570.135972147471,11377.307202008555,12843.958351469852,14298.447769188633,15621.115680350917,18810.916885051363,27271.827649090686,49488.76701417204,9414.581222483022
2025-10-28 12:30:00+00:00,457,6870,1047.3866613490418,1644.5795438388052,2065.7685366630194,2734.172443015363,3178.426478195891,3742.3656613577855,4159.7506776089385,4643.942817969017,5306.327876137315,6383.153258326917,7470.156339211522,8434.185473710328,9748.219045624686,10649.350696144038,11937.685562845329,13457.814786305915,14696.93274258393,18348.090831354846,26186.562387056165,47024.44208343006,8779.13761061239
2025-10-28 12:45:00+00:00,458,6885,1257.5248512646267,1776.0385046472468,2204.5119894884215,2758.1596045240303,3367.72334033417,3819.806709973711,4108.668867126117,4744.875440710273,5210.197558787555,6343.36147781321,7354.721257705579,8080.12110591112,9352.516567964973,10133.704045954875,11281.246286634929,12145.325774093131,13492.970613948622,15906.085724254033,22962.120985374677,44208.29142206402,8248.516945266198
2025-10-28 13:00:00+00:00,459,6900,1020.2842780818896,1623.14221960619,2095.3159490664425,2478.2521511611685,2881.19447957333,3204.42560195198,3710.192209462508,4128.294425096346,4655.515782781795,5154.031418778676,5848.950804827545,6675.514302838257,7484.392630717933,8126.378308368485,9559.853811632609,10379.906403785462,11294.182433189575,12845.178719463993,16464.611696081425,40930.25041951401,6956.060943813517
2025-10-28 13:15:00+00:00,460,6915,654.080063879237,1546.8483314689863,1914.6851600228986,2219.1840987117553,2538.232100430071,2830.1775144858193,3286.6585669416663,3648.6517339720676,4176.693675403776,4603.660389564257,5322.565546783095,6016.1194117385885,6792.098455907748,7594.528207725569,8665.793342812323,9440.151095055115,10413.68723828617,11932.363803159384,15508.14609241984,37500.58950939449,6109.652073982988
2025-10-28 13:30:00+00:00,461,6930,440.0004810898334,1178.9576275905888,1680.209348813981,1924.8158520428499,2202.046239981491,2485.379969430291,2846.9452047007503,3176.033682636381,3477.653854267486,3935.4257259415785,4405.200448180703,5145.767011152144,5860.969760165981,6410.378550316354,7589.013889678149,8253.193396934546,9268.52290488805,10806.019004388214,14494.574808043752,33855.1109362567,5370.27546492715
2025-10-28 13:45:00+00:00,462,6945,362.8898484923125,1036.0051456309582,1434.206646571168,1656.130267685279,1874.1130990698955,2108.5334250091623,2314.3517978598575,2681.0162099532363,2905.331909708924,3154.40584166243,3595.8571258155334,4036.7001087200056,4683.221198217546,5360.834145704053,6151.763469325751,7076.867691642383,8035.971726599285,9713.683792678652,13057.219410735956,29968.47271210725,4633.929243490138
2025-10-28 14:00:00+00:00,463,6960,188.11455232174063,736.496504242884,1074.066263942185,1300.4156640304334,1461.4019806045321,1671.928167398328,1869.9294591366142,2131.547975846136,2373.8997632545547,2576.8428662497445,2875.736793839116,3357.6032668235343,3837.598637284048,4394.174916468057,5032.722169731945,6059.314197632514,6902.120587987596,9000.810553238145,11941.638195109213,25881.02751914761,3961.4678644445144
2025-10-28 14:15:00+00:00,464,6975,149.41696039943534,582.4706529095798,840.1143518548089,1048.6389532638702,1207.0623468119798,1362.7830565932195,1525.9586989226555,1726.2292502221937,1944.5981628777834,2140.9435065218995,2413.6052701975877,2713.3774746963095,3205.723834927766,3692.2754617196097,4254.758554339126,5092.066331368225,5980.990352356027,7944.265612081417,10662.636544857367,21645.27385313724,3373.6939651873354
2025-10-28 14:30:00+00:00,465,6990,80.04481494577948,331.8176377440168,566.7357250192855,774.8857199676555,899.440561203076,1012.8842928390599,1128.3137422278207,1309.8247495319158,1490.867761311278,1649.84565133353,1923.108060159843,2162.4517336523627,2530.617834298387,2948.283955688217,3464.677332397713,4213.902903267542,4897.266600726752,6701.782186170939,8836.840149450332,17332.909007708287,2704.5785288643756
2025-10-28 14:45:00+00:00,466,7005,45.37733059360396,225.28369756488925,373.96407700036355,522.8431678306044,626.9981542495631,715.9490214788511,807.0727857758293,932.0413031433417,1074.5993531324891,1195.4227643352078,1392.622299265983,1623.7589544095008,1842.67621667246,2119.339277492702,2769.9648821603946,3227.0610615475152,3768.9756337475133,5381.031519272412,6703.209315092607,12758.74746903939,2030.067436170221
2025-10-28 15:00:00+00:00,467,7020,19.468143216235664,110.30748253420579,234.54661137846404,347.0520381127513,408.1096195800244,466.435565735877,534.6429775748469,623.5867599404326,710.3500904650998,831.9359772931892,960.7445976060491,1139.6916761195444,1291.124065359587,1470.29209356333,1916.7276582613572,2217.4378532044543,2788.665961809626,3707.1078386407016,4614.633082117052,8677.83241277109,1397.5749628803708
2025-10-28 15:15:00+00:00,468,7035,7.908638958815961,35.077051703997135,85.97078463492312,137.78718596197575,175.67855771938116,213.02145962329675,243.05304345958203,294.4709989096936,336.3062292837362,392.790936216841,465.94871834600457,548.710161604759,631.2210157538029,722.1701249094061,934.8888993280054,1073.859220575873,1394.166620850236,1829.8840766310207,2253.3449075186095,4223.433897636917,674.8519708217816
2025-10-28 15:30:00+00:00,469,7050,0.661278672490274,5.677319334550641,14.784280962664672,28.370148251211305,37.01776705828184,45.46744765707001,54.36754198277054,64.3850513210857,75.70442340915017,90.58135201717943,103.26892907399898,126.52361564090948,146.3209411416611,184.9218918847865,220.2683035741891,256.0454747358777,334.42599307892004,432.1237593754573,517.3982462081095,969.0287431924643,156.548663109849
2025-10-28 15:45:00+00:00,470,7065,0.0,0.0,0.04774500499109844,0.17384078740348644,0.29993656981587435,0.5632699409995318,1.5846853623742814,2.575796684241143,3.5608058961144775,4.646453902065895,6.137109164873995,7.402302537761293,8.73199149354063,11.299152139995002,13.235344930227567,16.04042294480008,18.973915613070428,20.431867263562175,22.581028558503057,43.858994591020846,7.914281127335532
2025-10-28 16:00:00+00:00,471,7080,0.0,0.0,0.0,0.0,0.0,0.0,0.0,0.0,0.0,0.0,0.0,0.0,0.0,0.0,0.0,0.0,0.0,0.0,0.0,0.0,0.0
2025-10-28 16:15:00+00:00,472,7095,0.0,0.0,0.0,0.0,0.0,0.0,0.0,0.0,0.0,0.0,0.0,0.0,0.0,0.0,0.0,0.0,0.0,0.0,0.0,0.0,0.0
2025-10-28 16:30:00+00:00,473,7110,0.0,0.0,0.0,0.0,0.0,0.0,0.0,0.0,0.0,0.0,0.0,0.0,0.0,0.0,0.0,0.0,0.0,0.0,0.0,0.0,0.0
2025-10-28 16:45:00+00:00,474,7125,0.0,0.0,0.0,0.0,0.0,0.0,0.0,0.0,0.0,0.0,0.0,0.0,0.0,0.0,0.0,0.0,0.0,0.0,0.0,0.0,0.0
2025-10-28 17:00:00+00:00,475,7140,0.0,0.0,0.0,0.0,0.0,0.0,0.0,0.0,0.0,0.0,0.0,0.0,0.0,0.0,0.0,0.0,0.0,0.0,0.0,0.0,0.0
2025-10-28 17:15:00+00:00,476,7155,0.0,0.0,0.0,0.0,0.0,0.0,0.0,0.0,0.0,0.0,0.0,0.0,0.0,0.0,0.0,0.0,0.0,0.0,0.0,0.0,0.0
2025-10-28 17:30:00+00:00,477,7170,0.0,0.0,0.0,0.0,0.0,0.0,0.0,0.0,0.0,0.0,0.0,0.0,0.0,0.0,0.0,0.0,0.0,0.0,0.0,0.0,0.0
2025-10-28 17:45:00+00:00,478,7185,0.0,0.0,0.0,0.0,0.0,0.0,0.0,0.0,0.0,0.0,0.0,0.0,0.0,0.0,0.0,0.0,0.0,0.0,0.0,0.0,0.0
2025-10-28 18:00:00+00:00,479,7200,0.0,0.0,0.0,0.0,0.0,0.0,0.0,0.0,0.0,0.0,0.0,0.0,0.0,0.0,0.0,0.0,0.0,0.0,0.0,0.0,0.0
2025-10-28 18:15:00+00:00,480,7215,0.0,0.0,0.0,0.0,0.0,0.0,0.0,0.0,0.0,0.0,0.0,0.0,0.0,0.0,0.0,0.0,0.0,0.0,0.0,0.0,0.0
2025-10-28 18:30:00+00:00,481,7230,0.0,0.0,0.0,0.0,0.0,0.0,0.0,0.0,0.0,0.0,0.0,0.0,0.0,0.0,0.0,0.0,0.0,0.0,0.0,0.0,0.0
2025-10-28 18:45:00+00:00,482,7245,0.0,0.0,0.0,0.0,0.0,0.0,0.0,0.0,0.0,0.0,0.0,0.0,0.0,0.0,0.0,0.0,0.0,0.0,0.0,0.0,0.0
2025-10-28 19:00:00+00:00,483,7260,0.0,0.0,0.0,0.0,0.0,0.0,0.0,0.0,0.0,0.0,0.0,0.0,0.0,0.0,0.0,0.0,0.0,0.0,0.0,0.0,0.0
2025-10-28 19:15:00+00:00,484,7275,0.0,0.0,0.0,0.0,0.0,0.0,0.0,0.0,0.0,0.0,0.0,0.0,0.0,0.0,0.0,0.0,0.0,0.0,0.0,0.0,0.0
2025-10-28 19:30:00+00:00,485,7290,0.0,0.0,0.0,0.0,0.0,0.0,0.0,0.0,0.0,0.0,0.0,0.0,0.0,0.0,0.0,0.0,0.0,0.0,0.0,0.0,0.0
2025-10-28 19:45:00+00:00,486,7305,0.0,0.0,0.0,0.0,0.0,0.0,0.0,0.0,0.0,0.0,0.0,0.0,0.0,0.0,0.0,0.0,0.0,0.0,0.0,0.0,0.0
2025-10-28 20:00:00+00:00,487,7320,0.0,0.0,0.0,0.0,0.0,0.0,0.0,0.0,0.0,0.0,0.0,0.0,0.0,0.0,0.0,0.0,0.0,0.0,0.0,0.0,0.0
