horizon,horizon_num,horizon_minutes,p_05,p_10,p_15,p_20,p_25,p_30,p_35,p_40,p_45,p_50,p_55,p_60,p_65,p_70,p_75,p_80,p_85,p_90,p_95,clear_sky,deterministic
2025-10-08 07:30:00+00:00,0,15,0.0,42.695970269271946,133.70903839341054,256.6501834894553,457.34072674866667,753.2808258362816,1016.861058291368,1160.442466278774,1332.8330982434125,1547.2347504949437,1735.1649449472927,1904.382615963277,2163.6955621391717,2581.5328495545577,2777.0615756368825,2970.1134370341983,3388.718577730841,3847.634111008901,4433.612688014353,33634.33751944375,1788.8003666840928
2025-10-08 07:45:00+00:00,1,30,0.0,40.26918071869221,142.0818263093479,243.89447190000354,649.1233784819087,1066.129956587484,1330.6265927030065,1629.7621253131072,1880.0600525197942,2132.0310000847517,2544.0659801247602,2895.221595398139,3151.41880899236,3421.811931929408,3698.701639466168,4042.869141484279,4579.943688970462,5515.221685926316,7692.325792772211,38052.54618248007,2943.9387394765254
2025-10-08 08:00:00+00:00,2,45,0.0,15.556570462016536,109.9566684928896,204.35676652376262,705.894957608982,996.2096906173889,1374.2267751301972,1619.93235177622,1900.0188221699727,2201.3081089362727,2667.0007262165,2987.5131090825344,3271.411329795602,3562.6875048336733,3897.99763965045,4436.59620322911,4980.459351617529,6128.729561156074,8471.014001590338,42386.148608129486,3031.9098709441246
2025-10-08 08:15:00+00:00,3,60,0.0,58.09533054382614,191.6126691620932,487.91926781513945,911.8434031453068,1219.5216644848233,1589.0785584653254,1890.0198748452392,2167.423028883732,2488.0910671003944,2961.8695535545794,3258.303721585572,3585.381651241671,3933.7140752835844,4311.585817788342,4947.557587331096,5536.513847684621,6746.109593186789,8976.486548221521,46345.82178899338,3471.581273720393
2025-10-08 08:30:00+00:00,4,75,0.0,0.0,79.22832185006327,172.26708512353198,314.9749798320556,625.6044371679806,966.1826204732427,1324.7573089977386,1629.3048817377323,1948.4858070245457,2496.953081740927,2885.6334659710324,3171.883648804078,3553.2954357488,3900.6011942793125,4464.599379806482,5054.012204285612,6307.130115337298,8196.62632103128,50012.25571320231,2939.249320773839
2025-10-08 08:45:00+00:00,5,90,413.5890428804356,842.4961984601466,1665.325519742797,2262.704075864394,2772.197650143431,3162.434238316701,3471.0242019750826,3817.7784677922227,4423.105041915769,4774.699103056168,5132.837454240474,5518.077904509566,5972.628911774087,6347.448240238126,6965.274282165924,7750.965025833347,9305.387853661601,10595.405212257529,14678.932104932865,53363.551499475725,5827.686762963579
2025-10-08 09:00:00+00:00,6,105,0.0,0.0,32.593371611732834,92.84172519705713,153.09007878238143,478.3059823366412,924.4481052197256,1212.1443498900742,1511.883902968521,1908.9132356038783,2524.2218217148143,2912.257065662287,3193.501758694763,3637.4661845776545,3995.550699135056,4793.050760590987,5368.776581399122,6607.518755773357,8267.122931214792,56381.041843822364,2820.6948822770346
2025-10-08 09:15:00+00:00,7,120,0.0,0.0,0.0,31.228255208815884,93.94941185703078,156.67056850524577,219.39172515346067,367.8647093057006,767.8425742655768,1073.6621822013474,1733.7023631438549,2078.1767081279722,2426.1413556816283,2981.1166569701672,3324.0421833155247,4147.958157909843,4792.85627144001,6041.849085037533,8131.746287842389,59048.70813393399,2584.208948473553
2025-10-08 09:30:00+00:00,8,135,0.0,143.39516564542055,594.1330397412605,1422.345909548445,1781.5151235160604,2303.3436058476877,2656.2003221555397,2978.1539120791963,3265.871340330837,4034.067941525253,4519.321201267197,5008.177664369775,5604.038637478972,6080.89614250155,6887.908665227415,7360.231862585568,8559.19093516668,10716.163862072935,12876.772944974678,61352.86062184301,5021.680325733563
2025-10-08 09:45:00+00:00,9,150,0.0,212.59930524832652,834.6435149092733,1541.391406638419,2021.639048105192,2538.9145533090714,2864.100626516829,3220.6025730597075,3623.3689515237843,4325.081085319713,4743.190444220395,5179.863814765633,5841.197484402964,6307.412901303382,7129.185113483892,7598.04998189456,8907.893309953664,11086.334086741634,15172.664066227926,63281.97522580814,5479.592762396323
2025-10-08 10:00:00+00:00,10,165,0.0,238.84936336780774,927.804664913058,1715.2530721352323,2127.288562570818,2655.099541241692,3077.231402465658,3525.645154722247,3928.4669111895323,4574.457628039635,4990.893444153389,5476.212463506227,6128.548129704779,6583.916675643278,7352.743688534468,7957.5954798938,9141.24891006988,11449.01392248237,16295.269796211523,64826.622884228986,5890.954812386746
2025-10-08 10:15:00+00:00,11,180,50.78207239799076,254.86851429934984,895.5389038129911,1878.7842971839877,2373.5273410558766,2907.545239756337,3359.4102638003983,3683.5259727831726,4081.6416543234136,4914.628937031597,5410.881548416394,5856.205879807171,6421.360473519736,6921.843505785376,7812.883988385685,8454.846957707114,9793.962464752547,12064.784151052028,17283.764534072117,65979.45173940904,6201.6962735981615
2025-10-08 10:30:00+00:00,12,195,67.79992985436738,314.02072774654346,1018.6913637450357,2139.3943413561615,2577.697497138732,3121.2679719192815,3638.4931630114324,3997.722645814892,4691.422790469903,5163.313119542084,5553.053803914968,5994.941166070374,6535.618810556112,6990.4296818418425,8026.488636312616,8714.444526956471,10296.989131870898,12866.626468041843,18597.502804941796,66735.19750693749,6545.676441973614
2025-10-08 10:45:00+00:00,13,210,52.84772281271765,264.23861406358816,967.4802627235894,2175.8531209980747,2737.1414631050125,3218.005386992339,3704.512176782965,4009.4288594156546,4809.142775957305,5249.713550858036,5711.729164581537,6390.767290593606,6843.9050091517365,7509.003314861634,8241.96718541968,9196.0037843382,10728.087730981686,13227.66608976069,18126.768924762197,67090.70651237633,6573.799919138346
2025-10-08 11:00:00+00:00,14,225,48.284203851063914,265.0016769500251,1034.0415761432137,2254.7567647652922,2696.3051085131738,3200.625944234722,3645.3338612657767,4069.01461418046,4907.339427638913,5304.183185980976,5751.131129833373,6353.40519467895,6892.347251492639,7674.169651675258,8438.077538320766,9486.97253622336,11949.12703118629,15355.418306909549,18948.243347010713,67044.96156788924,6775.095015199843
2025-10-08 11:15:00+00:00,15,240,54.14258009398345,269.56093068068344,1035.8944305275986,2203.5307801427866,2662.6712902653107,3236.6617958458787,3730.495345088113,4135.905169091874,4974.696548412885,5374.7698045108955,5833.301383703314,6464.606620901648,6951.137963367773,7956.783405324142,8467.540280026136,9728.384870078507,11837.289034232466,17333.185692787167,18953.22424179567,66599.10525894107,6915.526676849858
2025-10-08 11:30:00+00:00,16,255,0.0,208.98350434246078,1186.274192050759,2074.2417467105884,2509.1701197110942,3204.008653800125,3684.5789375751947,4127.848609467683,4763.989020644596,5124.422427036414,5554.751154449914,6147.032953843644,6621.095377861171,7481.90971823866,8221.686958838905,9839.648608916827,12243.124993481455,17180.813093724613,19044.8611009714,65756.45834749255,6802.636901885126
2025-10-08 11:45:00+00:00,17,270,0.0,192.59721067078848,945.4529774901218,2062.7486626577806,2541.741324601233,3173.9989826363085,3613.5355353595996,4149.385492791,4686.778924677528,5084.731207255513,5564.022302503692,6076.491863153968,6497.046977613155,7459.116110182627,8016.023680894254,11084.355195667622,14738.475939163996,17142.077697828398,19267.751517064164,64522.53380227644,6939.836362359014
2025-10-08 12:00:00+00:00,18,285,0.0,212.30295041383206,1601.7550418198034,2136.664512590352,2732.7679437251754,3251.24629473648,3637.832787141477,4255.3104106967685,4692.215027247673,5064.636173057753,5581.486343876486,5985.915900005183,6549.852360309186,7597.032138670956,8343.413542864993,11295.459569198289,14556.336318481519,16830.425083187296,18624.39249029841,62905.049867250986,6951.197344480741
2025-10-08 12:15:00+00:00,19,300,0.0,345.07631355881955,1606.6950639289341,2163.7889391194935,2645.2323586643042,3039.2854217857716,3477.733725624342,4096.271753312844,4574.631627518208,5039.282590162742,5575.910048867332,6029.212953294279,6946.271801807563,7765.953929362588,10410.364901481806,12254.871223628637,15440.355818918259,16536.28924936293,18627.191848857266,60913.94837809916,7558.348260022843
2025-10-08 12:30:00+00:00,20,315,0.0,379.6874848413211,1460.8822330689593,2028.6774501830903,2555.21436685585,3043.016416639866,3569.9644738361835,4053.26790085029,4450.619488183675,4909.515337745438,5348.960926344601,6223.872222906825,7032.069949824364,8176.814594154968,10719.540986792666,13276.581801092634,15050.815576321766,16146.529947808158,17941.349265061854,58561.42831248234,7676.209515290541
2025-10-08 12:45:00+00:00,21,330,0.0,349.3968967796565,1318.7229855726214,1943.864052380785,2457.410290815831,2872.8021264495287,3289.564401288563,3741.5080160748835,4132.925068699443,4546.053478434125,5151.872740955241,6347.7804872654315,7154.140889099281,9284.159716895772,12020.761381486402,13657.148335846077,14496.192238393458,15698.5625769976,17657.25497872529,55862.00938481232,7595.003987004595
2025-10-08 13:00:00+00:00,22,345,0.0,327.29040104747656,1034.0907406421022,1472.8068047136453,2145.1996710994586,2596.8130546267935,3069.4154900368526,3487.4548499121124,3938.1778488667283,4578.401591763495,5482.114217545232,6194.698985153307,7857.189050622979,9340.00799680813,11371.853063927285,13010.265851282042,13847.894567077072,15077.25110044845,16939.88147942216,52832.64710576663,7303.605952138525
2025-10-08 13:15:00+00:00,23,360,0.0,223.4630021497124,723.6299939836072,1162.5687374241604,1856.4174256839276,2270.167736981041,2708.7257969380635,3238.119102218432,3766.7960639694934,4679.251239082879,5652.641985467156,6854.837098827796,8201.285108978402,9400.09840344554,11148.847410141192,12306.653957457404,13002.221423339546,14266.182287249798,17793.176108847194,49492.93151851127,6942.150583218555
2025-10-08 13:30:00+00:00,24,375,0.0,131.24731106013115,329.68074563913893,693.0226062211648,1430.1819686111885,2185.2164463568224,2575.0445326321114,2998.9436628276453,3652.416555145108,4860.050704518476,5982.016162560161,7031.057005517446,8131.002746727982,9606.47784035534,10762.263506770134,11492.35514594878,12578.608102371556,13745.230504383622,18094.372791952675,45865.41805922279,6712.86424325141
2025-10-08 13:45:00+00:00,25,390,0.0,66.24096922603098,220.37860915583386,521.3149702994267,1093.215894783635,1665.1815583481803,1968.5761249560194,2579.828176731094,3789.667314192011,4629.832160571478,5645.761615341017,6932.266824332878,8232.237612384568,9167.605591016947,9908.82465982226,10706.453137864068,11718.601403864985,12978.168348226822,17758.714044114342,41976.16456466848,6295.961364599918
2025-10-08 14:00:00+00:00,26,405,0.0,31.8567236560018,153.974164337342,276.0916050186821,744.9952048641907,1160.6673129152784,1732.5519322571117,2253.549431535173,3196.1234974301515,4214.005614545868,5056.784213639801,6207.978327952506,7479.613756398142,8297.290537540974,9230.878000396402,10129.709807801371,10695.261580434568,13355.456330036051,16550.900489435742,37842.86714677722,5775.767713989427
2025-10-08 14:15:00+00:00,27,420,0.0,43.45802148638705,168.1139252236552,315.25681766371844,601.7419960791958,1121.8076904745028,1686.308162417403,2229.746901002488,3284.2524925184002,3960.1507872044435,4658.978769085886,5742.643223830222,7141.582152739116,7775.051673351027,8299.673965582755,9015.562621267649,9739.439358780304,12704.19662249009,14628.239970200439,33397.243335612744,5310.806077131098
2025-10-08 14:30:00+00:00,28,435,0.0,33.88504424066571,159.74377999170972,285.6025157427537,510.7252260178959,969.0057962340862,1396.8853110155299,1859.0559971238445,2998.377407978405,3605.4310528958213,4181.130974215026,5171.515613817355,6336.73996528574,7088.38006885141,7483.123546935057,8165.297945127165,9070.468552446464,12051.297318886547,15627.57358906215,29025.852906087704,5101.297016763694
2025-10-08 14:45:00+00:00,29,450,0.0,66.24783360477319,207.38452258885522,396.2278780218988,681.8392228179061,968.8265003512945,1384.8807139302019,1837.6461419133495,3069.583892233209,3447.9908832171022,4306.275438429491,5306.865126889538,5843.373904050265,6310.229706175526,6797.670238167999,7187.569547245694,8136.2701935863415,10341.241989944841,13323.158465256922,24562.86716152101,4600.530418042895
2025-10-08 15:00:00+00:00,30,465,0.0,55.68897281439674,168.27754828698147,339.6549064183258,571.613195304421,913.3247618394063,1335.6617724856533,2302.008141867858,2678.2750190269257,3286.5363327781474,3887.0328135510626,4374.8997165816045,4792.395275317301,5163.904852072914,5594.439437681886,6180.292708601931,7594.315053595006,8928.746630539477,11323.190249771946,20072.94998340741,3979.2792810610326
2025-10-08 15:15:00+00:00,31,480,0.0,66.24922697942014,176.76929506223917,356.25125663958806,565.676559637057,871.8539133746707,1287.6435192868676,1996.3805083758762,2273.1983354008144,2578.1711582914027,2937.775780739012,3489.952025711422,3827.6229435458217,4062.7794121977267,4383.401626060387,4887.3761668615625,5715.773623972067,6778.3890626935145,8645.912368962247,15639.574985850852,3139.1070570244333
2025-10-08 15:30:00+00:00,32,495,0.0,49.86376340431961,104.3202418590371,433.01958921433203,749.7076443371751,1052.1803517133405,1322.4411407109196,1512.28516041856,1768.2366672613527,2007.86921089464,2380.6298664648025,2705.632630325348,2840.2763152520533,3059.7362212062076,3405.7655040275527,3970.0618196864957,4612.417602949496,5967.433061668705,6399.932403673657,11242.277072458808,2493.145439389814
2025-10-08 15:45:00+00:00,33,510,0.0,37.54156975141587,90.38665625599516,385.40419883860795,518.0718721492283,773.1592659835828,869.1648400421238,981.4444828168614,1204.7536744971055,1388.3391484020513,1577.6131471708375,1737.1259120162254,1826.9318340857883,1987.1266527035477,2209.3955606707937,2543.3564696874096,2997.886941273549,3865.893201525482,4177.042948351895,7264.859732015564,1636.8002783506024
2025-10-08 16:00:00+00:00,34,525,0.0,11.466999796384522,33.7974730840807,172.40558602107365,219.6504608916126,335.9432129588161,423.3900515312135,472.49344678225725,597.6466096443284,656.7493726854622,800.2727141528065,864.2705719392186,969.9647717783218,1098.5596545758665,1231.574693481855,1472.7618496223222,1737.117341012488,1878.2825178674093,1969.7484737491868,3496.4134709161567,833.8623217128915
2025-10-08 16:15:00+00:00,35,540,0.0,3.4912473490441553,7.5643692562623395,43.76091453290136,67.59915609906615,105.24213416443484,116.35062112400705,140.70481598529372,172.75953632051284,212.1859966904215,220.27063425777078,272.40755076686986,296.79311317383633,314.7175683751823,362.53332011601174,376.3438649829533,446.2499794809758,472.31634170284684,499.3344485902723,870.2396298512663,228.19293334221933
2025-10-08 16:30:00+00:00,36,555,0.3607492077392551,0.7334532559381004,0.9813899067535461,1.2659267709363642,1.458359523634538,1.6357547353719986,1.801293383567894,2.0900754688204652,2.4860053958487986,2.841421328949372,3.2216675040725296,3.5024593174664975,3.9744439964643536,4.701186485010984,5.236022395298675,5.928317875692495,6.827364956226193,8.132644046966247,9.90099882146222,18.912829306273935,3.8406965138109803
2025-10-08 16:45:00+00:00,37,570,0.0,0.0,0.0,0.0,0.0,0.0,0.0,0.0,0.0,0.0,0.0,0.0,0.0,0.0,0.0,0.0,0.0,0.0,0.0,0.0,0.0
2025-10-08 17:00:00+00:00,38,585,0.0,0.0,0.0,0.0,0.0,0.0,0.0,0.0,0.0,0.0,0.0,0.0,0.0,0.0,0.0,0.0,0.0,0.0,0.0,0.0,0.0
2025-10-08 17:15:00+00:00,39,600,0.0,0.0,0.0,0.0,0.0,0.0,0.0,0.0,0.0,0.0,0.0,0.0,0.0,0.0,0.0,0.0,0.0,0.0,0.0,0.0,0.0
2025-10-08 17:30:00+00:00,40,615,0.0,0.0,0.0,0.0,0.0,0.0,0.0,0.0,0.0,0.0,0.0,0.0,0.0,0.0,0.0,0.0,0.0,0.0,0.0,0.0,0.0
2025-10-08 17:45:00+00:00,41,630,0.0,0.0,0.0,0.0,0.0,0.0,0.0,0.0,0.0,0.0,0.0,0.0,0.0,0.0,0.0,0.0,0.0,0.0,0.0,0.0,0.0
2025-10-08 18:00:00+00:00,42,645,0.0,0.0,0.0,0.0,0.0,0.0,0.0,0.0,0.0,0.0,0.0,0.0,0.0,0.0,0.0,0.0,0.0,0.0,0.0,0.0,0.0
2025-10-08 18:15:00+00:00,43,660,0.0,0.0,0.0,0.0,0.0,0.0,0.0,0.0,0.0,0.0,0.0,0.0,0.0,0.0,0.0,0.0,0.0,0.0,0.0,0.0,0.0
2025-10-08 18:30:00+00:00,44,675,0.0,0.0,0.0,0.0,0.0,0.0,0.0,0.0,0.0,0.0,0.0,0.0,0.0,0.0,0.0,0.0,0.0,0.0,0.0,0.0,0.0
2025-10-08 18:45:00+00:00,45,690,0.0,0.0,0.0,0.0,0.0,0.0,0.0,0.0,0.0,0.0,0.0,0.0,0.0,0.0,0.0,0.0,0.0,0.0,0.0,0.0,0.0
2025-10-08 19:00:00+00:00,46,705,0.0,0.0,0.0,0.0,0.0,0.0,0.0,0.0,0.0,0.0,0.0,0.0,0.0,0.0,0.0,0.0,0.0,0.0,0.0,0.0,0.0
2025-10-08 19:15:00+00:00,47,720,0.0,0.0,0.0,0.0,0.0,0.0,0.0,0.0,0.0,0.0,0.0,0.0,0.0,0.0,0.0,0.0,0.0,0.0,0.0,0.0,0.0
2025-10-08 19:30:00+00:00,48,735,0.0,0.0,0.0,0.0,0.0,0.0,0.0,0.0,0.0,0.0,0.0,0.0,0.0,0.0,0.0,0.0,0.0,0.0,0.0,0.0,0.0
2025-10-08 19:45:00+00:00,49,750,0.0,0.0,0.0,0.0,0.0,0.0,0.0,0.0,0.0,0.0,0.0,0.0,0.0,0.0,0.0,0.0,0.0,0.0,0.0,0.0,0.0
2025-10-08 20:00:00+00:00,50,765,0.0,0.0,0.0,0.0,0.0,0.0,0.0,0.0,0.0,0.0,0.0,0.0,0.0,0.0,0.0,0.0,0.0,0.0,0.0,0.0,0.0
2025-10-08 20:15:00+00:00,51,780,0.0,0.0,0.0,0.0,0.0,0.0,0.0,0.0,0.0,0.0,0.0,0.0,0.0,0.0,0.0,0.0,0.0,0.0,0.0,0.0,0.0
2025-10-08 20:30:00+00:00,52,795,0.0,0.0,0.0,0.0,0.0,0.0,0.0,0.0,0.0,0.0,0.0,0.0,0.0,0.0,0.0,0.0,0.0,0.0,0.0,0.0,0.0
2025-10-08 20:45:00+00:00,53,810,0.0,0.0,0.0,0.0,0.0,0.0,0.0,0.0,0.0,0.0,0.0,0.0,0.0,0.0,0.0,0.0,0.0,0.0,0.0,0.0,0.0
2025-10-08 21:00:00+00:00,54,825,0.0,0.0,0.0,0.0,0.0,0.0,0.0,0.0,0.0,0.0,0.0,0.0,0.0,0.0,0.0,0.0,0.0,0.0,0.0,0.0,0.0
2025-10-08 21:15:00+00:00,55,840,0.0,0.0,0.0,0.0,0.0,0.0,0.0,0.0,0.0,0.0,0.0,0.0,0.0,0.0,0.0,0.0,0.0,0.0,0.0,0.0,0.0
2025-10-08 21:30:00+00:00,56,855,0.0,0.0,0.0,0.0,0.0,0.0,0.0,0.0,0.0,0.0,0.0,0.0,0.0,0.0,0.0,0.0,0.0,0.0,0.0,0.0,0.0
2025-10-08 21:45:00+00:00,57,870,0.0,0.0,0.0,0.0,0.0,0.0,0.0,0.0,0.0,0.0,0.0,0.0,0.0,0.0,0.0,0.0,0.0,0.0,0.0,0.0,0.0
2025-10-08 22:00:00+00:00,58,885,0.0,0.0,0.0,0.0,0.0,0.0,0.0,0.0,0.0,0.0,0.0,0.0,0.0,0.0,0.0,0.0,0.0,0.0,0.0,0.0,0.0
2025-10-08 22:15:00+00:00,59,900,0.0,0.0,0.0,0.0,0.0,0.0,0.0,0.0,0.0,0.0,0.0,0.0,0.0,0.0,0.0,0.0,0.0,0.0,0.0,0.0,0.0
2025-10-08 22:30:00+00:00,60,915,0.0,0.0,0.0,0.0,0.0,0.0,0.0,0.0,0.0,0.0,0.0,0.0,0.0,0.0,0.0,0.0,0.0,0.0,0.0,0.0,0.0
2025-10-08 22:45:00+00:00,61,930,0.0,0.0,0.0,0.0,0.0,0.0,0.0,0.0,0.0,0.0,0.0,0.0,0.0,0.0,0.0,0.0,0.0,0.0,0.0,0.0,0.0
2025-10-08 23:00:00+00:00,62,945,0.0,0.0,0.0,0.0,0.0,0.0,0.0,0.0,0.0,0.0,0.0,0.0,0.0,0.0,0.0,0.0,0.0,0.0,0.0,0.0,0.0
2025-10-08 23:15:00+00:00,63,960,0.0,0.0,0.0,0.0,0.0,0.0,0.0,0.0,0.0,0.0,0.0,0.0,0.0,0.0,0.0,0.0,0.0,0.0,0.0,0.0,0.0
2025-10-08 23:30:00+00:00,64,975,0.0,0.0,0.0,0.0,0.0,0.0,0.0,0.0,0.0,0.0,0.0,0.0,0.0,0.0,0.0,0.0,0.0,0.0,0.0,0.0,0.0
2025-10-08 23:45:00+00:00,65,990,0.0,0.0,0.0,0.0,0.0,0.0,0.0,0.0,0.0,0.0,0.0,0.0,0.0,0.0,0.0,0.0,0.0,0.0,0.0,0.0,0.0
2025-10-09 00:00:00+00:00,66,1005,0.0,0.0,0.0,0.0,0.0,0.0,0.0,0.0,0.0,0.0,0.0,0.0,0.0,0.0,0.0,0.0,0.0,0.0,0.0,0.0,0.0
2025-10-09 00:15:00+00:00,67,1020,0.0,0.0,0.0,0.0,0.0,0.0,0.0,0.0,0.0,0.0,0.0,0.0,0.0,0.0,0.0,0.0,0.0,0.0,0.0,0.0,0.0
2025-10-09 00:30:00+00:00,68,1035,0.0,0.0,0.0,0.0,0.0,0.0,0.0,0.0,0.0,0.0,0.0,0.0,0.0,0.0,0.0,0.0,0.0,0.0,0.0,0.0,0.0
2025-10-09 00:45:00+00:00,69,1050,0.0,0.0,0.0,0.0,0.0,0.0,0.0,0.0,0.0,0.0,0.0,0.0,0.0,0.0,0.0,0.0,0.0,0.0,0.0,0.0,0.0
2025-10-09 01:00:00+00:00,70,1065,0.0,0.0,0.0,0.0,0.0,0.0,0.0,0.0,0.0,0.0,0.0,0.0,0.0,0.0,0.0,0.0,0.0,0.0,0.0,0.0,0.0
2025-10-09 01:15:00+00:00,71,1080,0.0,0.0,0.0,0.0,0.0,0.0,0.0,0.0,0.0,0.0,0.0,0.0,0.0,0.0,0.0,0.0,0.0,0.0,0.0,0.0,0.0
2025-10-09 01:30:00+00:00,72,1095,0.0,0.0,0.0,0.0,0.0,0.0,0.0,0.0,0.0,0.0,0.0,0.0,0.0,0.0,0.0,0.0,0.0,0.0,0.0,0.0,0.0
2025-10-09 01:45:00+00:00,73,1110,0.0,0.0,0.0,0.0,0.0,0.0,0.0,0.0,0.0,0.0,0.0,0.0,0.0,0.0,0.0,0.0,0.0,0.0,0.0,0.0,0.0
2025-10-09 02:00:00+00:00,74,1125,0.0,0.0,0.0,0.0,0.0,0.0,0.0,0.0,0.0,0.0,0.0,0.0,0.0,0.0,0.0,0.0,0.0,0.0,0.0,0.0,0.0
2025-10-09 02:15:00+00:00,75,1140,0.0,0.0,0.0,0.0,0.0,0.0,0.0,0.0,0.0,0.0,0.0,0.0,0.0,0.0,0.0,0.0,0.0,0.0,0.0,0.0,0.0
2025-10-09 02:30:00+00:00,76,1155,0.0,0.0,0.0,0.0,0.0,0.0,0.0,0.0,0.0,0.0,0.0,0.0,0.0,0.0,0.0,0.0,0.0,0.0,0.0,0.0,0.0
2025-10-09 02:45:00+00:00,77,1170,0.0,0.0,0.0,0.0,0.0,0.0,0.0,0.0,0.0,0.0,0.0,0.0,0.0,0.0,0.0,0.0,0.0,0.0,0.0,0.0,0.0
2025-10-09 03:00:00+00:00,78,1185,0.0,0.0,0.0,0.0,0.0,0.0,0.0,0.0,0.0,0.0,0.0,0.0,0.0,0.0,0.0,0.0,0.0,0.0,0.0,0.0,0.0
2025-10-09 03:15:00+00:00,79,1200,0.0,0.0,0.0,0.0,0.0,0.0,0.0,0.0,0.0,0.0,0.0,0.0,0.0,0.0,0.0,0.0,0.0,0.0,0.0,0.0,0.0
2025-10-09 03:30:00+00:00,80,1215,0.0,0.0,0.0,0.0,0.0,0.0,0.0,0.0,0.0,0.0,0.0,0.0,0.0,0.0,0.0,0.0,0.0,0.0,0.0,0.0,0.0
2025-10-09 03:45:00+00:00,81,1230,0.0,0.0,0.0,0.0,0.0,0.0,0.0,0.0,0.0,0.0,0.0,0.0,0.0,0.0,0.0,0.0,0.0,0.0,0.0,0.0,0.0
2025-10-09 04:00:00+00:00,82,1245,0.0,0.0,0.0,0.0,0.0,0.0,0.0,0.0,0.0,0.0,0.0,0.0,0.0,0.0,0.0,0.0,0.0,0.0,0.0,0.0,0.0
2025-10-09 04:15:00+00:00,83,1260,0.0,0.0,0.0,0.0,0.0,0.0,0.0,0.0,0.0,0.0,0.0,0.0,0.0,0.0,0.0,0.0,0.0,0.0,0.0,0.0,0.0
2025-10-09 04:30:00+00:00,84,1275,0.0,0.0,0.0,0.0,0.0,0.0,0.0,0.0,0.0,0.0,0.0,0.0,0.0,0.0,0.0,0.0,0.0,0.0,0.0,0.0,0.0
2025-10-09 04:45:00+00:00,85,1290,0.0,0.0,0.0,0.0,0.0,0.0,0.0,0.0,0.0,0.0,0.0,0.0,0.0,0.0,0.0,0.0,0.0,0.0,0.0,0.0,0.0
2025-10-09 05:00:00+00:00,86,1305,0.0,0.0,0.0,0.0,0.0,0.0,0.0,0.0,0.0,0.0,0.0,0.0,0.0,0.0,0.0,0.0,0.0,0.0,0.0,0.0,0.0
2025-10-09 05:15:00+00:00,87,1320,0.0,0.0,0.0,0.0,0.0,0.0,0.0,0.0,0.0,0.0,0.0,0.0,0.0,0.0,0.0,0.0,0.0,0.0,0.0,0.0,0.0
2025-10-09 05:30:00+00:00,88,1335,1.3053938538382983,2.587871179370906,3.6558794456926447,5.189478631297222,6.57549830767634,7.9587263213814605,9.281748017523743,10.255365346590747,11.081233808121782,11.821292035487701,12.692596780625024,14.026474638308946,14.958639972231952,16.13323429414594,18.37595464596319,20.195916383455373,23.01325163451367,27.868296172050908,37.32701115118512,116.20119945972648,14.748519339532441
2025-10-09 05:45:00+00:00,89,1350,77.44087986527563,98.60006766173802,123.3602487963393,146.94388390743808,172.3755838012618,186.59482801529802,198.9771019037253,216.44281332604223,227.64981029468208,237.4261738216645,252.35649796545144,270.29121044490364,295.4675359487813,326.2382045517555,349.4388007145212,410.26429635276634,471.4525766283476,585.7768162445053,721.1084604586962,1397.3657242768907,292.96794923536686
2025-10-09 06:00:00+00:00,90,1365,259.2125269877612,378.5318799497026,486.5267382291193,613.9483037890544,710.4731880245989,766.6790451662813,820.7857709738578,882.2571672714027,940.3348370582572,1037.4868261401173,1190.2965903441313,1304.8225937051777,1494.1647821975478,1605.6938201852302,1816.6315892221821,2073.4486072659915,2494.8483717605154,2830.682697752635,3160.6138671590643,5518.52239112295,1370.1992333419666
2025-10-09 06:15:00+00:00,91,1380,422.42506909547933,662.1691979041756,897.9296579154623,1016.8757155404164,1127.5379227280903,1209.5155881014668,1289.0597409436123,1366.9996788210353,1456.2815063317912,1558.9853013134505,1693.779009370289,1860.951449853148,2058.571565412257,2318.989366990502,2754.954221429314,3370.638148757947,4131.446721070249,4806.068160437056,6028.06340949214,9878.106216630575,2348.966147932299
2025-10-09 06:30:00+00:00,92,1395,522.6807775564118,955.1853232495304,1283.8386389582545,1442.8665646172947,1618.4663697808035,1726.13544378666,1845.1955080243517,2012.7290993946472,2152.872694282364,2328.814256141868,2561.3106870762394,2945.917714954559,3418.1906177861683,4296.904926631631,5461.51401108335,6316.528606094359,7573.156094953855,8531.879300300028,9442.079156829555,14486.679259121156,3827.148889726762
2025-10-09 06:45:00+00:00,93,1410,629.1640303184437,1205.3895448802164,1605.1477953827525,1888.6479763989303,2203.3826005762794,2438.458174875308,2707.4088137110184,2949.0029430412133,3327.621167279561,3818.2578708929186,4811.827459296507,6275.595667647927,7432.160180139446,8615.107835139923,10055.785755576188,11117.667919107786,11718.636096171263,12045.310024095697,13360.16237336884,19270.231444997524,6074.848374057582
2025-10-09 07:00:00+00:00,94,1425,884.6987888339416,1467.3981482853887,1974.9300584415978,2574.1635994024005,3045.5004428316697,3498.1927244371377,3930.972524045894,4585.077504699454,6075.132580508979,7728.614912471645,8982.934093035314,10518.869659542097,12447.357937766743,13508.006157819333,14095.200913090051,14391.660491186218,14919.24280570007,16072.727129487974,17340.847085754776,23984.402175835425,8715.924395632255
2025-10-09 07:15:00+00:00,95,1440,1607.9897289396338,2215.014650451185,3064.2409292033612,3789.1117814380123,4258.563606426311,4799.091601057008,5745.5067575087505,7208.451656580882,9156.539261073975,10673.9560930107,12278.02252709716,14768.734579608456,15931.677050856257,16660.06320242108,17075.47214979692,17637.15685167217,18892.357873715733,19873.520165210342,21728.881313358885,28640.85541913084,11342.503542533592
2025-10-09 07:30:00+00:00,96,1455,1734.5372396075463,2408.5836937911645,3718.5050930359844,4647.82853837019,5160.965766680965,5949.506933031478,7747.533557436826,10374.180809519317,12052.889946025967,13593.961759473743,16769.066973177076,18135.38696913649,18926.603576182366,19607.589454959583,19973.35008316568,20785.947291426426,22283.946251070458,23256.984825430387,25348.895213856154,33169.48994362224,13332.924489885676
2025-10-09 07:45:00+00:00,97,1470,1938.3039694230122,2742.3148716797264,4356.417846449189,5448.548387151372,6028.213486908624,7671.008261731427,10576.724330589188,12994.226920340816,14548.009482290003,16964.62403457629,19470.242373693432,20950.443225687537,21675.795704104414,22374.042597189367,23049.14401887877,24685.722876958218,25775.006105674813,26759.293760199576,29343.536166093538,37545.75780191194,15670.510452198117
2025-10-09 08:00:00+00:00,98,1485,1759.9063197974713,2694.9637615344373,4315.976651519758,5730.928809642799,6487.774085009184,8740.235224944283,12790.944606466772,15076.43656842339,17232.992743374278,19943.651491266035,22124.803753157794,23386.02614546657,24295.408895435285,24827.103736985,25890.395102634335,27618.199027976643,28761.035554302365,30137.294646526043,32875.32068167381,41908.34053187583,17610.319391783054
2025-10-09 08:15:00+00:00,99,1500,2103.97804994613,3761.7669376419676,5316.667495000747,6408.572168943936,8145.947390194442,12027.824452336257,15485.436095735886,17918.612246759913,21023.444587355283,23740.69454137498,25238.169829742237,26318.504767778093,26951.057232366238,27934.8924998816,29686.944724581146,30645.027717834968,31707.08184998304,33066.43439985365,36459.765644735715,45870.54761977132,20162.580306277174
2025-10-09 08:30:00+00:00,100,1515,2724.1354629070515,4475.724100147744,6267.338371764211,7135.058871644818,9749.991832748756,15000.640991913917,18258.158477950965,21029.093644348613,24996.846390665218,26742.200021349498,27747.191763254992,28834.51791599147,29419.460820624437,31261.072009682124,32292.68617437274,33179.59050368331,34355.60417356403,35654.658063916075,38686.284270169424,49538.22676359995,22428.269160646225
2025-10-09 08:45:00+00:00,101,1530,2966.7157098624334,4900.043512363785,6761.051411781936,7791.700173862723,10455.999602026817,16931.074771693893,20322.365966599016,24120.581061643392,26998.689165481785,28687.754762942226,30142.701646640344,30875.339158690982,32112.156014546756,33774.02123212059,34691.03463900803,35639.00881301005,37055.26917450744,38865.54250911217,41619.24798005776,52889.51339051858,24338.690141789197
2025-10-09 09:00:00+00:00,102,1545,3785.2728804784942,5561.75706892433,7525.458965814388,9294.467392561219,11165.342782641434,16701.47800643436,21311.24912449989,26041.966823829283,28468.229923621097,30450.73023141274,32216.32599139112,32887.575228515474,35015.96259793468,35954.33942394822,37047.25556163628,38099.15638097524,39674.808920339514,41795.73929925349,44063.18909172343,55905.8321293185,26013.880116719458
2025-10-09 09:15:00+00:00,103,1560,3153.062905360465,5607.823036302263,7771.371760910904,9498.257964934763,11534.941925046605,17462.599936236023,23669.68878150241,27479.309307050913,30839.49382109104,32541.249123762303,34024.71548786354,35780.12632472003,36965.24225229464,37993.50728337385,39068.83475745203,40260.064106766265,42035.14819135353,44203.23347996316,46155.31872957152,58571.28072921406,27521.420968817005
2025-10-09 09:30:00+00:00,104,1575,3281.0596177234875,5920.8200026000995,8337.44106214255,10349.741040579798,13072.371180437269,21610.802715835533,26447.097654064703,29058.382388338116,33632.29518964763,35086.98253239734,36656.873096297044,38393.68246746958,39164.012799553864,40196.907871746436,41286.648628413066,43055.40054193664,45135.471187864256,46532.89713597206,48273.84785082688,60872.29249738427,29547.15347521406
2025-10-09 09:45:00+00:00,105,1590,3391.34492680257,6108.204552390177,8691.09622882699,11187.513420623816,15027.093786902335,23208.05246563872,28582.80300300952,33062.142812373655,36039.9857855902,36901.93451631747,39298.72326972531,40011.99152725709,41258.16303522321,41944.18211645728,43461.14421296784,46164.82326223833,47585.18261058544,48782.69183032294,49966.85834588401,62797.463719281615,31345.605545847462
2025-10-09 10:00:00+00:00,106,1605,4125.632736770577,6903.523757085298,9580.15723695461,12627.56829162748,17870.09951910578,24567.775942659573,29585.733533432398,33592.43793610563,37203.688302480456,37804.52374192594,40390.3170658757,41253.440727354086,42546.29744417895,42968.774395133296,44149.08361836358,47810.94200286596,49169.903150586884,50234.09488954213,51500.95576113512,64337.47819264308,32544.048043184364
2025-10-09 10:15:00+00:00,107,1620,5031.127964068612,7462.48398638503,10192.766941019494,13298.428788996742,22101.828509604642,26751.595743520058,30737.495014560543,34829.33966123665,38061.07740231924,39844.99551538688,41745.86006856159,42512.11901689567,43352.69281574689,43869.665746297964,44607.601816558774,48698.96419620648,49957.45264562474,50744.95678677568,52283.58565344856,65485.08704543489,33684.99068096306
2025-10-09 10:30:00+00:00,108,1635,5998.9804762302665,9569.210125444915,12294.533069255107,15545.905123004055,23966.460216259406,26812.88561811885,30354.903968380244,35263.15283219,38759.39940197185,40109.74729727771,42518.793398491034,43101.77421529837,43870.269593749945,44456.29058230082,45015.53361344869,46524.8604980913,49966.87906529055,51074.67100615557,52679.16573044041,66235.11804971994,34326.904144664804
2025-10-09 10:45:00+00:00,109,1650,6196.788368614944,9689.423183690884,11852.695791836963,13891.099070573682,19321.01782680738,24753.245290476556,27116.716571279045,30657.609695872085,35554.20107985901,39000.89121005655,39692.3569547973,42341.15085425042,43049.224855718494,43961.8000645143,44575.61372234544,45099.826676115095,46128.0747916319,50449.50707962794,52198.90485375571,66584.49829666349,32742.706661931756
2025-10-09 11:00:00+00:00,110,1665,6136.160599988451,8089.873339812313,10652.312178605891,12830.16213571647,14322.06812691527,18307.706044653445,22035.989204342382,25548.209751172526,27643.723360868662,29989.054154724163,35101.65320887433,38840.630641817326,39550.80067264914,41188.06753666079,42976.98107333809,44050.686071790275,44971.41609604967,45826.279877600835,49615.19110229619,66532.28010002176,29298.27624610311
2025-10-09 11:15:00+00:00,111,1680,5414.614167208343,7489.900531173386,9614.373823767415,11309.543533830412,13461.010208946238,15054.630143361715,18974.080903733302,21928.77298916292,25134.848597140615,27042.954932241068,28544.137313917643,32803.37030501349,36989.57139169451,39374.900125699554,40565.47222945651,42721.477097458206,43946.06588917806,45479.95234166767,48944.485599187225,66079.664567156,27199.115433608356
2025-10-09 11:30:00+00:00,112,1695,4967.417198951236,6881.008688638357,9225.247532470274,11479.97265583223,13355.261893015564,15990.51955252565,19155.16631465028,21555.77617706278,24324.11920258939,26227.756242983764,27677.195240899237,30940.057582702288,35297.00169330382,38291.29928937013,39021.83235919805,40818.08795772911,42430.232287618506,44535.40017617998,47150.284976168354,65230.02052147281,26307.600764703082
2025-10-09 11:45:00+00:00,113,1710,4531.452414111586,6536.532110464253,9400.733217228568,12243.05125530181,13863.51206342471,17220.625666302974,20030.237380669725,23240.244844991626,25270.85034061852,27045.69770286397,30428.74523686628,34115.52121543904,36972.533227825894,37897.88674566484,39039.19406625224,41147.98622420544,43077.21061485495,44249.844285688996,46632.0097403474,63988.899344977726,27025.48225994275
2025-10-09 12:00:00+00:00,114,1725,4446.5948626632735,6564.931284662729,9075.663825766624,12092.866671514852,15330.31214355975,18053.882948283812,20274.81616836346,22802.172693087643,25003.803796134107,26579.891346665136,30562.934245406126,33005.40125519534,35220.160870208274,36721.02885249791,38097.40211980045,40202.26105400095,42002.57716026274,43743.606886148395,46219.29869584857,62364.04928412604,26632.65903023649
2025-10-09 12:15:00+00:00,115,1740,4200.555212654694,6934.186995453541,9314.393779041882,12098.05224873085,15247.103655099423,18012.60062659141,20588.418477795778,23015.133586679,25079.03136509274,28272.10271335919,30732.686778872234,32688.053550735174,35002.583523572124,35646.73962515403,38187.4695168081,40123.89579702562,41247.0847065882,43167.75508071756,45217.24067266939,60365.43566318011,26484.435982161223
2025-10-09 12:30:00+00:00,116,1755,3878.037004445758,6211.321845662259,9017.176466376359,11905.03353751935,15892.455106027803,18300.847915280625,20762.30259123074,22936.97282403576,25104.092459551634,29073.500304368743,30869.312870544945,33677.16933844599,34425.68253583344,36925.01649860326,38820.761535389116,39592.21839534977,40974.48536849999,42509.72890229849,43996.863073441,58005.27738793502,26560.528553346678
2025-10-09 12:45:00+00:00,117,1770,3823.198600782516,5918.654851481806,8672.926252675716,11350.864229401965,14997.262353840182,17217.533977059018,19366.58816884416,21700.050264122314,24113.90371869086,27823.91823855893,29559.31512274315,32142.659133350808,32658.622036231416,34316.457124432956,36853.90641644697,37759.713060390095,39091.33642778848,40695.96046707941,42109.95166354505,55298.11521711462,25268.70307595476
2025-10-09 13:00:00+00:00,118,1785,3591.6471057835233,4823.4177940699965,7218.48156816969,10213.724316023654,13556.786961997399,15640.256064598392,18229.55986274231,21120.712210400194,24514.195334386528,26983.24960592072,29276.726086122635,30628.40699632023,31524.722751167144,33467.29910606576,35127.49519114672,36122.465976551815,37719.73155160524,38806.22610360879,39966.56827575486,52260.934334833546,24118.396505677512
2025-10-09 13:15:00+00:00,119,1800,3353.7221325737523,4679.2906699439545,6795.762923686294,9356.122435946068,13163.351322819337,14773.958875215521,17882.694116730792,20893.570114828133,24498.500261217578,26009.763386600844,28020.122011840744,28805.404332744696,29893.124322102183,31631.40272568184,32973.61631889064,34124.23522315677,35622.34307960137,36709.35541941672,37665.74922793104,48913.37529479493,22956.158540872533
2025-10-09 13:30:00+00:00,120,1815,3133.4532279352115,4319.141694280867,6296.441416603806,8271.136198973592,11414.078027399677,13336.990783681054,15740.076563057233,18703.645173246092,21949.408585309026,23714.434122024344,25347.303018099024,26526.91381508419,27204.133057869978,29053.309825882574,30487.03448033607,31547.171990872397,32916.106205830845,34058.82111529002,34970.75694905297,45278.08491239985,20984.110589945576
2025-10-09 13:45:00+00:00,121,1830,2247.7225375408057,3505.6158511177064,5063.192123622681,6380.422530955316,9041.472365032641,11445.1912594594,13500.995196642756,15834.490175928282,19312.400871226593,21208.866693227294,22015.291977509598,23398.919269772043,24451.44520638139,25157.182693585793,26959.973859556314,28297.434191895125,29400.700123132785,30840.535526923777,31813.12221050159,41381.28642372322,18436.3687373278
2025-10-09 14:00:00+00:00,122,1845,1950.3928962515542,2759.4702920337318,3800.8012829563936,5268.1988876095575,7029.537507225067,9595.90349278302,11087.76656982703,13379.18345024183,16039.07142392493,17951.200029542753,19381.191269848998,20132.570436874572,21591.357830348905,22175.29378268935,23434.693823792823,24955.29266360875,25918.904887995912,27415.83314072572,28796.224176413372,37205.264229525674,15977.261929128874
2025-10-09 14:15:00+00:00,123,1860,1588.8361289336144,2241.4378490869394,2848.9806111814855,4148.58455857431,5621.35646814761,7941.398279604637,9446.480523037526,11402.948880211643,13457.521523390773,15486.912955775166,16774.282118669897,17480.893178005063,18650.86725306531,19328.02015341398,20156.08105384396,21493.312581387116,22506.895713994003,24022.889282405973,25283.716535628093,32808.87755795431,13718.811227089973
2025-10-09 14:30:00+00:00,124,1875,1305.7522779741557,1911.1030015627623,2473.1645758016552,3482.161272492143,4484.202544755683,6258.953551312999,7592.311585301377,9606.939739530853,11657.875116053385,13388.40474519117,14544.791319967544,15136.641428816458,16103.396174758565,16801.71880464393,17363.06500528386,18576.490949497937,19605.621020971408,20939.104682476165,22025.736028672356,28435.875813381197,11797.110866415513
2025-10-09 14:45:00+00:00,125,1890,1043.547993657689,1635.0742535893696,2098.5559166897583,2611.3573513927977,3348.9942746222814,4361.985497522379,5556.62676951257,6971.816054849867,9020.099418103138,10590.54097384441,11661.259676472055,12557.072701624793,13057.634489507478,13899.184659695613,14310.451842379543,15002.884627262418,16095.640224123732,17208.190228408694,18786.13612586543,23974.293601729987,9525.611417162016
2025-10-09 15:00:00+00:00,126,1905,899.1035960588807,1337.3934214892,1862.638429779375,2329.700333369098,2835.068076966577,3578.7494286252777,4238.579526340772,5167.075362136361,6486.7792910099715,7542.0113324750555,8802.862144923307,9522.356348318448,10208.65756148113,10750.36621496148,11334.875321288122,11708.675998352091,12507.296070757815,13793.456117355423,15180.224115723735,19490.65462228795,7443.033300462141
2025-10-09 15:15:00+00:00,127,1920,706.4173583738151,1080.188400900248,1469.904459031214,1790.0001896634208,2175.0856830585194,2736.0722254682146,3256.6436993571806,3942.3899649475215,4823.283018940631,5382.932825366147,6495.00296027931,7128.489711154483,7518.018250841369,7998.836063175318,8360.38692081945,8862.83404605457,9225.289108598603,10148.153148577767,11720.939094627716,15071.570823990549,5579.946550679492
2025-10-09 15:30:00+00:00,128,1935,571.0405851425859,891.0623106248936,1100.5173318439959,1297.8176772686033,1556.1237464246212,1799.9251568051172,2147.214733617468,2552.531797875332,3059.69956160303,3614.7417682953906,4095.2836087470682,4802.442635021019,5151.007019820931,5481.63663842563,5788.068648588447,6161.586011135681,6552.947250275511,7224.423713151661,8331.851112098284,10661.039824985757,3865.359952690567
2025-10-09 15:45:00+00:00,129,1950,382.1194343632182,625.8479107682508,738.5774205004606,860.4511786786417,1032.0174605731893,1173.2789554823341,1384.4868508424283,1612.2081764405764,1980.2254447360033,2289.0713420833804,2609.595356374023,2942.0947314678197,3195.3348274086266,3370.266466420844,3651.338076643068,3861.3395978296858,4096.704628384896,4398.700790756756,5084.652192452417,6757.838437233509,2429.5799529866335
2025-10-09 16:00:00+00:00,130,1965,158.13213380534197,253.3589059917261,317.15315328845776,366.7473397975367,440.8349513506108,507.6819676669598,598.139245745853,691.8439070959101,841.6685881607671,1000.5689305487913,1157.4602113516332,1308.0923779931863,1421.823816242315,1516.449751244194,1632.0782632261357,1747.7368671871773,1837.2409524544166,1959.3768784481242,2227.7446853858764,2975.241775812931,1067.417896842449
2025-10-09 16:15:00+00:00,131,1980,26.789584367066926,52.90887762181884,66.50255822130981,76.11528476296809,89.33098828847785,107.91825734186797,120.59680674066863,139.92357165072886,160.50441746236766,199.48131838637352,230.56374562991823,279.6593090342162,298.51073109144886,321.7245258111067,352.09016691184695,376.0981239934223,398.522387639179,431.3757002653932,491.1302477947772,647.7977907061294,225.5276121981864
2025-10-09 16:30:00+00:00,132,1995,0.007005090667470323,0.013166104539456852,0.01600403562163569,0.01857257849167143,0.020958994812718075,0.02546748356927154,0.028707788377063347,0.03306992823350217,0.03789441670538202,0.04455535406367248,0.052496087738347866,0.05920056824265766,0.07046513216075265,0.07609721857853657,0.08206213463705996,0.08910437027298303,0.09517170397440221,0.10312744520613737,0.11598802584949058,0.15625825042549477,0.053032342845766
2025-10-09 16:45:00+00:00,133,2010,0.0,0.0,0.0,0.0,0.0,0.0,0.0,0.0,0.0,0.0,0.0,0.0,0.0,0.0,0.0,0.0,0.0,0.0,0.0,0.0,0.0
2025-10-09 17:00:00+00:00,134,2025,0.0,0.0,0.0,0.0,0.0,0.0,0.0,0.0,0.0,0.0,0.0,0.0,0.0,0.0,0.0,0.0,0.0,0.0,0.0,0.0,0.0
2025-10-09 17:15:00+00:00,135,2040,0.0,0.0,0.0,0.0,0.0,0.0,0.0,0.0,0.0,0.0,0.0,0.0,0.0,0.0,0.0,0.0,0.0,0.0,0.0,0.0,0.0
2025-10-09 17:30:00+00:00,136,2055,0.0,0.0,0.0,0.0,0.0,0.0,0.0,0.0,0.0,0.0,0.0,0.0,0.0,0.0,0.0,0.0,0.0,0.0,0.0,0.0,0.0
2025-10-09 17:45:00+00:00,137,2070,0.0,0.0,0.0,0.0,0.0,0.0,0.0,0.0,0.0,0.0,0.0,0.0,0.0,0.0,0.0,0.0,0.0,0.0,0.0,0.0,0.0
2025-10-09 18:00:00+00:00,138,2085,0.0,0.0,0.0,0.0,0.0,0.0,0.0,0.0,0.0,0.0,0.0,0.0,0.0,0.0,0.0,0.0,0.0,0.0,0.0,0.0,0.0
2025-10-09 18:15:00+00:00,139,2100,0.0,0.0,0.0,0.0,0.0,0.0,0.0,0.0,0.0,0.0,0.0,0.0,0.0,0.0,0.0,0.0,0.0,0.0,0.0,0.0,0.0
2025-10-09 18:30:00+00:00,140,2115,0.0,0.0,0.0,0.0,0.0,0.0,0.0,0.0,0.0,0.0,0.0,0.0,0.0,0.0,0.0,0.0,0.0,0.0,0.0,0.0,0.0
2025-10-09 18:45:00+00:00,141,2130,0.0,0.0,0.0,0.0,0.0,0.0,0.0,0.0,0.0,0.0,0.0,0.0,0.0,0.0,0.0,0.0,0.0,0.0,0.0,0.0,0.0
2025-10-09 19:00:00+00:00,142,2145,0.0,0.0,0.0,0.0,0.0,0.0,0.0,0.0,0.0,0.0,0.0,0.0,0.0,0.0,0.0,0.0,0.0,0.0,0.0,0.0,0.0
2025-10-09 19:15:00+00:00,143,2160,0.0,0.0,0.0,0.0,0.0,0.0,0.0,0.0,0.0,0.0,0.0,0.0,0.0,0.0,0.0,0.0,0.0,0.0,0.0,0.0,0.0
2025-10-09 19:30:00+00:00,144,2175,0.0,0.0,0.0,0.0,0.0,0.0,0.0,0.0,0.0,0.0,0.0,0.0,0.0,0.0,0.0,0.0,0.0,0.0,0.0,0.0,0.0
2025-10-09 19:45:00+00:00,145,2190,0.0,0.0,0.0,0.0,0.0,0.0,0.0,0.0,0.0,0.0,0.0,0.0,0.0,0.0,0.0,0.0,0.0,0.0,0.0,0.0,0.0
2025-10-09 20:00:00+00:00,146,2205,0.0,0.0,0.0,0.0,0.0,0.0,0.0,0.0,0.0,0.0,0.0,0.0,0.0,0.0,0.0,0.0,0.0,0.0,0.0,0.0,0.0
2025-10-09 20:15:00+00:00,147,2220,0.0,0.0,0.0,0.0,0.0,0.0,0.0,0.0,0.0,0.0,0.0,0.0,0.0,0.0,0.0,0.0,0.0,0.0,0.0,0.0,0.0
2025-10-09 20:30:00+00:00,148,2235,0.0,0.0,0.0,0.0,0.0,0.0,0.0,0.0,0.0,0.0,0.0,0.0,0.0,0.0,0.0,0.0,0.0,0.0,0.0,0.0,0.0
2025-10-09 20:45:00+00:00,149,2250,0.0,0.0,0.0,0.0,0.0,0.0,0.0,0.0,0.0,0.0,0.0,0.0,0.0,0.0,0.0,0.0,0.0,0.0,0.0,0.0,0.0
2025-10-09 21:00:00+00:00,150,2265,0.0,0.0,0.0,0.0,0.0,0.0,0.0,0.0,0.0,0.0,0.0,0.0,0.0,0.0,0.0,0.0,0.0,0.0,0.0,0.0,0.0
2025-10-09 21:15:00+00:00,151,2280,0.0,0.0,0.0,0.0,0.0,0.0,0.0,0.0,0.0,0.0,0.0,0.0,0.0,0.0,0.0,0.0,0.0,0.0,0.0,0.0,0.0
2025-10-09 21:30:00+00:00,152,2295,0.0,0.0,0.0,0.0,0.0,0.0,0.0,0.0,0.0,0.0,0.0,0.0,0.0,0.0,0.0,0.0,0.0,0.0,0.0,0.0,0.0
2025-10-09 21:45:00+00:00,153,2310,0.0,0.0,0.0,0.0,0.0,0.0,0.0,0.0,0.0,0.0,0.0,0.0,0.0,0.0,0.0,0.0,0.0,0.0,0.0,0.0,0.0
2025-10-09 22:00:00+00:00,154,2325,0.0,0.0,0.0,0.0,0.0,0.0,0.0,0.0,0.0,0.0,0.0,0.0,0.0,0.0,0.0,0.0,0.0,0.0,0.0,0.0,0.0
2025-10-09 22:15:00+00:00,155,2340,0.0,0.0,0.0,0.0,0.0,0.0,0.0,0.0,0.0,0.0,0.0,0.0,0.0,0.0,0.0,0.0,0.0,0.0,0.0,0.0,0.0
2025-10-09 22:30:00+00:00,156,2355,0.0,0.0,0.0,0.0,0.0,0.0,0.0,0.0,0.0,0.0,0.0,0.0,0.0,0.0,0.0,0.0,0.0,0.0,0.0,0.0,0.0
2025-10-09 22:45:00+00:00,157,2370,0.0,0.0,0.0,0.0,0.0,0.0,0.0,0.0,0.0,0.0,0.0,0.0,0.0,0.0,0.0,0.0,0.0,0.0,0.0,0.0,0.0
2025-10-09 23:00:00+00:00,158,2385,0.0,0.0,0.0,0.0,0.0,0.0,0.0,0.0,0.0,0.0,0.0,0.0,0.0,0.0,0.0,0.0,0.0,0.0,0.0,0.0,0.0
2025-10-09 23:15:00+00:00,159,2400,0.0,0.0,0.0,0.0,0.0,0.0,0.0,0.0,0.0,0.0,0.0,0.0,0.0,0.0,0.0,0.0,0.0,0.0,0.0,0.0,0.0
2025-10-09 23:30:00+00:00,160,2415,0.0,0.0,0.0,0.0,0.0,0.0,0.0,0.0,0.0,0.0,0.0,0.0,0.0,0.0,0.0,0.0,0.0,0.0,0.0,0.0,0.0
2025-10-09 23:45:00+00:00,161,2430,0.0,0.0,0.0,0.0,0.0,0.0,0.0,0.0,0.0,0.0,0.0,0.0,0.0,0.0,0.0,0.0,0.0,0.0,0.0,0.0,0.0
2025-10-10 00:00:00+00:00,162,2445,0.0,0.0,0.0,0.0,0.0,0.0,0.0,0.0,0.0,0.0,0.0,0.0,0.0,0.0,0.0,0.0,0.0,0.0,0.0,0.0,0.0
2025-10-10 00:15:00+00:00,163,2460,0.0,0.0,0.0,0.0,0.0,0.0,0.0,0.0,0.0,0.0,0.0,0.0,0.0,0.0,0.0,0.0,0.0,0.0,0.0,0.0,0.0
2025-10-10 00:30:00+00:00,164,2475,0.0,0.0,0.0,0.0,0.0,0.0,0.0,0.0,0.0,0.0,0.0,0.0,0.0,0.0,0.0,0.0,0.0,0.0,0.0,0.0,0.0
2025-10-10 00:45:00+00:00,165,2490,0.0,0.0,0.0,0.0,0.0,0.0,0.0,0.0,0.0,0.0,0.0,0.0,0.0,0.0,0.0,0.0,0.0,0.0,0.0,0.0,0.0
2025-10-10 01:00:00+00:00,166,2505,0.0,0.0,0.0,0.0,0.0,0.0,0.0,0.0,0.0,0.0,0.0,0.0,0.0,0.0,0.0,0.0,0.0,0.0,0.0,0.0,0.0
2025-10-10 01:15:00+00:00,167,2520,0.0,0.0,0.0,0.0,0.0,0.0,0.0,0.0,0.0,0.0,0.0,0.0,0.0,0.0,0.0,0.0,0.0,0.0,0.0,0.0,0.0
2025-10-10 01:30:00+00:00,168,2535,0.0,0.0,0.0,0.0,0.0,0.0,0.0,0.0,0.0,0.0,0.0,0.0,0.0,0.0,0.0,0.0,0.0,0.0,0.0,0.0,0.0
2025-10-10 01:45:00+00:00,169,2550,0.0,0.0,0.0,0.0,0.0,0.0,0.0,0.0,0.0,0.0,0.0,0.0,0.0,0.0,0.0,0.0,0.0,0.0,0.0,0.0,0.0
2025-10-10 02:00:00+00:00,170,2565,0.0,0.0,0.0,0.0,0.0,0.0,0.0,0.0,0.0,0.0,0.0,0.0,0.0,0.0,0.0,0.0,0.0,0.0,0.0,0.0,0.0
2025-10-10 02:15:00+00:00,171,2580,0.0,0.0,0.0,0.0,0.0,0.0,0.0,0.0,0.0,0.0,0.0,0.0,0.0,0.0,0.0,0.0,0.0,0.0,0.0,0.0,0.0
2025-10-10 02:30:00+00:00,172,2595,0.0,0.0,0.0,0.0,0.0,0.0,0.0,0.0,0.0,0.0,0.0,0.0,0.0,0.0,0.0,0.0,0.0,0.0,0.0,0.0,0.0
2025-10-10 02:45:00+00:00,173,2610,0.0,0.0,0.0,0.0,0.0,0.0,0.0,0.0,0.0,0.0,0.0,0.0,0.0,0.0,0.0,0.0,0.0,0.0,0.0,0.0,0.0
2025-10-10 03:00:00+00:00,174,2625,0.0,0.0,0.0,0.0,0.0,0.0,0.0,0.0,0.0,0.0,0.0,0.0,0.0,0.0,0.0,0.0,0.0,0.0,0.0,0.0,0.0
2025-10-10 03:15:00+00:00,175,2640,0.0,0.0,0.0,0.0,0.0,0.0,0.0,0.0,0.0,0.0,0.0,0.0,0.0,0.0,0.0,0.0,0.0,0.0,0.0,0.0,0.0
2025-10-10 03:30:00+00:00,176,2655,0.0,0.0,0.0,0.0,0.0,0.0,0.0,0.0,0.0,0.0,0.0,0.0,0.0,0.0,0.0,0.0,0.0,0.0,0.0,0.0,0.0
2025-10-10 03:45:00+00:00,177,2670,0.0,0.0,0.0,0.0,0.0,0.0,0.0,0.0,0.0,0.0,0.0,0.0,0.0,0.0,0.0,0.0,0.0,0.0,0.0,0.0,0.0
2025-10-10 04:00:00+00:00,178,2685,0.0,0.0,0.0,0.0,0.0,0.0,0.0,0.0,0.0,0.0,0.0,0.0,0.0,0.0,0.0,0.0,0.0,0.0,0.0,0.0,0.0
2025-10-10 04:15:00+00:00,179,2700,0.0,0.0,0.0,0.0,0.0,0.0,0.0,0.0,0.0,0.0,0.0,0.0,0.0,0.0,0.0,0.0,0.0,0.0,0.0,0.0,0.0
2025-10-10 04:30:00+00:00,180,2715,0.0,0.0,0.0,0.0,0.0,0.0,0.0,0.0,0.0,0.0,0.0,0.0,0.0,0.0,0.0,0.0,0.0,0.0,0.0,0.0,0.0
2025-10-10 04:45:00+00:00,181,2730,0.0,0.0,0.0,0.0,0.0,0.0,0.0,0.0,0.0,0.0,0.0,0.0,0.0,0.0,0.0,0.0,0.0,0.0,0.0,0.0,0.0
2025-10-10 05:00:00+00:00,182,2745,0.0,0.0,0.0,0.0,0.0,0.0,0.0,0.0,0.0,0.0,0.0,0.0,0.0,0.0,0.0,0.0,0.0,0.0,0.0,0.0,0.0
2025-10-10 05:15:00+00:00,183,2760,0.0,0.0,0.0,0.0,0.0,0.0,0.0,0.0,0.0,0.0,0.0,0.0,0.0,0.0,0.0,0.0,0.0,0.0,0.0,0.0,0.0
2025-10-10 05:30:00+00:00,184,2775,0.4244094817340016,3.3540416738430197,4.95907537754996,6.207378444984613,7.767511753399893,9.517693377423734,10.418151528576391,11.598689158715064,12.529468662779868,13.903225448560452,14.731587355020334,15.720797816380909,17.810017733556023,20.42878398246588,23.33448641726953,25.905636497796266,29.12023302666912,33.10024399112792,37.38172573181527,64.92340028759935,16.301476308054653
2025-10-10 05:45:00+00:00,185,2790,39.89460502582688,88.03315208652012,121.74409084657707,144.4237343138502,191.8713924563389,215.88420162052768,236.31939298167612,258.3904113311727,281.85786708749,295.83016503979655,317.42338334358845,373.15986276578553,409.6416637947237,456.41082652816044,525.8822510551314,584.4945445719318,641.6256269860733,694.5038131168214,769.2660773817868,1147.286795978231,365.32550301309385
2025-10-10 06:00:00+00:00,186,2805,429.61451012655573,706.1694496572022,915.0212792250081,1028.5340521986009,1120.6286716659445,1223.6165574302136,1341.904333975533,1424.2238170734806,1587.2712826155318,1819.8714494741716,2035.794006997201,2218.7609156741128,2373.8137490319386,2598.094550860948,2761.0614899403226,3010.8709535947014,3156.530472997923,3432.494070391946,3685.48437153545,4987.622581316478,2018.2502946008824
2025-10-10 06:15:00+00:00,187,2820,904.4800696361125,1285.947278864786,1695.503897063659,2115.477593244937,2390.8762092198717,2575.8656369957557,2922.3055064169143,3511.1970189785543,3875.024012102986,4201.293866579095,4561.7105183649455,4948.218926350131,5191.55912574026,5631.4106732448545,5875.894145516766,6177.909992402944,6577.732506873808,6800.412052576476,7391.806355473658,9441.657038236848,4265.010972293371
2025-10-10 06:30:00+00:00,188,2835,1901.616812855535,2493.870829613885,2801.2438222305964,3220.1312463361455,3591.054720537203,4268.315564382413,5053.963554301415,5748.719243233069,6117.001285064794,6588.584590698083,7053.121271317041,7414.048425007682,7922.433352922596,8334.408555169914,8752.348784028844,9331.716338070013,9680.746339305206,10117.919032143376,10749.31096762596,13988.263253761288,6532.10268195357
2025-10-10 06:45:00+00:00,189,2850,1976.0940962151276,2976.112182117477,3838.3590328247124,4900.685226857291,6432.56098974683,7443.963344331376,7908.264937807203,8670.154762000537,9232.975831698652,9668.989139579044,10152.67701079153,10624.53307754481,11118.279501919185,11412.768370851481,11935.657271923305,12620.614930938096,13044.00379304228,13697.108230537662,14362.40684930901,18798.770713218128,9237.211588384445
2025-10-10 07:00:00+00:00,190,2865,2329.763576916319,2885.98946733089,4920.159219878453,6638.973745247805,8894.929823670125,9751.480264510597,10312.661400053395,11169.27483093057,11955.950822867153,12679.954187973955,13381.771779701705,13953.176274388861,14289.737477726303,14815.868086651994,15588.880029426535,16080.190787747782,16729.417338307205,17553.926575793892,18455.666837588153,23510.344187905142,11914.647014528186
2025-10-10 07:15:00+00:00,191,2880,3021.1168834521395,4724.998489822127,6445.169982158197,9346.914545573,11227.523871590825,11968.372485769049,13182.96466475355,14246.228703822366,14927.265181021921,16053.279896875916,16759.87625570146,17200.002666983724,17767.916674272274,18494.4338525324,19253.790162990295,19996.886769712513,20725.067438192,21425.4185793839,22259.990474009763,28167.482618224116,14927.505462982585
2025-10-10 07:30:00+00:00,192,2895,3945.3007689482824,6379.941567315861,9158.554012144192,11578.434757600242,13481.602354241038,14330.340112099122,15818.094991724076,17074.83075958162,18077.285849821514,19343.474956232934,19922.792299737706,20596.17282213879,21196.32637409488,22131.356635076212,22794.094312065175,23887.378719248423,24879.19567803632,25596.856284891084,26689.910010054726,32697.87074999667,17929.846118050817
2025-10-10 07:45:00+00:00,193,2910,4127.336127976476,5961.314216112154,8544.969166835199,10850.70733310606,13348.019602656097,15312.289891921817,16408.406091511297,17801.009493272722,19435.285530433466,20545.24880485554,21746.573753131954,22535.274207411043,23115.44172383818,23803.756164393308,25059.051681325363,25618.664395986216,26722.87849754995,27685.162023211506,28984.631872536,37048.32189786825,19165.753465182337
2025-10-10 08:00:00+00:00,194,2925,4797.215244587727,7122.929606175123,9057.960398569732,10873.449054290084,13378.81818654208,15608.141367852326,17408.4341402809,19451.64591423233,21089.98558054382,21950.372716660593,23210.28947439742,24689.901700998347,25287.014014617034,25841.416031301567,26627.03005121852,28120.630425290674,28934.958682344517,30600.23121259424,32511.51390946391,41423.13271086376,20758.81117477488
2025-10-10 08:15:00+00:00,195,2940,5035.411380456712,7382.299378998762,9316.01919844642,10957.686752741414,12823.750080896218,14831.061713750107,18371.50631366384,19900.250835561103,21501.46087675689,23075.48006410093,24053.684610336077,25470.718296669085,26862.99713583043,27486.708564631666,28206.46164774208,30260.396935884837,31290.168246506164,32707.229569620304,34990.57204600697,45388.06885708725,21769.937516613332
2025-10-10 08:30:00+00:00,196,2955,5590.248372164871,7531.28890738829,9558.539586493125,10645.01658983404,12617.316810781987,15194.62497242927,17645.732858109866,20097.0393237335,21557.227293275657,23046.416377602312,24869.23800232655,25908.595271147376,27338.329501310836,29117.182228418944,29924.518201324423,31196.476749349833,33285.131171301335,34321.10950732079,36943.79435028905,49057.203426858636,22543.919668893093
2025-10-10 08:45:00+00:00,197,2970,5061.097337428174,7352.410930884759,8899.294224904612,10294.416592538213,11994.613056543923,14214.424177035247,16662.964691391135,19155.433805404362,21447.173013271742,23250.99642049991,24833.256717714416,26508.27933046268,27583.551765799275,29185.950429492423,30946.5883814076,31751.31145992366,32684.69403204477,35434.59629191695,37644.69290539868,52408.696120816334,22526.666709528145
2025-10-10 09:00:00+00:00,198,2985,4863.1803868837615,6361.092755656212,8011.039265549438,9508.870957036721,10871.72314639757,12503.762217844325,14178.374763179021,16399.083580668062,18946.921061717174,20863.60793529055,23087.99929932173,24647.28183863435,26664.54437604448,28423.06340746829,30669.802468395723,32728.21389367265,33760.71838183944,36053.120941244946,38294.91680672014,55424.05932160241,21725.359967674325
2025-10-10 09:15:00+00:00,199,3000,4823.024041128458,5641.782343729205,7233.047855007031,8968.412131998273,10394.163925971472,12168.221540593875,13616.15720573434,15403.177745875473,17308.483854252194,19768.86984282135,21841.99001765979,24234.236446718754,25790.9381159984,28513.068845537327,30231.285509810594,33163.63675988702,34854.535214064184,36671.08166142073,40221.70896755821,58087.50587760158,21521.544019850873
2025-10-10 09:30:00+00:00,200,3015,5397.420689783318,6420.439722385459,7443.377209018047,8763.203706822882,9775.981246400039,11381.788088700709,13178.599627923873,14740.334309089458,15772.187193995649,17762.314461518992,19987.414659991926,21905.42875448568,25102.462291277898,27026.660173208074,28518.011312162744,32024.304341191728,34629.743605893294,37284.03796925739,43124.857195507415,60385.592210259834,21120.869368630243
2025-10-10 09:45:00+00:00,201,3030,5209.300193138688,6110.684680577726,6957.617312925354,8212.543532097146,9300.692820505097,10677.789572720287,11993.94687642401,13826.959527209405,15509.015362153692,16304.824085581024,18263.858851815385,20148.318110069824,22973.438756729993,26419.47315067862,28327.200186540394,30164.509303153645,35465.85152045027,38331.502467074635,43693.57309830447,62307.03551442406,20580.487749312037
2025-10-10 10:00:00+00:00,202,3045,4989.961541995008,6640.947198412919,7312.979028553674,8380.66093255292,9669.722409170592,10666.668081433216,11931.084225844286,13054.949814179972,14885.016692763806,16453.364197737676,17235.420525351376,19411.434459000062,21766.61832749583,24019.77270691978,27324.769283602614,29396.591857020703,33431.10663596657,38195.02419616627,43238.03512301262,63842.633016441745,19188.619398273924
2025-10-10 10:15:00+00:00,203,3060,5781.468033342588,6922.514451413911,7884.103790793741,8784.828050663413,10025.876324293147,11037.348063654032,12131.841956660935,13230.899278471637,15027.758276379542,16573.737110188507,17609.07750908276,19417.15663217686,21895.340481692325,24204.399408200454,27549.499232315095,30528.294271360224,34340.23666001009,40214.21379109306,45221.26728657529,64985.23918940931,19745.703701595645
2025-10-10 10:30:00+00:00,204,3075,6156.569102527479,7551.024587691843,8403.715486800807,9581.867680595082,10721.817935800498,11550.361578944958,12773.125490354016,13765.730057599705,15152.380871952837,16074.696759637683,17493.2493430094,18895.75281348139,21299.740842302148,23286.132450141165,26619.953380747054,30867.665433586637,34070.811476574185,40254.34452670228,45314.557443197,65729.77389440981,19839.854758541213
2025-10-10 10:45:00+00:00,205,3090,6846.74489457945,7958.815607143237,9061.821913127606,10327.641886645202,11134.245806147612,11775.116511557986,12514.541780776886,13636.123546526695,14708.440169615686,15766.994025101734,17344.13634185154,18492.964015119476,20255.184990575417,23334.98546411936,25194.402088266415,29984.613380329,32721.480103050406,37881.36152829744,44556.08664462279,66073.24464359939,19537.13117831667
2025-10-10 11:00:00+00:00,206,3105,5820.130041046984,7286.923480754162,8331.790944122688,9181.402363690788,10435.56402191436,11073.498125647155,11701.427801516633,12797.691719537723,13820.3280995863,15162.84877239195,16026.647085366754,17748.50078258825,19663.290702048656,22030.02534568239,23995.21675203891,28466.795404968663,31461.03370801099,37365.33237003948,44542.37276636357,66014.77251729212,18710.9377211056
2025-10-10 11:15:00+00:00,207,3120,5211.610173605431,6634.664547238705,7454.331303811005,8611.110495485329,9238.90281808591,10552.100471049045,11343.242946944267,12234.571675779309,13525.779940130245,14993.881795403833,15916.305826117055,17440.851486325955,19317.04197443428,21505.522001428937,24741.452837518245,29921.102526504365,32570.76304150439,37129.19134782412,42513.52336896621,65555.61602588723,18413.017828292137
2025-10-10 11:30:00+00:00,208,3135,4621.41072297633,5993.5951588868475,7004.4917408239235,7799.094867108819,8569.230849375737,9219.458276975969,10483.015098842016,11218.585406261516,12310.914191890322,14037.425953117392,15400.679057895313,16744.754268617933,18328.556039531384,20009.240483146645,22930.41348570717,28112.32020617719,31555.61181974813,35903.95287268871,41770.75576840683,64699.19057363023,17561.80186153091
2025-10-10 11:45:00+00:00,209,3150,2733.153551907092,4872.977887943154,5856.142306412066,6856.004468616128,7487.865379773656,8270.677968039998,8954.674963094263,10221.830090575968,10926.006868497927,11817.42344523291,13239.006647374234,15040.94672991319,16459.93268057805,18007.50239273587,19659.461930625905,22078.38244673105,27787.92008450053,32898.473136083965,39904.733283491594,63451.084148030364,15592.943329230866
2025-10-10 12:00:00+00:00,210,3165,2571.786623572708,3671.8164562160337,5299.820230285114,6118.043706140218,6912.997518947573,7592.908857756543,8235.524314671231,9022.69353005091,10242.775485045102,11014.94836710759,12046.428754184572,14258.631095044311,15042.747321752915,16483.85517609414,18627.674217633077,20482.057945890287,23408.566830662494,29712.92711777326,38390.178767841106,61819.072918273225,14362.015069408566
2025-10-10 12:15:00+00:00,211,3180,2945.9412427119178,3926.449528178433,5177.711553446579,5921.605085025272,6735.041824256757,7110.060688532073,7907.932148097587,8608.793831461502,9386.275632662142,10340.779985318512,11125.204537194139,12372.684661446221,13801.050669076254,14894.70055759706,16523.583648842327,18767.87344985694,20890.4387553136,28472.388069598677,35823.569008051774,59813.143436638435,13463.234178173401
2025-10-10 12:30:00+00:00,212,3195,2926.70883060444,3877.0340844289954,4898.206341170847,5473.914656190276,6265.252100283614,6689.316003242156,7294.334839292954,7829.1372348427785,8399.239492610923,8949.471716786893,9742.306269514822,10590.801858511566,11452.601074610422,13040.872238403921,14299.554050157798,16239.794481197048,18635.368905911728,25745.527004389012,36104.60174954742,57445.53225217748,12268.480156716423
2025-10-10 12:45:00+00:00,213,3210,2832.321956868643,3614.9898721293775,4500.413376744149,5115.393862741737,5747.879975074249,6168.447335053194,6522.6031672799145,7005.034318253965,7384.676157228239,8107.592088947837,8813.130130212841,9599.209545388496,10217.936685273351,11436.226673277613,12773.609415117315,14596.607301728067,18272.31001855516,25786.793709538004,33536.74741667415,54730.79913059983,11361.877392789664
2025-10-10 13:00:00+00:00,214,3225,2241.973894835343,2909.7124020896313,3663.1958549948995,4198.021164019949,4791.13511580868,5257.098053361877,5564.648684398973,6047.221073026272,6460.990542890962,7152.706337159507,7968.150552879336,8707.55880599464,9357.60494350023,10652.75112386666,12114.104458418804,14048.221404152746,17487.411963064445,24863.292018098575,31727.711678660555,51685.95761127755,10416.082996721863
2025-10-10 13:15:00+00:00,215,3240,2029.601680093648,2641.6124112089965,3362.030325030751,3903.297259630757,4493.282155635246,4893.324033096345,5167.644869926223,5607.323524672792,5976.599622465611,6645.753072076431,7238.5637691116735,8014.005613911737,8590.043456167155,9858.9278170625,11092.20051249618,12730.942148035401,15908.272215068357,22868.53780982007,29208.960576300964,48330.69898920758,9594.82742071595
2025-10-10 13:30:00+00:00,216,3255,1635.251038338552,2319.6418804850186,2985.6308388250345,3511.324717980268,4088.9887130819548,4450.666584022332,4662.917681821776,5034.476680311126,5408.988843300602,5949.988418199692,6477.201324261134,7203.131579677098,7855.9424773852115,8667.556624403665,9912.373564960717,11559.78413301143,14125.90580048882,20074.46184648347,25933.07914767087,44687.764698389496,8506.27382259214
2025-10-10 13:45:00+00:00,217,3270,1456.98925927924,2101.1344981285324,2791.0443795322785,3288.7466656640677,3823.3601033177442,4100.246683408854,4304.75589751152,4627.989899435493,5034.2792579355455,5502.751221968438,6006.916060056585,6578.225470608781,7242.8487860136665,8131.964109703926,9212.831161846207,10639.563954527317,13368.477016998026,19056.59256919303,24142.2292643047,40783.55220666408,7907.174796804351
2025-10-10 14:00:00+00:00,218,3285,1278.1167758174302,1847.5185308360672,2484.1754193537604,3037.87076627416,3512.56796190592,3746.694600911832,4024.8593864087597,4327.151552385235,4724.7088400016,5121.190794167491,5692.328709190172,6279.355515611442,6987.414966873046,7964.668121045343,8588.37278018286,10475.989781330245,12486.980893191429,16998.848073682304,21531.674478445602,36568.84905120432,7301.900473758058
2025-10-10 14:15:00+00:00,219,3300,1000.7573844328864,1600.8981709953669,2209.176600113281,2651.4254703715956,2939.043791344217,3116.7175111921774,3510.7216503617865,3933.393728143498,4268.744572904703,4682.86705466048,5119.8981136497505,5704.494634995954,6545.830053094317,7067.667974584516,7984.3302167747015,9796.856295878431,11557.278714363167,15075.247121810911,18897.21899078123,32218.826915091202,6530.68310760144
2025-10-10 14:30:00+00:00,220,3315,914.5466175414717,1424.4772536470673,1937.478073164756,2322.073622250056,2565.5844218733296,2772.6812425168146,3101.7488680206106,3488.9081737367833,3763.7956570212395,4192.079049955523,4582.397784935124,5084.19411066874,5843.4655463746485,6203.040894493014,7174.187898055288,8637.30089983808,10239.24565176705,13153.595913673034,16543.16423361218,27844.5262371804,5756.751046372876
2025-10-10 14:45:00+00:00,221,3330,913.4567722014025,1370.321718012334,1719.3327733279157,2018.5425141135433,2291.0849935854953,2444.1725633551396,2687.183580732914,2951.8529524006935,3187.17524178446,3602.4278841437954,3958.957013581425,4386.3981137168585,4969.444647951372,5342.021360785495,6200.466846935747,7194.418038630621,8122.623595195589,10944.36901312167,13866.231165468085,23384.81513020393,4884.971793847362
2025-10-10 15:00:00+00:00,222,3345,733.1365046543347,1059.9852771070657,1407.2945750522013,1656.2271429914613,1870.8859937134253,1995.73506957516,2216.9454111649666,2479.2263985959053,2703.5241602457677,3023.6943427554716,3268.471706224162,3603.6981774217597,4084.3304246282837,4379.644108145873,5022.175137832521,5828.028965967314,6543.933956414002,8782.606481153334,11289.579108785741,18908.226523024045,3983.461426551863
2025-10-10 15:15:00+00:00,223,3360,565.7834885361365,813.7732928456355,1091.0636151861154,1254.6902844227038,1425.1920697589242,1524.56325994395,1706.0121696094143,1918.0648966541671,2114.5773691419668,2350.8484082651544,2566.896796322755,2818.6886715320643,3172.0780181678406,3400.403708836892,3888.0026900335993,4410.331254038293,4972.911266799411,6416.000955932483,8419.069960298164,14504.793269804602,3037.9285035416897
2025-10-10 15:30:00+00:00,224,3375,393.5119122170769,553.0462018847861,748.2769441197684,886.1680946705973,990.3792582713475,1058.8357572105433,1217.487220177721,1357.7363568039207,1540.4661742906126,1685.277132555031,1877.2107990744914,2124.8235413706484,2259.612032318326,2430.1779309567005,2749.8732092783935,3071.8315230429703,3464.3239696616447,4384.013552337435,5793.358048634767,10098.135454540768,2136.2003462515004
2025-10-10 15:45:00+00:00,225,3390,281.04297156337697,357.3900917879793,470.096909339355,565.2589049611971,631.392403781274,687.6754888859305,780.1223180879447,865.0239090734071,972.4087962876974,1061.55738023584,1174.98968054664,1335.5172271116712,1420.8196417996978,1554.5308995660282,1760.112121578189,1943.9227239479878,2210.7986507218366,2826.4580616695525,3677.935053675994,6244.899491742535,1357.949123900689
2025-10-10 16:00:00+00:00,226,3405,113.8593137891802,152.5314888051805,193.3583364542126,230.09014594992783,258.58207771185306,276.6597343759077,314.14960519798893,349.5938581885945,384.1214229222226,433.8439908715933,488.08887031832705,550.0132491348604,591.163875438746,653.5958858404275,725.3241481583539,812.6359870859139,953.7702334775199,1172.2696034334037,1500.232711029431,2491.646829437404,558.7555024624426
2025-10-10 16:15:00+00:00,227,3420,20.622270925201345,28.102216357565744,36.72130058186029,43.102794205315135,47.550875946450326,50.38208446871045,57.19217906333333,63.88296468514276,71.49087795934695,79.39523519192618,87.92497319114611,99.46127632657628,107.70747095480199,119.94875017042263,135.42229124594553,151.05601238682846,178.68163057284087,215.24419054448938,272.9583239166637,452.5345359997601,102.70871762383895
2025-10-10 16:30:00+00:00,228,3435,0.00036298913851463935,0.0004817475876074296,0.000612087062012994,0.0007095207459353156,0.000782120978677109,0.0008509438247513342,0.0009654429853820088,0.0010641111766993346,0.0011948885035752382,0.001289313883063968,0.0014160067446925052,0.0016251795189432346,0.0017868755470809184,0.002052114561121251,0.002225393688435811,0.0025384003329776647,0.0030263952561402304,0.003640612648825537,0.004474882603711645,0.00723883020226313,0.0017059086791078315
2025-10-10 16:45:00+00:00,229,3450,0.0,0.0,0.0,0.0,0.0,0.0,0.0,0.0,0.0,0.0,0.0,0.0,0.0,0.0,0.0,0.0,0.0,0.0,0.0,0.0,0.0
2025-10-10 17:00:00+00:00,230,3465,0.0,0.0,0.0,0.0,0.0,0.0,0.0,0.0,0.0,0.0,0.0,0.0,0.0,0.0,0.0,0.0,0.0,0.0,0.0,0.0,0.0
2025-10-10 17:15:00+00:00,231,3480,0.0,0.0,0.0,0.0,0.0,0.0,0.0,0.0,0.0,0.0,0.0,0.0,0.0,0.0,0.0,0.0,0.0,0.0,0.0,0.0,0.0
2025-10-10 17:30:00+00:00,232,3495,0.0,0.0,0.0,0.0,0.0,0.0,0.0,0.0,0.0,0.0,0.0,0.0,0.0,0.0,0.0,0.0,0.0,0.0,0.0,0.0,0.0
2025-10-10 17:45:00+00:00,233,3510,0.0,0.0,0.0,0.0,0.0,0.0,0.0,0.0,0.0,0.0,0.0,0.0,0.0,0.0,0.0,0.0,0.0,0.0,0.0,0.0,0.0
2025-10-10 18:00:00+00:00,234,3525,0.0,0.0,0.0,0.0,0.0,0.0,0.0,0.0,0.0,0.0,0.0,0.0,0.0,0.0,0.0,0.0,0.0,0.0,0.0,0.0,0.0
2025-10-10 18:15:00+00:00,235,3540,0.0,0.0,0.0,0.0,0.0,0.0,0.0,0.0,0.0,0.0,0.0,0.0,0.0,0.0,0.0,0.0,0.0,0.0,0.0,0.0,0.0
2025-10-10 18:30:00+00:00,236,3555,0.0,0.0,0.0,0.0,0.0,0.0,0.0,0.0,0.0,0.0,0.0,0.0,0.0,0.0,0.0,0.0,0.0,0.0,0.0,0.0,0.0
2025-10-10 18:45:00+00:00,237,3570,0.0,0.0,0.0,0.0,0.0,0.0,0.0,0.0,0.0,0.0,0.0,0.0,0.0,0.0,0.0,0.0,0.0,0.0,0.0,0.0,0.0
2025-10-10 19:00:00+00:00,238,3585,0.0,0.0,0.0,0.0,0.0,0.0,0.0,0.0,0.0,0.0,0.0,0.0,0.0,0.0,0.0,0.0,0.0,0.0,0.0,0.0,0.0
2025-10-10 19:15:00+00:00,239,3600,0.0,0.0,0.0,0.0,0.0,0.0,0.0,0.0,0.0,0.0,0.0,0.0,0.0,0.0,0.0,0.0,0.0,0.0,0.0,0.0,0.0
2025-10-10 19:30:00+00:00,240,3615,0.0,0.0,0.0,0.0,0.0,0.0,0.0,0.0,0.0,0.0,0.0,0.0,0.0,0.0,0.0,0.0,0.0,0.0,0.0,0.0,0.0
2025-10-10 19:45:00+00:00,241,3630,0.0,0.0,0.0,0.0,0.0,0.0,0.0,0.0,0.0,0.0,0.0,0.0,0.0,0.0,0.0,0.0,0.0,0.0,0.0,0.0,0.0
2025-10-10 20:00:00+00:00,242,3645,0.0,0.0,0.0,0.0,0.0,0.0,0.0,0.0,0.0,0.0,0.0,0.0,0.0,0.0,0.0,0.0,0.0,0.0,0.0,0.0,0.0
2025-10-10 20:15:00+00:00,243,3660,0.0,0.0,0.0,0.0,0.0,0.0,0.0,0.0,0.0,0.0,0.0,0.0,0.0,0.0,0.0,0.0,0.0,0.0,0.0,0.0,0.0
2025-10-10 20:30:00+00:00,244,3675,0.0,0.0,0.0,0.0,0.0,0.0,0.0,0.0,0.0,0.0,0.0,0.0,0.0,0.0,0.0,0.0,0.0,0.0,0.0,0.0,0.0
2025-10-10 20:45:00+00:00,245,3690,0.0,0.0,0.0,0.0,0.0,0.0,0.0,0.0,0.0,0.0,0.0,0.0,0.0,0.0,0.0,0.0,0.0,0.0,0.0,0.0,0.0
2025-10-10 21:00:00+00:00,246,3705,0.0,0.0,0.0,0.0,0.0,0.0,0.0,0.0,0.0,0.0,0.0,0.0,0.0,0.0,0.0,0.0,0.0,0.0,0.0,0.0,0.0
2025-10-10 21:15:00+00:00,247,3720,0.0,0.0,0.0,0.0,0.0,0.0,0.0,0.0,0.0,0.0,0.0,0.0,0.0,0.0,0.0,0.0,0.0,0.0,0.0,0.0,0.0
2025-10-10 21:30:00+00:00,248,3735,0.0,0.0,0.0,0.0,0.0,0.0,0.0,0.0,0.0,0.0,0.0,0.0,0.0,0.0,0.0,0.0,0.0,0.0,0.0,0.0,0.0
2025-10-10 21:45:00+00:00,249,3750,0.0,0.0,0.0,0.0,0.0,0.0,0.0,0.0,0.0,0.0,0.0,0.0,0.0,0.0,0.0,0.0,0.0,0.0,0.0,0.0,0.0
2025-10-10 22:00:00+00:00,250,3765,0.0,0.0,0.0,0.0,0.0,0.0,0.0,0.0,0.0,0.0,0.0,0.0,0.0,0.0,0.0,0.0,0.0,0.0,0.0,0.0,0.0
2025-10-10 22:15:00+00:00,251,3780,0.0,0.0,0.0,0.0,0.0,0.0,0.0,0.0,0.0,0.0,0.0,0.0,0.0,0.0,0.0,0.0,0.0,0.0,0.0,0.0,0.0
2025-10-10 22:30:00+00:00,252,3795,0.0,0.0,0.0,0.0,0.0,0.0,0.0,0.0,0.0,0.0,0.0,0.0,0.0,0.0,0.0,0.0,0.0,0.0,0.0,0.0,0.0
2025-10-10 22:45:00+00:00,253,3810,0.0,0.0,0.0,0.0,0.0,0.0,0.0,0.0,0.0,0.0,0.0,0.0,0.0,0.0,0.0,0.0,0.0,0.0,0.0,0.0,0.0
2025-10-10 23:00:00+00:00,254,3825,0.0,0.0,0.0,0.0,0.0,0.0,0.0,0.0,0.0,0.0,0.0,0.0,0.0,0.0,0.0,0.0,0.0,0.0,0.0,0.0,0.0
2025-10-10 23:15:00+00:00,255,3840,0.0,0.0,0.0,0.0,0.0,0.0,0.0,0.0,0.0,0.0,0.0,0.0,0.0,0.0,0.0,0.0,0.0,0.0,0.0,0.0,0.0
2025-10-10 23:30:00+00:00,256,3855,0.0,0.0,0.0,0.0,0.0,0.0,0.0,0.0,0.0,0.0,0.0,0.0,0.0,0.0,0.0,0.0,0.0,0.0,0.0,0.0,0.0
2025-10-10 23:45:00+00:00,257,3870,0.0,0.0,0.0,0.0,0.0,0.0,0.0,0.0,0.0,0.0,0.0,0.0,0.0,0.0,0.0,0.0,0.0,0.0,0.0,0.0,0.0
2025-10-11 00:00:00+00:00,258,3885,0.0,0.0,0.0,0.0,0.0,0.0,0.0,0.0,0.0,0.0,0.0,0.0,0.0,0.0,0.0,0.0,0.0,0.0,0.0,0.0,0.0
2025-10-11 00:15:00+00:00,259,3900,0.0,0.0,0.0,0.0,0.0,0.0,0.0,0.0,0.0,0.0,0.0,0.0,0.0,0.0,0.0,0.0,0.0,0.0,0.0,0.0,0.0
2025-10-11 00:30:00+00:00,260,3915,0.0,0.0,0.0,0.0,0.0,0.0,0.0,0.0,0.0,0.0,0.0,0.0,0.0,0.0,0.0,0.0,0.0,0.0,0.0,0.0,0.0
2025-10-11 00:45:00+00:00,261,3930,0.0,0.0,0.0,0.0,0.0,0.0,0.0,0.0,0.0,0.0,0.0,0.0,0.0,0.0,0.0,0.0,0.0,0.0,0.0,0.0,0.0
2025-10-11 01:00:00+00:00,262,3945,0.0,0.0,0.0,0.0,0.0,0.0,0.0,0.0,0.0,0.0,0.0,0.0,0.0,0.0,0.0,0.0,0.0,0.0,0.0,0.0,0.0
2025-10-11 01:15:00+00:00,263,3960,0.0,0.0,0.0,0.0,0.0,0.0,0.0,0.0,0.0,0.0,0.0,0.0,0.0,0.0,0.0,0.0,0.0,0.0,0.0,0.0,0.0
2025-10-11 01:30:00+00:00,264,3975,0.0,0.0,0.0,0.0,0.0,0.0,0.0,0.0,0.0,0.0,0.0,0.0,0.0,0.0,0.0,0.0,0.0,0.0,0.0,0.0,0.0
2025-10-11 01:45:00+00:00,265,3990,0.0,0.0,0.0,0.0,0.0,0.0,0.0,0.0,0.0,0.0,0.0,0.0,0.0,0.0,0.0,0.0,0.0,0.0,0.0,0.0,0.0
2025-10-11 02:00:00+00:00,266,4005,0.0,0.0,0.0,0.0,0.0,0.0,0.0,0.0,0.0,0.0,0.0,0.0,0.0,0.0,0.0,0.0,0.0,0.0,0.0,0.0,0.0
2025-10-11 02:15:00+00:00,267,4020,0.0,0.0,0.0,0.0,0.0,0.0,0.0,0.0,0.0,0.0,0.0,0.0,0.0,0.0,0.0,0.0,0.0,0.0,0.0,0.0,0.0
2025-10-11 02:30:00+00:00,268,4035,0.0,0.0,0.0,0.0,0.0,0.0,0.0,0.0,0.0,0.0,0.0,0.0,0.0,0.0,0.0,0.0,0.0,0.0,0.0,0.0,0.0
2025-10-11 02:45:00+00:00,269,4050,0.0,0.0,0.0,0.0,0.0,0.0,0.0,0.0,0.0,0.0,0.0,0.0,0.0,0.0,0.0,0.0,0.0,0.0,0.0,0.0,0.0
2025-10-11 03:00:00+00:00,270,4065,0.0,0.0,0.0,0.0,0.0,0.0,0.0,0.0,0.0,0.0,0.0,0.0,0.0,0.0,0.0,0.0,0.0,0.0,0.0,0.0,0.0
2025-10-11 03:15:00+00:00,271,4080,0.0,0.0,0.0,0.0,0.0,0.0,0.0,0.0,0.0,0.0,0.0,0.0,0.0,0.0,0.0,0.0,0.0,0.0,0.0,0.0,0.0
2025-10-11 03:30:00+00:00,272,4095,0.0,0.0,0.0,0.0,0.0,0.0,0.0,0.0,0.0,0.0,0.0,0.0,0.0,0.0,0.0,0.0,0.0,0.0,0.0,0.0,0.0
2025-10-11 03:45:00+00:00,273,4110,0.0,0.0,0.0,0.0,0.0,0.0,0.0,0.0,0.0,0.0,0.0,0.0,0.0,0.0,0.0,0.0,0.0,0.0,0.0,0.0,0.0
2025-10-11 04:00:00+00:00,274,4125,0.0,0.0,0.0,0.0,0.0,0.0,0.0,0.0,0.0,0.0,0.0,0.0,0.0,0.0,0.0,0.0,0.0,0.0,0.0,0.0,0.0
2025-10-11 04:15:00+00:00,275,4140,0.0,0.0,0.0,0.0,0.0,0.0,0.0,0.0,0.0,0.0,0.0,0.0,0.0,0.0,0.0,0.0,0.0,0.0,0.0,0.0,0.0
2025-10-11 04:30:00+00:00,276,4155,0.0,0.0,0.0,0.0,0.0,0.0,0.0,0.0,0.0,0.0,0.0,0.0,0.0,0.0,0.0,0.0,0.0,0.0,0.0,0.0,0.0
2025-10-11 04:45:00+00:00,277,4170,0.0,0.0,0.0,0.0,0.0,0.0,0.0,0.0,0.0,0.0,0.0,0.0,0.0,0.0,0.0,0.0,0.0,0.0,0.0,0.0,0.0
2025-10-11 05:00:00+00:00,278,4185,0.0,0.0,0.0,0.0,0.0,0.0,0.0,0.0,0.0,0.0,0.0,0.0,0.0,0.0,0.0,0.0,0.0,0.0,0.0,0.0,0.0
2025-10-11 05:15:00+00:00,279,4200,0.0,0.0,0.0,0.0,0.0,0.0,0.0,0.0,0.0,0.0,0.0,0.0,0.0,0.0,0.0,0.0,0.0,0.0,0.0,0.0,0.0
2025-10-11 05:30:00+00:00,280,4215,1.2412994855369122,1.453669040056517,1.6831010792988215,1.9494272508996193,2.2051393015880327,2.661842225383679,3.0094223530178232,3.5739376165358605,4.013395155404689,4.336299761795358,4.654540456459447,5.231564771855704,5.629972356102,6.46040013153661,7.112190759766459,7.785903514309879,8.356130325884141,9.67319352396289,13.096390817077193,29.36533944374597,5.220943157868943
2025-10-11 05:45:00+00:00,281,4230,88.49205539894703,93.65575474686133,100.93570810760133,106.09835972443263,114.82780666121431,129.38152552658846,140.3197906069878,154.10017555686895,164.27581017357468,175.44849302577248,189.30165003990822,196.77212430629146,209.06658651489892,224.73185337816363,255.31128758875718,275.79417279967305,308.4898053205191,344.2398677235395,435.45418260911947,941.2867586548803,203.98879157769963
2025-10-11 06:00:00+00:00,282,4245,451.0519044565063,474.4003652445272,506.05057173330107,538.9948877245128,597.369699869391,668.8917822088484,729.094729126934,785.1258983342025,832.260442598878,896.0947585732697,933.5626907573893,988.1898138228682,1065.3779930708852,1167.0059357577193,1278.5543695210083,1384.7606125264415,1504.6394773035813,1698.901427407622,2095.311250946039,4404.7304252162685,1018.5237824883276
2025-10-11 06:15:00+00:00,283,4260,673.9038836197558,780.5372115345128,898.5385114930076,1020.7397490560567,1162.1098081976234,1365.7785374693717,1482.929174582548,1623.9576620253088,1709.6875614166902,1832.7642167777433,1985.9691360402205,2120.5508871234983,2327.0442463984573,2538.6638678250492,2886.7820883564314,3317.2140314563135,3796.448702495619,4449.402158004782,5534.997230796938,9000.509648333707,2267.7702206152107
2025-10-11 06:30:00+00:00,284,4275,1070.668435002045,1308.800123718645,1570.5667590394685,1774.1514116002056,2075.0035305296033,2242.9573796014897,2432.9990462584315,2586.3139587943915,2763.5024612951656,2974.62544886448,3126.95899872033,3412.505150530642,3703.7451925940554,4090.3386360344844,4630.312697584313,5318.54385401191,5930.439480331663,7440.3784064822785,8681.735416460466,13485.649287412689,3645.256367401276
2025-10-11 06:45:00+00:00,285,4290,1571.9709710918787,1909.801795160466,2288.7684028462922,2653.2310011797267,2930.815335025623,3079.642605497264,3315.8043080596176,3502.38531183968,3731.2903948389753,4089.456677053417,4342.61138832989,4685.788596620798,5161.264999869947,5683.3942492972865,6570.48394865037,7491.8926125484095,8403.832076191438,10567.891773263527,12389.723951289405,18321.648578313292,5106.880735900634
2025-10-11 07:00:00+00:00,286,4305,1646.6690736006801,2587.5840863196377,3075.846382783801,3318.3824615907356,3540.0189790329905,3846.1422166440952,4111.6368775777455,4395.213892050972,4768.735513353022,5270.584208729563,5625.979836035755,6221.04045206668,6946.27111442885,7873.594182346509,8909.460077069369,10293.189963481227,12101.864707071658,13692.325004854794,16030.081418109728,23029.89915435481,6732.9325682324
2025-10-11 07:15:00+00:00,287,4320,1962.2556196616704,3094.267642253178,3701.4483695631034,4055.5667135986396,4366.476256367316,4735.180907286216,5090.9484419733735,5423.049280170699,5904.005254419175,6570.09647940066,7185.361566031803,7817.121946016695,8777.43417931304,10089.51440300825,11102.038067303976,13446.100308689265,15476.107939168385,17447.75766682437,20328.988265197124,27687.432176915238,8453.442084521825
2025-10-11 07:30:00+00:00,288,4335,2135.048256574769,3476.4073798597883,4134.00202661,4527.300968301381,4911.194024664754,5347.264293371406,5893.119099814937,6482.361179630538,7402.84724896432,8113.564077165432,8914.476221700603,9805.07655083221,10815.960873851416,12344.75790552047,13699.902753459437,16536.793412596184,18636.72292834405,21102.12708292473,23682.93152858957,32219.504248030084,10142.236564048151
2025-10-11 07:45:00+00:00,289,4350,2524.5187639162887,4055.4400377717393,4710.539880275721,5146.6955677805345,5662.87442368939,6140.606130993943,6862.2416302339525,7530.810305587973,8473.471023841497,9060.152121921252,9929.714507928382,11116.335757728488,12527.178084246045,13747.609383699923,15148.88115911101,18279.364990100275,20704.012727420868,23513.27628616067,26267.756386268986,36571.70783701441,11376.380256483022
2025-10-11 08:00:00+00:00,290,4365,2694.9004652184753,4188.558093899582,4893.688064323071,5502.179150962761,6121.993990175005,6800.048489618615,7257.269685767429,7882.184717877099,8619.259858830968,9250.80870483059,9989.551413727168,10918.25216641796,12426.747847539338,14031.967662660743,15121.678277228531,16793.523172432197,20391.042811310115,24352.518234169765,28934.176481672952,40893.005280551086,11693.72255007215
2025-10-11 08:15:00+00:00,291,4380,2910.5174685482193,4492.065558913737,5104.357830359613,5768.296312057215,6425.207849087153,7000.460641229959,7729.02080255848,8248.352859530423,9326.963453837106,10049.877634356662,11069.466933609927,12029.375695079312,13852.456066466291,15228.564082957566,16704.25894053249,18824.252883688325,22548.441632162263,26978.66155197756,31341.039903528694,44898.40147829957,12927.57132761981
2025-10-11 08:30:00+00:00,292,4395,3573.693305302793,4824.664825838254,5530.560524842243,6420.5690069352495,7021.527781112934,7601.211033799298,8224.095030872635,8952.39811813709,9956.587272740051,10680.563043026306,11932.282881859093,13429.502000138164,15018.362146274263,16537.663388299483,18141.35637288493,20229.830631516492,24041.547290152434,28754.3068056288,33673.99092482629,48569.21207191676,13954.523511122054
2025-10-11 08:45:00+00:00,293,4410,3247.344214546991,4792.722592386168,5569.937395250976,6534.714559660573,7235.23365335434,7968.60955785826,8652.099017022794,9485.834782118844,10552.854115218854,11345.61643788449,12369.986765021224,13881.393444397781,15835.64966244412,17078.059918632116,18712.222414429263,21235.66582622395,24577.665889015298,29888.02797481253,35784.56289945069,51921.138178744535,14552.131802492997
2025-10-11 09:00:00+00:00,294,4425,3317.9710805221994,4503.47288067486,5336.782104960972,5978.070881118273,7037.910555995945,7849.475162060317,8657.372827321191,9353.705677136419,10406.222486997982,11403.85863047003,12645.532999965773,14163.931035060554,16128.623861923892,17599.2229694873,19342.98779147295,21976.525801230047,25876.5587062995,31615.901444542327,37853.667384808694,54935.77488193744,14934.494204327142
2025-10-11 09:15:00+00:00,295,4440,3137.976822260528,3869.934119017983,5125.542293060824,5908.2929148264875,6972.926594121903,7713.758134279203,8475.837637125553,9177.39875593911,9977.839962332147,11100.110778769285,12274.06136755355,14018.957001154044,15962.74068261849,17736.26200026817,19629.832800776658,22322.283973746882,27238.850607061428,33560.24709700794,39776.51603676268,57597.44835425505,15149.218386758504
2025-10-11 09:30:00+00:00,296,4455,3193.128157008155,3917.4679439671963,5094.244064870615,5962.637065699856,6756.462727970007,7725.756660659242,8588.827971588338,9384.47036656638,10346.34737253547,11612.40566011339,12833.564265901392,14567.141787355547,16418.695468866743,18333.132236211746,20542.82872000191,23233.65103606605,29639.59126120467,35049.08109341065,41474.9657619309,59892.83788055489,15748.045247212534
2025-10-11 09:45:00+00:00,297,4470,3235.0560327162134,4140.846105216739,5290.463056770164,6100.376293735485,6926.891778578147,7810.1071094218,8783.012694765903,9576.010337483744,10613.120512072805,12419.575113470844,13540.915387410387,15470.531235823122,17339.25387333901,19217.71875034956,21936.640908673457,27418.01891058436,33264.81693245834,37109.709257289454,43101.56388843482,61810.78190615548,16471.0657926324
2025-10-11 10:00:00+00:00,298,4485,3378.0859273687565,4247.947874093255,5317.296010457597,6056.905736584436,6929.679743596853,7800.196644810778,8779.966415241992,9848.40209391383,11349.647195028412,13220.09581882668,15166.42073105604,16279.268822741597,18770.835995125824,21184.79717086484,24324.97630664109,29370.814215017497,34685.071185626315,38706.39153112742,44413.72477057095,63342.19151702067,17324.523651913292
2025-10-11 10:15:00+00:00,299,4500,3452.833332786164,4200.4788845627045,5440.99141651775,6078.164749755815,6910.126785673409,7840.07558370108,8731.42086764064,9888.304576438739,11509.671216325356,13643.582721928753,15602.585888664946,16973.33570209448,19074.98499364854,21647.37050405365,24965.9187985782,30034.722415866127,36608.95283508641,40123.767948342786,45696.11667771947,64480.02479080705,17772.317372846093
2025-10-11 10:30:00+00:00,300,4515,3513.1660207463055,4299.1505866980815,5540.673927211777,6109.182833555709,7082.751909189942,7911.151641964813,8873.52182991566,10041.477509790428,11737.868998466434,13968.820291331058,15927.158732139345,17570.228526362116,19734.314337581025,22536.529641980076,25971.734930731516,31392.21628013558,37320.28893814199,41655.47150529826,46429.12371956212,65219.29363012761,18248.170959292762
2025-10-11 10:45:00+00:00,301,4530,3430.8204095759825,4286.669640502785,5565.886901565422,6390.487333804836,7305.969078443539,8084.689231766246,9065.883201117753,10157.76473089069,11920.808728612481,13819.874385395306,15866.364364994117,17090.275369522456,19830.021792388317,22878.681331231317,26457.45412526662,31424.50378589771,37688.08765854251,42690.83336706616,46867.54568274595,65557.08555562283,18418.68334777929
2025-10-11 11:00:00+00:00,302,4545,3350.5930438197865,4282.530277129593,5292.514273899128,6424.7474435150525,7256.778823365607,7984.657752142227,8768.58752940363,9549.64140101013,10666.462284025143,12649.559547828547,14144.53973423733,16150.545000631562,17661.08959360046,21489.688988454487,25632.666135359566,31426.12850959457,38530.630323343,43035.11931232482,46967.19108031869,65492.58961751508,17931.092918246195
2025-10-11 11:15:00+00:00,303,4560,2609.5013636772605,3775.8347599101076,4663.671826123407,5617.67606577733,6380.830355477842,7276.547699003492,8049.132446639054,8924.769888028139,9828.406249241605,10647.105169521556,12284.138550060503,14317.804945678521,16522.474516627808,20627.36103240568,24933.15293124099,30320.40340859282,36306.683181818735,40568.5113719759,46214.163259871326,65027.12055453349,16841.876070996397
2025-10-11 11:30:00+00:00,304,4575,2509.843072638797,4763.715981817702,5590.966139764872,6433.257351440718,7559.341287439069,8711.578268291829,9458.877920523531,10838.72456702222,12429.107854704798,14367.522823175821,16285.093705724614,18510.119707478414,22023.209564182347,28025.628165336566,32318.05888784292,35378.362783636716,38460.82249976774,41980.576560469875,44945.316360702396,64164.13881938733,19510.686709645637
2025-10-11 11:45:00+00:00,305,4590,2594.965575342449,3652.00304924184,4645.340725997892,5374.551877353474,6080.345786332091,6968.148081381144,7575.73530784379,8476.363852036204,9385.19641147954,10165.09587237407,11310.027566021283,13313.85305921479,15324.190684956926,18427.961617990193,23384.953205917995,27944.154979420528,33527.32833817886,38783.760299272755,44103.167779938325,62909.26715182189,15858.496642246877
2025-10-11 12:00:00+00:00,306,4605,2540.063842305969,3937.0404515023088,4995.090231856715,5683.077692793828,6546.361122465353,7185.013492066087,8102.20892859621,9080.545765600864,9876.0660363324,10506.567400365837,12179.110959114745,14013.920979112754,15863.571696059598,20327.897770677922,24242.75709360886,29108.08881540356,35012.33019256083,38513.79524187603,43741.957515861664,61270.30752949846,16408.730334027896
2025-10-11 12:15:00+00:00,307,4620,2321.6609212412823,3830.428202060516,4680.709615060552,5392.275292897216,6169.566533343241,6714.957902782445,7691.9518444295845,8920.250454923711,9664.6146455347,10244.652028264803,12030.09213067518,13802.215361281078,15534.546548404818,19466.42291980971,23235.746946959705,27865.3844840941,32959.73432761823,37940.96227244223,42314.03320240431,59257.26545556037,15828.645826700158
2025-10-11 12:30:00+00:00,308,4635,2353.4128358467,3721.3938565017033,4511.315136345303,5089.689541336799,5897.203279785269,6539.57778304187,7479.689736235409,8642.535378470999,9201.664421305764,10071.736007295152,11889.81828785697,13649.783753974883,16283.807101243003,20886.678147312585,24106.240314495757,29799.37285687235,33958.88608786839,37882.20039127782,40736.42669930745,56882.39285230949,15836.547544952344
2025-10-11 12:45:00+00:00,309,4650,1879.5570350007972,3344.4729477388014,4242.23883533585,5105.375063358757,5998.944168913676,7399.703458878563,8046.35664446103,8698.055994367025,10292.907865690862,12053.873460980089,14410.10606858999,17516.515978572595,20765.3819864299,24058.85399591071,27251.498453679815,30519.51359312802,32946.058719893226,36261.521417556374,38699.741903871996,54160.26652448969,16604.221805025398
2025-10-11 13:00:00+00:00,310,4665,1699.2164075617427,3297.7606344889737,4192.383968090825,5122.940723065241,5912.378462364204,7258.503423305921,7791.275544510588,8633.390923141857,10461.831682120837,12085.93872124732,14302.431433976513,18418.06651744309,21430.588109223572,24055.379100864142,26289.309797608636,29353.620904866835,31239.68765072583,34188.15131930009,37202.48376589536,51107.92721694033,16272.31546388938
2025-10-11 13:15:00+00:00,311,4680,2039.7031978210366,3371.2202750449724,4238.713755597732,5073.976754540634,6561.586291382575,7088.712381313558,7890.330873835384,9813.864879169329,11213.311448828239,13370.779612628643,16584.572665569623,19836.86033534959,21952.304235428077,23014.091703069276,25626.38050263218,27482.87121123199,29273.91720055232,31660.03716983006,35062.73689819563,47745.11753755142,16108.359824879013
2025-10-11 13:30:00+00:00,312,4695,2243.125431559637,3464.3559267227124,4201.724959561738,4729.669925076918,5886.406169578417,6636.227414818582,7218.066503467407,8434.812927780558,10187.839811753263,11996.114116399074,14974.214161530923,18356.120666572893,20267.319035281602,21343.353879928593,22853.081004884756,25533.379519636408,27276.54607228535,29160.447197540823,31975.02408575296,44094.677417315725,14812.190181235195
2025-10-11 13:45:00+00:00,313,4710,2046.1389961156058,3063.143185844814,3678.051211090625,4247.608763951603,4656.651641801446,5976.201763841273,6538.90536763487,7580.867033074443,9445.508904229722,11144.533163200347,14067.956057520672,17045.901395236142,18530.55183711857,19487.149704484254,21558.092377293295,23289.34537066826,24899.379996071963,26614.14431548977,29403.851750933136,40183.188557739595,13554.533375451812
2025-10-11 14:00:00+00:00,314,4725,1761.7608033384427,2682.317626729982,3240.9047473662886,3863.742211764665,4411.017990436347,5515.071244830288,6050.524776720696,7331.139535095551,8935.706762547405,11514.675731431611,13829.786642789932,15848.44961279101,17160.88237425229,17705.333847065518,20191.723623520476,21057.159832279456,22495.75201913086,24137.145804524276,26909.416815743793,35934.117100311756,12528.866562650419
2025-10-11 14:15:00+00:00,315,4740,1594.884531398324,2326.6008584368215,2820.717475387147,3331.3606537446617,4075.7878991072826,4833.120987193032,5328.848886727841,7074.326950856856,8853.21785075488,10739.467766678077,12599.76139487717,13897.721087117234,15011.615793095212,15777.049451445799,17632.505516150704,18537.753282411468,19708.708166589135,21119.906838224615,23803.198281510817,31627.34719486841,11147.981987225472
2025-10-11 14:30:00+00:00,316,4755,1679.4385760007028,2129.143976035362,2609.289785744073,3047.4197460824207,3960.020270380105,4324.6211359490435,5208.4085766221515,6500.39727381808,8069.470263319633,9664.036243496566,11283.069376661735,12318.95130430279,12994.674669361333,13972.96549085716,15331.774930053427,16069.39802408095,17066.330538009835,18650.13755026124,20510.644683393017,27252.07781045578,9877.016508891686
2025-10-11 14:45:00+00:00,317,4770,1269.5066487459517,1591.385137895509,2034.9784943778818,2846.478962584485,3328.4380868378353,3877.301740605273,4943.132823271568,6043.18944961632,7508.9578740214665,8473.460397695846,9652.053513745195,10481.049995457684,10809.578283901928,12039.464402778647,12655.021693963196,13214.098605461966,14000.113508135595,15155.703152117507,16925.805696631676,22794.739112585445,8332.738437315804
2025-10-11 15:00:00+00:00,318,4785,929.3542708853577,1137.3621758543957,1504.4367130600938,2184.828966608674,2721.633809966455,3510.638218679267,4016.769111492014,4973.787201537015,6188.6431634492465,7331.394068398211,7815.633116273166,8411.59984148329,8875.716304453561,9783.638501373774,10200.994213061404,10815.98622086041,11508.883467262252,12225.045384830451,13639.474468802991,18326.03863120892,6777.531697457783
2025-10-11 15:15:00+00:00,319,4800,678.3445714705773,870.2746461755502,1206.0463693316462,1805.4953558229602,2351.8786527026214,2879.4196990785817,3601.808008744243,4417.815086325884,5068.051197815553,5803.054083787752,6292.3784612223535,6536.59434775422,7023.895425490491,7435.727153430988,7786.182707340365,8331.62484829452,8775.345272551293,9462.951022426294,10583.524722716775,13893.502714661572,5354.297511963191
2025-10-11 15:30:00+00:00,320,4815,457.7439261012265,590.5471560844367,828.7071617862689,1286.6331735455183,1749.0539239475984,2076.9594538441893,2603.491609325436,3064.1680517087084,3630.8438620104007,3914.0115379244844,4202.61402284939,4451.82204647433,4757.774456689587,5070.422679395638,5271.274478366645,5638.3318573593815,5966.978647083817,6403.514534434934,7236.649912423441,9569.662327171072,3672.4246432696277
2025-10-11 15:45:00+00:00,321,4830,287.2235658232872,385.81620964900435,504.9363007266851,729.8420026099259,1005.7392989648494,1213.5889668868447,1514.5321673741641,1790.5780571776354,1970.8202003378399,2323.3777547472077,2438.4036138036627,2627.426237521021,2769.0948565253125,3012.2115703352824,3149.4263590383052,3318.525282472754,3583.6485928684065,3837.479139758597,4409.468605387713,5728.385477573821,2172.337421935683
2025-10-11 16:00:00+00:00,322,4845,107.53287121906914,149.90008395135297,189.80478507793413,221.5529158327142,324.8401420116818,401.4308765695542,521.3620276736823,579.0263273024004,663.3781184737442,802.9150610692966,854.8440497146893,897.9926608029338,967.0980022391927,1060.857218556838,1117.8665501308406,1187.3261941502242,1283.051094971633,1368.8634862105157,1567.271931579214,2021.0293036464504,759.1021106838182
2025-10-11 16:15:00+00:00,323,4860,14.093565158512122,21.116653544861244,24.370526001128045,29.877605215172245,41.30485749564264,55.83130204628105,67.52435321758635,82.96109619064158,96.59441471795964,106.55035302979361,123.82617742841403,130.7083895126979,142.33341983346722,155.85817624533271,166.07795068134462,176.67296365207332,190.81417012780545,205.25138434568544,233.3608444128648,298.984118071434,110.0693631351586
2025-10-11 16:30:00+00:00,324,4875,0.0,0.0,0.0,0.0,0.0,0.0,0.0,0.0,0.0,0.0,0.0,0.0,0.0,0.0,0.0,0.0,0.0,0.0,0.0,0.0,0.0
2025-10-11 16:45:00+00:00,325,4890,0.0,0.0,0.0,0.0,0.0,0.0,0.0,0.0,0.0,0.0,0.0,0.0,0.0,0.0,0.0,0.0,0.0,0.0,0.0,0.0,0.0
2025-10-11 17:00:00+00:00,326,4905,0.0,0.0,0.0,0.0,0.0,0.0,0.0,0.0,0.0,0.0,0.0,0.0,0.0,0.0,0.0,0.0,0.0,0.0,0.0,0.0,0.0
2025-10-11 17:15:00+00:00,327,4920,0.0,0.0,0.0,0.0,0.0,0.0,0.0,0.0,0.0,0.0,0.0,0.0,0.0,0.0,0.0,0.0,0.0,0.0,0.0,0.0,0.0
2025-10-11 17:30:00+00:00,328,4935,0.0,0.0,0.0,0.0,0.0,0.0,0.0,0.0,0.0,0.0,0.0,0.0,0.0,0.0,0.0,0.0,0.0,0.0,0.0,0.0,0.0
2025-10-11 17:45:00+00:00,329,4950,0.0,0.0,0.0,0.0,0.0,0.0,0.0,0.0,0.0,0.0,0.0,0.0,0.0,0.0,0.0,0.0,0.0,0.0,0.0,0.0,0.0
2025-10-11 18:00:00+00:00,330,4965,0.0,0.0,0.0,0.0,0.0,0.0,0.0,0.0,0.0,0.0,0.0,0.0,0.0,0.0,0.0,0.0,0.0,0.0,0.0,0.0,0.0
2025-10-11 18:15:00+00:00,331,4980,0.0,0.0,0.0,0.0,0.0,0.0,0.0,0.0,0.0,0.0,0.0,0.0,0.0,0.0,0.0,0.0,0.0,0.0,0.0,0.0,0.0
2025-10-11 18:30:00+00:00,332,4995,0.0,0.0,0.0,0.0,0.0,0.0,0.0,0.0,0.0,0.0,0.0,0.0,0.0,0.0,0.0,0.0,0.0,0.0,0.0,0.0,0.0
2025-10-11 18:45:00+00:00,333,5010,0.0,0.0,0.0,0.0,0.0,0.0,0.0,0.0,0.0,0.0,0.0,0.0,0.0,0.0,0.0,0.0,0.0,0.0,0.0,0.0,0.0
2025-10-11 19:00:00+00:00,334,5025,0.0,0.0,0.0,0.0,0.0,0.0,0.0,0.0,0.0,0.0,0.0,0.0,0.0,0.0,0.0,0.0,0.0,0.0,0.0,0.0,0.0
2025-10-11 19:15:00+00:00,335,5040,0.0,0.0,0.0,0.0,0.0,0.0,0.0,0.0,0.0,0.0,0.0,0.0,0.0,0.0,0.0,0.0,0.0,0.0,0.0,0.0,0.0
2025-10-11 19:30:00+00:00,336,5055,0.0,0.0,0.0,0.0,0.0,0.0,0.0,0.0,0.0,0.0,0.0,0.0,0.0,0.0,0.0,0.0,0.0,0.0,0.0,0.0,0.0
2025-10-11 19:45:00+00:00,337,5070,0.0,0.0,0.0,0.0,0.0,0.0,0.0,0.0,0.0,0.0,0.0,0.0,0.0,0.0,0.0,0.0,0.0,0.0,0.0,0.0,0.0
2025-10-11 20:00:00+00:00,338,5085,0.0,0.0,0.0,0.0,0.0,0.0,0.0,0.0,0.0,0.0,0.0,0.0,0.0,0.0,0.0,0.0,0.0,0.0,0.0,0.0,0.0
2025-10-11 20:15:00+00:00,339,5100,0.0,0.0,0.0,0.0,0.0,0.0,0.0,0.0,0.0,0.0,0.0,0.0,0.0,0.0,0.0,0.0,0.0,0.0,0.0,0.0,0.0
2025-10-11 20:30:00+00:00,340,5115,0.0,0.0,0.0,0.0,0.0,0.0,0.0,0.0,0.0,0.0,0.0,0.0,0.0,0.0,0.0,0.0,0.0,0.0,0.0,0.0,0.0
2025-10-11 20:45:00+00:00,341,5130,0.0,0.0,0.0,0.0,0.0,0.0,0.0,0.0,0.0,0.0,0.0,0.0,0.0,0.0,0.0,0.0,0.0,0.0,0.0,0.0,0.0
2025-10-11 21:00:00+00:00,342,5145,0.0,0.0,0.0,0.0,0.0,0.0,0.0,0.0,0.0,0.0,0.0,0.0,0.0,0.0,0.0,0.0,0.0,0.0,0.0,0.0,0.0
2025-10-11 21:15:00+00:00,343,5160,0.0,0.0,0.0,0.0,0.0,0.0,0.0,0.0,0.0,0.0,0.0,0.0,0.0,0.0,0.0,0.0,0.0,0.0,0.0,0.0,0.0
2025-10-11 21:30:00+00:00,344,5175,0.0,0.0,0.0,0.0,0.0,0.0,0.0,0.0,0.0,0.0,0.0,0.0,0.0,0.0,0.0,0.0,0.0,0.0,0.0,0.0,0.0
2025-10-11 21:45:00+00:00,345,5190,0.0,0.0,0.0,0.0,0.0,0.0,0.0,0.0,0.0,0.0,0.0,0.0,0.0,0.0,0.0,0.0,0.0,0.0,0.0,0.0,0.0
2025-10-11 22:00:00+00:00,346,5205,0.0,0.0,0.0,0.0,0.0,0.0,0.0,0.0,0.0,0.0,0.0,0.0,0.0,0.0,0.0,0.0,0.0,0.0,0.0,0.0,0.0
2025-10-11 22:15:00+00:00,347,5220,0.0,0.0,0.0,0.0,0.0,0.0,0.0,0.0,0.0,0.0,0.0,0.0,0.0,0.0,0.0,0.0,0.0,0.0,0.0,0.0,0.0
2025-10-11 22:30:00+00:00,348,5235,0.0,0.0,0.0,0.0,0.0,0.0,0.0,0.0,0.0,0.0,0.0,0.0,0.0,0.0,0.0,0.0,0.0,0.0,0.0,0.0,0.0
2025-10-11 22:45:00+00:00,349,5250,0.0,0.0,0.0,0.0,0.0,0.0,0.0,0.0,0.0,0.0,0.0,0.0,0.0,0.0,0.0,0.0,0.0,0.0,0.0,0.0,0.0
2025-10-11 23:00:00+00:00,350,5265,0.0,0.0,0.0,0.0,0.0,0.0,0.0,0.0,0.0,0.0,0.0,0.0,0.0,0.0,0.0,0.0,0.0,0.0,0.0,0.0,0.0
2025-10-11 23:15:00+00:00,351,5280,0.0,0.0,0.0,0.0,0.0,0.0,0.0,0.0,0.0,0.0,0.0,0.0,0.0,0.0,0.0,0.0,0.0,0.0,0.0,0.0,0.0
2025-10-11 23:30:00+00:00,352,5295,0.0,0.0,0.0,0.0,0.0,0.0,0.0,0.0,0.0,0.0,0.0,0.0,0.0,0.0,0.0,0.0,0.0,0.0,0.0,0.0,0.0
2025-10-11 23:45:00+00:00,353,5310,0.0,0.0,0.0,0.0,0.0,0.0,0.0,0.0,0.0,0.0,0.0,0.0,0.0,0.0,0.0,0.0,0.0,0.0,0.0,0.0,0.0
2025-10-12 00:00:00+00:00,354,5325,0.0,0.0,0.0,0.0,0.0,0.0,0.0,0.0,0.0,0.0,0.0,0.0,0.0,0.0,0.0,0.0,0.0,0.0,0.0,0.0,0.0
2025-10-12 00:15:00+00:00,355,5340,0.0,0.0,0.0,0.0,0.0,0.0,0.0,0.0,0.0,0.0,0.0,0.0,0.0,0.0,0.0,0.0,0.0,0.0,0.0,0.0,0.0
2025-10-12 00:30:00+00:00,356,5355,0.0,0.0,0.0,0.0,0.0,0.0,0.0,0.0,0.0,0.0,0.0,0.0,0.0,0.0,0.0,0.0,0.0,0.0,0.0,0.0,0.0
2025-10-12 00:45:00+00:00,357,5370,0.0,0.0,0.0,0.0,0.0,0.0,0.0,0.0,0.0,0.0,0.0,0.0,0.0,0.0,0.0,0.0,0.0,0.0,0.0,0.0,0.0
2025-10-12 01:00:00+00:00,358,5385,0.0,0.0,0.0,0.0,0.0,0.0,0.0,0.0,0.0,0.0,0.0,0.0,0.0,0.0,0.0,0.0,0.0,0.0,0.0,0.0,0.0
2025-10-12 01:15:00+00:00,359,5400,0.0,0.0,0.0,0.0,0.0,0.0,0.0,0.0,0.0,0.0,0.0,0.0,0.0,0.0,0.0,0.0,0.0,0.0,0.0,0.0,0.0
2025-10-12 01:30:00+00:00,360,5415,0.0,0.0,0.0,0.0,0.0,0.0,0.0,0.0,0.0,0.0,0.0,0.0,0.0,0.0,0.0,0.0,0.0,0.0,0.0,0.0,0.0
2025-10-12 01:45:00+00:00,361,5430,0.0,0.0,0.0,0.0,0.0,0.0,0.0,0.0,0.0,0.0,0.0,0.0,0.0,0.0,0.0,0.0,0.0,0.0,0.0,0.0,0.0
2025-10-12 02:00:00+00:00,362,5445,0.0,0.0,0.0,0.0,0.0,0.0,0.0,0.0,0.0,0.0,0.0,0.0,0.0,0.0,0.0,0.0,0.0,0.0,0.0,0.0,0.0
2025-10-12 02:15:00+00:00,363,5460,0.0,0.0,0.0,0.0,0.0,0.0,0.0,0.0,0.0,0.0,0.0,0.0,0.0,0.0,0.0,0.0,0.0,0.0,0.0,0.0,0.0
2025-10-12 02:30:00+00:00,364,5475,0.0,0.0,0.0,0.0,0.0,0.0,0.0,0.0,0.0,0.0,0.0,0.0,0.0,0.0,0.0,0.0,0.0,0.0,0.0,0.0,0.0
2025-10-12 02:45:00+00:00,365,5490,0.0,0.0,0.0,0.0,0.0,0.0,0.0,0.0,0.0,0.0,0.0,0.0,0.0,0.0,0.0,0.0,0.0,0.0,0.0,0.0,0.0
2025-10-12 03:00:00+00:00,366,5505,0.0,0.0,0.0,0.0,0.0,0.0,0.0,0.0,0.0,0.0,0.0,0.0,0.0,0.0,0.0,0.0,0.0,0.0,0.0,0.0,0.0
2025-10-12 03:15:00+00:00,367,5520,0.0,0.0,0.0,0.0,0.0,0.0,0.0,0.0,0.0,0.0,0.0,0.0,0.0,0.0,0.0,0.0,0.0,0.0,0.0,0.0,0.0
2025-10-12 03:30:00+00:00,368,5535,0.0,0.0,0.0,0.0,0.0,0.0,0.0,0.0,0.0,0.0,0.0,0.0,0.0,0.0,0.0,0.0,0.0,0.0,0.0,0.0,0.0
2025-10-12 03:45:00+00:00,369,5550,0.0,0.0,0.0,0.0,0.0,0.0,0.0,0.0,0.0,0.0,0.0,0.0,0.0,0.0,0.0,0.0,0.0,0.0,0.0,0.0,0.0
2025-10-12 04:00:00+00:00,370,5565,0.0,0.0,0.0,0.0,0.0,0.0,0.0,0.0,0.0,0.0,0.0,0.0,0.0,0.0,0.0,0.0,0.0,0.0,0.0,0.0,0.0
2025-10-12 04:15:00+00:00,371,5580,0.0,0.0,0.0,0.0,0.0,0.0,0.0,0.0,0.0,0.0,0.0,0.0,0.0,0.0,0.0,0.0,0.0,0.0,0.0,0.0,0.0
2025-10-12 04:30:00+00:00,372,5595,0.0,0.0,0.0,0.0,0.0,0.0,0.0,0.0,0.0,0.0,0.0,0.0,0.0,0.0,0.0,0.0,0.0,0.0,0.0,0.0,0.0
2025-10-12 04:45:00+00:00,373,5610,0.0,0.0,0.0,0.0,0.0,0.0,0.0,0.0,0.0,0.0,0.0,0.0,0.0,0.0,0.0,0.0,0.0,0.0,0.0,0.0,0.0
2025-10-12 05:00:00+00:00,374,5625,0.0,0.0,0.0,0.0,0.0,0.0,0.0,0.0,0.0,0.0,0.0,0.0,0.0,0.0,0.0,0.0,0.0,0.0,0.0,0.0,0.0
2025-10-12 05:15:00+00:00,375,5640,0.0,0.0,0.0,0.0,0.0,0.0,0.0,0.0,0.0,0.0,0.0,0.0,0.0,0.0,0.0,0.0,0.0,0.0,0.0,0.0,0.0
2025-10-12 05:30:00+00:00,376,5655,0.0,0.0,0.016930836507089143,0.03543331184605997,0.07739024334547198,0.20437909965826662,0.3176271497291064,0.38150201751949603,0.4663629065200339,0.5253572017096677,0.6357297020508346,0.7261751895560591,0.849900952560391,1.0214180064503897,1.2038562618946995,1.763426300580704,2.39554074515767,2.9487931617135428,3.5159834765098736,7.1504998172583445,0.9738041496960685
2025-10-12 05:45:00+00:00,377,5670,26.42716871362681,39.28586550210321,50.81423585526444,57.50693548079557,63.16536847810767,76.55202725437267,90.39797522900464,97.77954948880688,106.39821422127811,113.16848932784774,128.1520881412728,140.62448062128632,159.81300101939846,178.57384128112383,203.18643076415486,235.03338701648678,285.35835702039634,340.9266505493228,443.8907775872831,754.002233908939,157.90461622806603
2025-10-12 06:00:00+00:00,378,5685,113.98031528960462,181.47428411925216,234.6560827681665,273.43292046969106,304.3347406729153,347.3722673508307,399.19522032165077,455.3186781644693,497.9022694783046,537.165183417139,600.035214703651,667.4347742286272,790.8719880345594,875.9264380367172,986.1863773277397,1133.2205162749324,1391.549085317899,1620.9853294544828,2252.4025932563422,3839.718975324412,754.7329918148498
2025-10-12 06:15:00+00:00,379,5700,8.33379332930895,48.48752482507024,113.50058301337246,360.80213923873697,440.31124126667635,515.2524561617473,632.9681111526021,723.4146441861661,883.8730001272468,1025.0513128337338,1146.6269955312716,1273.895811798224,1533.6506235630386,1893.286320903915,2494.4481297942352,3101.625414601422,3518.1809920993496,4377.530981650462,4960.470805034922,8546.117939851409,1643.8461009632156
2025-10-12 06:30:00+00:00,380,5715,7.694076357362271,74.95519548140012,209.26524868163455,553.8275148326984,661.1248425158213,783.54176484673,976.7594592585958,1191.182352901965,1429.8630967310758,1635.9002431731124,1850.9007348934733,2047.2031012067373,2502.34437506176,3559.2822072568265,4414.369072753353,5000.789382657519,6013.435769816675,6737.489707290594,7772.865823812613,12979.091431246663,2653.7108576009146
2025-10-12 06:45:00+00:00,381,5730,58.75525337988205,192.17208728880797,446.15118870346595,952.0133583947579,1072.5506067036597,1237.9736507896775,1465.960702272266,1759.012652110894,2053.173691712032,2303.2925912726328,2567.694717421681,2822.1702523792424,3362.9267964253418,4067.0378997268945,5360.2711521396595,6736.955614035936,7635.254893195563,9217.623051011438,10120.387642294289,17839.059278056127,3563.3310603763575
2025-10-12 07:00:00+00:00,382,5745,177.13133319433143,431.8057645369905,701.0312724748311,1323.9286502393063,1498.6767113827823,1691.041864265755,1994.3509915470506,2213.611575599724,2626.5162428347817,2922.8485413401495,3241.0471132134053,3589.312720706262,4058.9793313193472,5074.4497340934695,6597.711919564415,8133.088382926182,9503.988642392655,11489.013921700172,12943.900153473885,22543.173280749797,4496.244904938661
2025-10-12 07:15:00+00:00,383,5760,405.4812254394022,786.916013390679,1419.7931844802147,1878.1834857280603,2051.0701098602053,2294.059985844097,2570.5566946523786,2948.8129323841476,3438.4309850214645,3783.051558907796,4217.390086117875,4581.799817826034,5266.198413732243,6311.064735836689,8100.193183632925,9919.995502403615,11666.15466612599,13961.853986323677,16207.147098407415,27200.76970268962,5667.151994791603
2025-10-12 07:30:00+00:00,384,5775,673.9826260862516,1133.5902898341747,2110.265590857393,2341.114646723461,2558.3490085039975,2902.145494502149,3214.064613862795,3664.074185847022,4176.072200946676,4547.022065837209,5116.4388672819105,5559.648458888458,6561.472197682635,7807.935680447345,9870.404186878151,12089.674705703621,14128.513367146348,16461.366036064108,18971.42017116731,31734.439746059346,6872.625045601826
2025-10-12 07:45:00+00:00,385,5790,482.1609405747588,1482.0412333604725,2274.1600303723326,2673.77281526204,3127.2429877355903,3579.0721138111658,4044.2598784984957,4612.840509655146,5098.234191588107,5628.485527779872,6141.492533347156,7319.082783170082,9671.211859453028,12084.287058341257,13935.214280876327,15395.031886715233,17266.905150734343,18520.234218843587,22224.300378000236,36088.43676378685,8785.025736828022
2025-10-12 08:00:00+00:00,386,5805,672.7892266927913,2105.2843975672768,2663.066900816126,3256.8909081812717,3865.375466036145,4405.0925582921745,4925.257421828328,5456.400605429894,5916.828798998501,6540.185281810194,7815.849690791586,10639.922870307373,12694.085598383106,15004.497539133048,16885.01129871922,18622.437820469535,19763.751800527494,21459.35507477267,24985.306572245783,40358.87009274783,10465.137891592112
2025-10-12 08:15:00+00:00,387,5820,888.5788965577389,2460.7439947134567,3158.9951904942072,4103.0877156149,4627.700786120958,5098.5862037699335,5813.341891485454,6371.732250064741,6763.853917202748,8264.187485372375,10052.59381955026,13168.93297310737,15926.835483873416,18064.87004130774,19874.049601866674,21233.00971944688,23071.328750509085,25126.094704902698,28256.68936825808,44401.5839642047,12041.466089317486
2025-10-12 08:30:00+00:00,388,5835,1307.7397715480392,2531.3585861380125,3706.2660237713717,4455.680697389406,5040.379325194999,5685.965879840448,6352.030746256948,6894.115489247771,7579.0760270590545,9449.973044335686,13048.818292236636,15497.513604470516,18119.30342187668,20289.226805638802,22425.03110831925,23625.046113184646,26483.806914580906,29080.337723567674,32152.364771888126,48074.30057243169,13681.464835826431
2025-10-12 08:45:00+00:00,389,5850,2072.5661962201425,2865.7443984695583,3851.52550053698,4745.496393948227,5413.346463927499,5943.169098488184,6528.553171278867,7391.691759098212,7974.243349798155,8753.467046674956,10891.608403379856,15168.179966292706,18992.441389559106,21534.632752068337,24290.871054523,25887.177099312306,27808.84521178195,30665.610247510995,32676.2730015653,51426.89875448993,14261.250769212043
2025-10-12 09:00:00+00:00,390,5865,3461.778387210134,4118.813818936748,5012.475051928089,5742.832169049234,6577.899556945594,7238.175670957834,7741.676410332735,8611.732504457044,9368.93484390458,10242.74099931617,12970.73803461139,16935.367223513676,21089.097906873943,23486.635237349794,27025.744744783584,28594.276914270897,31283.508065152608,33338.65515010056,35143.16490107765,54441.05030412965,16097.543654843834
2025-10-12 09:15:00+00:00,391,5880,2604.0666023894582,4942.77862516461,6149.3358042221025,6989.318946360663,7892.28070726409,8603.137548067996,9336.591028364799,10182.379503537573,11106.525743195276,12436.154159732476,14137.88464811384,16918.652433702708,20830.3764849198,24671.53743517289,28675.2865697262,31456.16114232609,34290.22214585669,37307.86705874724,42386.96142234028,57101.19236465333,17895.184562614268
2025-10-12 09:30:00+00:00,392,5895,2841.4493550633442,4377.228736918761,6385.988921879036,7253.277605812363,8126.155917902587,8989.100970648617,9847.346026719317,10479.807599158225,11482.3773912667,12568.00398920312,14288.430071381956,16092.97196490455,19917.64196016784,23918.64317947032,27041.820882350905,32709.236019852826,35879.99613343626,39478.73737157258,44445.84911435874,59394.126491356496,18080.312685582336
2025-10-12 09:45:00+00:00,393,5910,3300.6550492457245,4730.067327305209,6874.588436482051,7542.634762285988,8349.098938916077,9402.207306866094,10238.552449209436,10878.424948192987,11813.859440760498,13147.155060130357,14868.012299937536,16712.428707476545,20553.18166961951,23859.506658616207,27330.340989026805,32760.98142238049,35858.083929791705,40091.81929384673,46567.18514794634,61308.81250321211,18603.19717239431
2025-10-12 10:00:00+00:00,394,5925,3357.577158918979,4657.346214513449,6733.259211245607,7501.583883704219,8094.081973515606,9052.755367004014,10106.997238581896,10919.299056161526,11661.875562452668,12953.056893486528,14736.759119906881,16243.654015950695,19389.84802173571,23144.245952975318,26895.97859790011,32079.025518426315,36353.27378800788,40608.74437424732,47670.518632821586,62836.27563354541,18498.08267380657
2025-10-12 10:15:00+00:00,395,5940,3260.1575573547007,4688.604520692194,6746.2847684652215,7575.74827608514,8130.853314317983,9087.68710600496,9953.683467949459,10789.338740244259,11445.819947646967,12729.620934843297,13936.944883049402,15651.84971033442,17992.679987121483,21967.827311101348,26776.630172137833,32027.43339206698,36642.98691539541,41524.50686439955,49235.24500251732,63969.57771722964,18427.61363531868
2025-10-12 10:30:00+00:00,396,5955,3229.239251981209,4386.00173094808,6300.103317490463,7172.6553560530165,7884.504416843268,8776.836727123047,9525.755688251447,10537.184182444078,11144.301822459374,11992.003819694399,13373.641483699015,15052.514637980517,16867.357974188228,21316.71727179092,24781.957023148145,30210.65796977102,35989.13506122055,39879.33670484914,49638.446428843825,64703.82256893146,17829.821110334226
2025-10-12 10:45:00+00:00,397,5970,3243.2469507833207,4305.370888112433,6084.067090535493,7023.440786039276,7693.840983741936,8327.79884718384,9181.567832469023,10201.51652530134,10834.817415923357,11548.546511178769,12892.588729391444,14012.676975552144,15989.527560993096,19199.258008600194,22971.078095765344,28653.35138621176,35177.981395116076,38773.704623938414,49271.878354908426,65036.177237586904,17184.227938509488
2025-10-12 11:00:00+00:00,398,5985,3052.3550832756955,4403.69751640733,6433.1478170074015,7242.878918426773,7852.828236320852,8514.490362955268,9401.799293913333,10283.46899091723,10875.819375502251,11711.13662218816,12934.591612637108,14223.928182946327,15925.159444144561,18788.43220247308,22546.986719073942,28361.932947687477,35339.40200589648,38910.5789129308,49806.85176227393,64965.89788802353,17258.965986781877
2025-10-12 11:15:00+00:00,399,6000,2984.4772983252587,4317.512476787688,6279.2216467572525,7020.416402271921,7456.814616136622,8123.286313991587,9173.40945724326,9933.541276850921,10526.61072648065,11252.239002156506,12534.810818197562,13555.14520571439,15279.133516904543,17814.822498285048,22091.0673040038,27088.28488169127,34614.802435345504,38442.00816482578,49216.75994807048,64494.354259945954,16791.516272295317
2025-10-12 11:30:00+00:00,400,6015,2884.176110593884,4264.474600315293,5933.932058792373,6656.329939926991,7147.8326513905995,7753.9216631966465,8575.650143260904,9618.937152922192,10245.164344030121,10785.365475920033,12124.039440479879,13253.102146332209,15094.886393537083,17607.09021929713,21879.411955983564,26921.01928774381,34342.614249846876,37849.07858959302,47814.63622241521,63625.05027605403,16425.93628287393
2025-10-12 11:45:00+00:00,401,6030,2916.6255060654266,4182.402570741791,5792.162199962936,6471.978687672957,6964.660083527762,7365.1240692475185,8260.381575361122,9346.360456869545,10039.943749365108,10733.708041807799,12035.779889897582,13119.352023268397,14813.26928105177,17373.84398677509,21361.903460137903,26151.038683244595,33407.40593438364,36881.46832399672,46388.75586778985,62363.641537378855,16041.281997863554
2025-10-12 12:00:00+00:00,402,6045,2739.3578703247545,4017.330593661235,5468.076179270068,6116.061918113024,6649.957154729317,7111.338605632495,7977.870343898379,8948.546948990981,9682.257305504281,10567.50656255416,11731.098774425303,12806.726885648064,14501.964991253511,17162.498368853667,20527.583316786808,25315.132107154033,32465.873304183227,35830.94881549948,45098.012804573125,60717.9536891525,15557.575974249718
2025-10-12 12:15:00+00:00,403,6060,2249.4628539493838,3260.013530425603,4718.699492602614,5479.4570854830345,5975.147903828658,6348.38239492909,7042.184448085848,7791.039692860908,8638.213599227976,9396.096028902108,10268.010899953608,11545.358233527264,12954.308345978376,14824.883093950615,19138.820730670424,23742.139217188476,30662.00789128175,33959.91510948867,43200.49798930651,58698.008903077345,14317.394769365246
2025-10-12 12:30:00+00:00,404,6075,1754.2155755326107,2723.0357427233257,4083.8346919332803,4739.563491126949,5224.440105179325,5703.527701663487,6126.587102727691,6791.5726653238025,7612.449839731907,8250.892029832272,9137.311139798629,10538.730922444054,11738.438821576889,13013.301488147928,16989.487513121545,22054.314191172893,27958.216648418995,32108.507898077856,40903.8521897089,56316.07223574954,13147.325559256593
2025-10-12 12:45:00+00:00,405,6090,1091.0253789747221,2195.3577937909467,3452.465130605481,4155.148384586498,4622.00755283601,4998.112965873692,5455.411493952887,6069.78482369262,6940.881079798969,7514.925353203354,8233.860456834398,9306.779673841855,10567.985015376433,11740.346206991699,14806.909270393791,19018.44772304995,25410.723656307277,30100.33436439393,38045.36022726214,53586.735654358985,11882.612794973633
2025-10-12 13:00:00+00:00,406,6105,876.9533796160996,1735.8661456085972,2899.173780742006,3532.865525476011,3986.8785844051195,4367.098437878503,4899.261029912821,5461.197076230627,6227.669671053602,6702.20377337903,7348.837981677867,8207.968494534396,9472.346930818447,10604.946172980572,12918.391901778909,16854.96759509794,21818.127151129353,27014.31588604043,33972.94478714465,50527.06615618982,10587.543796391192
2025-10-12 13:15:00+00:00,407,6120,685.4051093507762,1400.8326546073972,2489.8810356318772,3242.8919946794304,3683.7477251979544,4088.2134855741547,4557.084124458633,5090.31386205756,5731.673036949391,6301.079154994159,6894.185211694714,7732.825417156515,8778.458510627881,10083.638674651267,12081.739451633523,15782.329244961642,20072.584023904164,25280.123248151092,31333.131133400668,47156.85861521836,9956.213784162053
2025-10-12 13:30:00+00:00,408,6135,799.4481733024732,1437.4092923302987,2311.0013991428873,3022.368797056883,3398.4114592685164,3878.461591890394,4262.2101500898825,4702.403957182593,5253.219138856222,5841.843683131118,6369.122276254079,7030.794668825088,8024.749227825883,9293.068226979742,10833.495699604378,13930.718543514362,17377.286894836096,22940.982429557294,28438.338231594666,43499.05604975766,9062.26166247347
2025-10-12 13:45:00+00:00,409,6150,697.0134551381653,1339.689330785449,2138.2121992093385,2805.0868466805146,3196.1613649722017,3631.680075215234,3958.4678280520156,4481.200747054649,5096.165788509225,5572.516903865615,6225.712091665564,6928.168509620738,8056.781405031779,9184.9252789405,12116.06788100933,14216.46234578129,17010.284279026426,21719.12241726136,25848.06801852173,39580.435704877804,8713.91514278754
2025-10-12 14:00:00+00:00,410,6165,606.449983422922,1090.1911029492157,1899.5086360200626,2467.9098621939656,2844.4805834488807,3198.87674281471,3615.085398207728,4120.5577268851985,4621.197932034977,5180.13112672179,5778.336567566804,6421.745185187501,7411.3472054125505,9373.684386974604,11522.522118738843,13741.556691018879,17198.547507116724,19544.500035419158,23175.51375211653,35288.621232310885,8082.233428973896
2025-10-12 14:15:00+00:00,411,6180,302.18328656300287,918.0717050076227,1592.7674260003296,2107.0887034041384,2429.2926434587976,2690.656357248628,3163.8663509248754,3607.072084518497,4035.7022446351475,4624.007795022326,5099.444641808095,5722.6616104734,6640.24968451225,8750.176247404095,10674.904656556726,12879.46382747813,15813.674498056633,17235.903869109407,20342.00680740614,31034.70692725752,7212.701728292759
2025-10-12 14:30:00+00:00,412,6195,259.6631773708061,722.3668823983016,1263.2590930828812,1705.2368944697607,2012.8390098644934,2289.293652660328,2727.4695054346885,3119.428429089588,3546.872622767696,4008.076000051807,4348.688968505268,5124.670826952439,5907.936169955486,7980.440140929019,9752.91706039261,11190.366798382902,13682.876902059483,14804.652876121352,17411.70538075518,26658.818658756154,6259.614725713575
2025-10-12 14:45:00+00:00,413,6210,165.32282551023178,476.40524503137806,940.3955199430197,1315.6509632089612,1594.5628409473316,1896.6879291493753,2300.2801944564344,2634.3540603799224,3002.4901728555665,3353.8691629858486,3873.949292354095,4689.770527115748,6220.509404229512,7609.763476523056,8574.91416960929,9905.802287598342,11523.364280482443,12426.373701331664,14636.07221561462,22204.390883858166,5408.301274862176
2025-10-12 15:00:00+00:00,414,6225,97.33044597949471,293.40592655245877,707.3696279144724,983.0531836391676,1194.6541877836755,1398.4193047550407,1779.453304805444,2083.7477881152104,2451.726050882155,2722.8825224184884,3296.606781893931,4184.203736508288,5459.328606107805,6228.699508127173,6856.067194458854,7896.711211251825,9042.361028777976,9754.411721681266,11395.390279097855,17744.488750317523,4289.774869413121
2025-10-12 15:15:00+00:00,415,6240,36.51837895490151,152.65153283338017,482.9172020368132,651.8070327748807,797.3616814130999,946.3497402068027,1248.8394665805677,1534.8953006718928,1781.2537815863636,2064.3205302887804,2446.2061226595783,3469.317466189184,4302.700492869071,4703.972388409154,5164.281850777815,5887.028877235249,6702.277739429818,7303.991342787363,8527.813387044613,13300.615819711333,3206.43836940317
2025-10-12 15:30:00+00:00,416,6255,6.8865179737708555,80.26355431498445,269.07794158600404,387.05182269613186,488.71587098977847,628.1831659718995,817.2925494594622,1045.5546514237546,1188.3068902832222,1433.2279761998293,1864.769676819509,2551.5463995803602,2911.338149556613,3252.8297788239265,3606.03355223135,4085.5039111008373,4575.151563793314,4942.911500327167,5826.9918336735245,9045.068917649012,2202.5340760704976
2025-10-12 15:45:00+00:00,417,6270,1.052574344776902,37.190960182117294,132.2562934840142,202.65083651684535,255.02322156990584,359.0741089379138,459.10404095877783,589.8714178399558,688.0297588707153,859.9144416483654,1230.1903403525976,1493.5682257929855,1645.0341227079693,1862.308486465162,2078.9017483832226,2328.377262095306,2600.5290771186674,2833.32899892647,3312.042245021335,5183.864811506633,1264.8644296110326
2025-10-12 16:00:00+00:00,418,6285,0.0,9.738673748465002,31.99545172725809,59.09354911857117,77.6057511984237,112.81737994814667,148.4106381710352,190.64647086445618,230.7014250042824,284.547280703974,402.9414899893968,489.11420484249254,529.8785115953182,592.5202286303766,653.3054022747339,747.4856625890259,806.1669231806285,875.1130826017776,1015.6337749562438,1619.030042394069,399.01913519214907
2025-10-12 16:15:00+00:00,419,6300,0.0,0.7050792443169421,1.7371516465002579,5.244822111319866,7.233191387424754,11.350234553644237,14.702580748388367,19.508328225555847,23.4401421092797,29.318350764918627,44.08721965925336,53.11050262473507,58.12844482489524,64.54661128940432,71.74657266139663,82.32527849998861,88.17368429564655,96.41311818241756,111.43192322216696,178.87074947334975,43.13282692355727
2025-10-12 16:30:00+00:00,420,6315,0.0,0.0,0.0,0.0,0.0,0.0,0.0,0.0,0.0,0.0,0.0,0.0,0.0,0.0,0.0,0.0,0.0,0.0,0.0,0.0,0.0
2025-10-12 16:45:00+00:00,421,6330,0.0,0.0,0.0,0.0,0.0,0.0,0.0,0.0,0.0,0.0,0.0,0.0,0.0,0.0,0.0,0.0,0.0,0.0,0.0,0.0,0.0
2025-10-12 17:00:00+00:00,422,6345,0.0,0.0,0.0,0.0,0.0,0.0,0.0,0.0,0.0,0.0,0.0,0.0,0.0,0.0,0.0,0.0,0.0,0.0,0.0,0.0,0.0
2025-10-12 17:15:00+00:00,423,6360,0.0,0.0,0.0,0.0,0.0,0.0,0.0,0.0,0.0,0.0,0.0,0.0,0.0,0.0,0.0,0.0,0.0,0.0,0.0,0.0,0.0
2025-10-12 17:30:00+00:00,424,6375,0.0,0.0,0.0,0.0,0.0,0.0,0.0,0.0,0.0,0.0,0.0,0.0,0.0,0.0,0.0,0.0,0.0,0.0,0.0,0.0,0.0
2025-10-12 17:45:00+00:00,425,6390,0.0,0.0,0.0,0.0,0.0,0.0,0.0,0.0,0.0,0.0,0.0,0.0,0.0,0.0,0.0,0.0,0.0,0.0,0.0,0.0,0.0
2025-10-12 18:00:00+00:00,426,6405,0.0,0.0,0.0,0.0,0.0,0.0,0.0,0.0,0.0,0.0,0.0,0.0,0.0,0.0,0.0,0.0,0.0,0.0,0.0,0.0,0.0
2025-10-12 18:15:00+00:00,427,6420,0.0,0.0,0.0,0.0,0.0,0.0,0.0,0.0,0.0,0.0,0.0,0.0,0.0,0.0,0.0,0.0,0.0,0.0,0.0,0.0,0.0
2025-10-12 18:30:00+00:00,428,6435,0.0,0.0,0.0,0.0,0.0,0.0,0.0,0.0,0.0,0.0,0.0,0.0,0.0,0.0,0.0,0.0,0.0,0.0,0.0,0.0,0.0
2025-10-12 18:45:00+00:00,429,6450,0.0,0.0,0.0,0.0,0.0,0.0,0.0,0.0,0.0,0.0,0.0,0.0,0.0,0.0,0.0,0.0,0.0,0.0,0.0,0.0,0.0
2025-10-12 19:00:00+00:00,430,6465,0.0,0.0,0.0,0.0,0.0,0.0,0.0,0.0,0.0,0.0,0.0,0.0,0.0,0.0,0.0,0.0,0.0,0.0,0.0,0.0,0.0
2025-10-12 19:15:00+00:00,431,6480,0.0,0.0,0.0,0.0,0.0,0.0,0.0,0.0,0.0,0.0,0.0,0.0,0.0,0.0,0.0,0.0,0.0,0.0,0.0,0.0,0.0
2025-10-12 19:30:00+00:00,432,6495,0.0,0.0,0.0,0.0,0.0,0.0,0.0,0.0,0.0,0.0,0.0,0.0,0.0,0.0,0.0,0.0,0.0,0.0,0.0,0.0,0.0
2025-10-12 19:45:00+00:00,433,6510,0.0,0.0,0.0,0.0,0.0,0.0,0.0,0.0,0.0,0.0,0.0,0.0,0.0,0.0,0.0,0.0,0.0,0.0,0.0,0.0,0.0
2025-10-12 20:00:00+00:00,434,6525,0.0,0.0,0.0,0.0,0.0,0.0,0.0,0.0,0.0,0.0,0.0,0.0,0.0,0.0,0.0,0.0,0.0,0.0,0.0,0.0,0.0
2025-10-12 20:15:00+00:00,435,6540,0.0,0.0,0.0,0.0,0.0,0.0,0.0,0.0,0.0,0.0,0.0,0.0,0.0,0.0,0.0,0.0,0.0,0.0,0.0,0.0,0.0
2025-10-12 20:30:00+00:00,436,6555,0.0,0.0,0.0,0.0,0.0,0.0,0.0,0.0,0.0,0.0,0.0,0.0,0.0,0.0,0.0,0.0,0.0,0.0,0.0,0.0,0.0
2025-10-12 20:45:00+00:00,437,6570,0.0,0.0,0.0,0.0,0.0,0.0,0.0,0.0,0.0,0.0,0.0,0.0,0.0,0.0,0.0,0.0,0.0,0.0,0.0,0.0,0.0
2025-10-12 21:00:00+00:00,438,6585,0.0,0.0,0.0,0.0,0.0,0.0,0.0,0.0,0.0,0.0,0.0,0.0,0.0,0.0,0.0,0.0,0.0,0.0,0.0,0.0,0.0
2025-10-12 21:15:00+00:00,439,6600,0.0,0.0,0.0,0.0,0.0,0.0,0.0,0.0,0.0,0.0,0.0,0.0,0.0,0.0,0.0,0.0,0.0,0.0,0.0,0.0,0.0
2025-10-12 21:30:00+00:00,440,6615,0.0,0.0,0.0,0.0,0.0,0.0,0.0,0.0,0.0,0.0,0.0,0.0,0.0,0.0,0.0,0.0,0.0,0.0,0.0,0.0,0.0
2025-10-12 21:45:00+00:00,441,6630,0.0,0.0,0.0,0.0,0.0,0.0,0.0,0.0,0.0,0.0,0.0,0.0,0.0,0.0,0.0,0.0,0.0,0.0,0.0,0.0,0.0
2025-10-12 22:00:00+00:00,442,6645,0.0,0.0,0.0,0.0,0.0,0.0,0.0,0.0,0.0,0.0,0.0,0.0,0.0,0.0,0.0,0.0,0.0,0.0,0.0,0.0,0.0
2025-10-12 22:15:00+00:00,443,6660,0.0,0.0,0.0,0.0,0.0,0.0,0.0,0.0,0.0,0.0,0.0,0.0,0.0,0.0,0.0,0.0,0.0,0.0,0.0,0.0,0.0
2025-10-12 22:30:00+00:00,444,6675,0.0,0.0,0.0,0.0,0.0,0.0,0.0,0.0,0.0,0.0,0.0,0.0,0.0,0.0,0.0,0.0,0.0,0.0,0.0,0.0,0.0
2025-10-12 22:45:00+00:00,445,6690,0.0,0.0,0.0,0.0,0.0,0.0,0.0,0.0,0.0,0.0,0.0,0.0,0.0,0.0,0.0,0.0,0.0,0.0,0.0,0.0,0.0
2025-10-12 23:00:00+00:00,446,6705,0.0,0.0,0.0,0.0,0.0,0.0,0.0,0.0,0.0,0.0,0.0,0.0,0.0,0.0,0.0,0.0,0.0,0.0,0.0,0.0,0.0
2025-10-12 23:15:00+00:00,447,6720,0.0,0.0,0.0,0.0,0.0,0.0,0.0,0.0,0.0,0.0,0.0,0.0,0.0,0.0,0.0,0.0,0.0,0.0,0.0,0.0,0.0
2025-10-12 23:30:00+00:00,448,6735,0.0,0.0,0.0,0.0,0.0,0.0,0.0,0.0,0.0,0.0,0.0,0.0,0.0,0.0,0.0,0.0,0.0,0.0,0.0,0.0,0.0
2025-10-12 23:45:00+00:00,449,6750,0.0,0.0,0.0,0.0,0.0,0.0,0.0,0.0,0.0,0.0,0.0,0.0,0.0,0.0,0.0,0.0,0.0,0.0,0.0,0.0,0.0
2025-10-13 00:00:00+00:00,450,6765,0.0,0.0,0.0,0.0,0.0,0.0,0.0,0.0,0.0,0.0,0.0,0.0,0.0,0.0,0.0,0.0,0.0,0.0,0.0,0.0,0.0
2025-10-13 00:15:00+00:00,451,6780,0.0,0.0,0.0,0.0,0.0,0.0,0.0,0.0,0.0,0.0,0.0,0.0,0.0,0.0,0.0,0.0,0.0,0.0,0.0,0.0,0.0
2025-10-13 00:30:00+00:00,452,6795,0.0,0.0,0.0,0.0,0.0,0.0,0.0,0.0,0.0,0.0,0.0,0.0,0.0,0.0,0.0,0.0,0.0,0.0,0.0,0.0,0.0
2025-10-13 00:45:00+00:00,453,6810,0.0,0.0,0.0,0.0,0.0,0.0,0.0,0.0,0.0,0.0,0.0,0.0,0.0,0.0,0.0,0.0,0.0,0.0,0.0,0.0,0.0
2025-10-13 01:00:00+00:00,454,6825,0.0,0.0,0.0,0.0,0.0,0.0,0.0,0.0,0.0,0.0,0.0,0.0,0.0,0.0,0.0,0.0,0.0,0.0,0.0,0.0,0.0
2025-10-13 01:15:00+00:00,455,6840,0.0,0.0,0.0,0.0,0.0,0.0,0.0,0.0,0.0,0.0,0.0,0.0,0.0,0.0,0.0,0.0,0.0,0.0,0.0,0.0,0.0
2025-10-13 01:30:00+00:00,456,6855,0.0,0.0,0.0,0.0,0.0,0.0,0.0,0.0,0.0,0.0,0.0,0.0,0.0,0.0,0.0,0.0,0.0,0.0,0.0,0.0,0.0
2025-10-13 01:45:00+00:00,457,6870,0.0,0.0,0.0,0.0,0.0,0.0,0.0,0.0,0.0,0.0,0.0,0.0,0.0,0.0,0.0,0.0,0.0,0.0,0.0,0.0,0.0
2025-10-13 02:00:00+00:00,458,6885,0.0,0.0,0.0,0.0,0.0,0.0,0.0,0.0,0.0,0.0,0.0,0.0,0.0,0.0,0.0,0.0,0.0,0.0,0.0,0.0,0.0
2025-10-13 02:15:00+00:00,459,6900,0.0,0.0,0.0,0.0,0.0,0.0,0.0,0.0,0.0,0.0,0.0,0.0,0.0,0.0,0.0,0.0,0.0,0.0,0.0,0.0,0.0
2025-10-13 02:30:00+00:00,460,6915,0.0,0.0,0.0,0.0,0.0,0.0,0.0,0.0,0.0,0.0,0.0,0.0,0.0,0.0,0.0,0.0,0.0,0.0,0.0,0.0,0.0
2025-10-13 02:45:00+00:00,461,6930,0.0,0.0,0.0,0.0,0.0,0.0,0.0,0.0,0.0,0.0,0.0,0.0,0.0,0.0,0.0,0.0,0.0,0.0,0.0,0.0,0.0
2025-10-13 03:00:00+00:00,462,6945,0.0,0.0,0.0,0.0,0.0,0.0,0.0,0.0,0.0,0.0,0.0,0.0,0.0,0.0,0.0,0.0,0.0,0.0,0.0,0.0,0.0
2025-10-13 03:15:00+00:00,463,6960,0.0,0.0,0.0,0.0,0.0,0.0,0.0,0.0,0.0,0.0,0.0,0.0,0.0,0.0,0.0,0.0,0.0,0.0,0.0,0.0,0.0
2025-10-13 03:30:00+00:00,464,6975,0.0,0.0,0.0,0.0,0.0,0.0,0.0,0.0,0.0,0.0,0.0,0.0,0.0,0.0,0.0,0.0,0.0,0.0,0.0,0.0,0.0
2025-10-13 03:45:00+00:00,465,6990,0.0,0.0,0.0,0.0,0.0,0.0,0.0,0.0,0.0,0.0,0.0,0.0,0.0,0.0,0.0,0.0,0.0,0.0,0.0,0.0,0.0
2025-10-13 04:00:00+00:00,466,7005,0.0,0.0,0.0,0.0,0.0,0.0,0.0,0.0,0.0,0.0,0.0,0.0,0.0,0.0,0.0,0.0,0.0,0.0,0.0,0.0,0.0
2025-10-13 04:15:00+00:00,467,7020,0.0,0.0,0.0,0.0,0.0,0.0,0.0,0.0,0.0,0.0,0.0,0.0,0.0,0.0,0.0,0.0,0.0,0.0,0.0,0.0,0.0
2025-10-13 04:30:00+00:00,468,7035,0.0,0.0,0.0,0.0,0.0,0.0,0.0,0.0,0.0,0.0,0.0,0.0,0.0,0.0,0.0,0.0,0.0,0.0,0.0,0.0,0.0
2025-10-13 04:45:00+00:00,469,7050,0.0,0.0,0.0,0.0,0.0,0.0,0.0,0.0,0.0,0.0,0.0,0.0,0.0,0.0,0.0,0.0,0.0,0.0,0.0,0.0,0.0
2025-10-13 05:00:00+00:00,470,7065,0.0,0.0,0.0,0.0,0.0,0.0,0.0,0.0,0.0,0.0,0.0,0.0,0.0,0.0,0.0,0.0,0.0,0.0,0.0,0.0,0.0
2025-10-13 05:15:00+00:00,471,7080,0.0,0.0,0.0,0.0,0.0,0.0,0.0,0.0,0.0,0.0,0.0,0.0,0.0,0.0,0.0,0.0,0.0,0.0,0.0,0.0,0.0
2025-10-13 05:30:00+00:00,472,7095,0.0,0.0,9.9725122287974e-05,0.00032939510089058035,0.0005590650794931867,0.0016727325621751917,0.0040841492571052195,0.007961773041052939,0.011279389879556732,0.01589818029488341,0.01972696931363412,0.02258629578719184,0.026881766567103595,0.030254937973233823,0.03245543542760428,0.03507725887205688,0.03773660239287185,0.0422772855770646,0.04999571418016674,0.08618694895537928,0.018671861904613736
2025-10-13 05:45:00+00:00,473,7110,7.046668277636858,24.84581504785591,42.33299213407406,51.49759793754818,60.74733912520517,69.68813857276758,86.88532563655657,107.16810662262523,130.9368750253039,150.26023051470168,182.33789930863693,200.9958682666955,230.83074409372927,260.02512803926714,276.10522656589893,296.0087830333021,313.2813526230627,345.7359149213672,399.436842322757,586.5866538214345,174.9215032960445
2025-10-13 06:00:00+00:00,474,7125,118.85368245734831,268.4597380630344,348.3490293525394,404.4403463346399,463.5074638532666,564.0361519647729,660.2347474731686,787.1586086720728,904.9065252221046,1084.044785717153,1202.2046038597957,1350.1929872058122,1470.9283891492119,1590.81822803893,1684.6584066360788,1808.1700660872107,1935.7176196536652,2120.019360518069,2369.075884438144,3295.7143474273958,1133.6740778793921
2025-10-13 06:15:00+00:00,475,7140,118.43369743020224,230.39058748999258,509.69195805784335,729.2756403280682,928.7735920211497,1099.848966103113,1294.6634783516056,1687.5547453857973,2097.203015184413,2773.6176583270503,2995.0073854635516,3392.574126208613,3737.096401448399,4039.1343185381775,4354.879599268058,4676.395023265504,4946.707148296477,5487.55732718416,5852.809874387824,8078.452930441359,2711.0448793327223
2025-10-13 06:30:00+00:00,476,7155,201.88414954533636,351.21429267056993,740.7950496979948,1042.03017705795,1431.259191548392,1806.5261406428692,2260.020193739385,3206.820814871378,4174.411637525394,4490.305460533356,5046.383744346645,5686.32839773425,6109.89441476715,6474.727612349626,7087.512523585631,7445.597804953148,7909.117627323517,8550.732252408894,9155.715408833643,12468.872373318623,4457.448525588395
2025-10-13 06:45:00+00:00,477,7170,387.9961228446419,761.3142457091893,1174.9868062945677,1565.3515791955806,2102.507679556948,2794.9520480920123,4336.267735841682,5914.473237156945,6443.136567975554,7266.266252179859,8100.357853188116,8690.192601011659,9163.218641808182,9722.821966178673,10213.259857249603,10774.77742936431,11533.316032406743,12017.814474325305,12865.111430206902,17351.23960084971,6707.993360341955
2025-10-13 07:00:00+00:00,478,7185,550.6868254947781,1161.4179442204231,1750.771449693566,2504.4262004451084,3543.598531577256,5217.823843881954,7359.638732085828,8324.429303809444,9244.277123403881,10201.667962380548,10966.79463543846,11521.566424771143,12210.277874024316,12853.058253097928,13383.074769961519,14240.335615532495,15050.267073787849,15679.879346504697,16568.2891232867,22050.305263329865,9145.449784581873
2025-10-13 07:15:00+00:00,479,7200,756.0732538486194,1555.9997006012031,2242.4954297856066,3947.583251416647,5647.848235151357,7630.404060636252,9546.091536846081,10902.621647411901,11819.749014492716,13233.678717005145,13862.47110332976,14785.92992984355,15802.909380607054,16387.469295970488,17348.769855837963,17951.01982535078,18553.97594202763,19069.28060020603,20162.502919915827,26707.587924140673,11687.132991538796
2025-10-13 07:30:00+00:00,480,7215,1284.55816531768,2049.3557425566137,3072.503857264915,5392.517911548249,7184.910619847953,9532.617673757486,12173.933399910615,13308.723001759276,15470.328052332789,16612.720003823175,18117.144575433867,18947.826610546334,19814.52665008606,20582.575817076733,21129.90092420862,21656.796595640993,22223.271345144007,23431.866222910914,25165.19196056485,31242.7506454941,14591.492756635469
2025-10-13 07:45:00+00:00,481,7230,1384.6940274448627,2241.4654032518656,3172.7639567400183,6334.842085646552,8350.714638318836,11478.34702891606,14024.113251079236,16226.131374105058,18339.150965916502,19618.021562253816,21167.50280003104,21854.084703846125,22749.719781585518,23426.192115270995,23997.205216806407,24635.02829299372,25239.125910143895,26817.737152174734,28681.702540648446,35598.576753822985,16741.807946934394
2025-10-13 08:00:00+00:00,482,7245,1649.2922132284343,2560.6930218321154,3155.595911953503,7070.267987849439,9499.800815715487,13093.953881377623,15831.322572044197,18001.785189050282,20663.09519619761,22406.296889313835,23914.815394741672,24979.097237632486,25704.253366591383,26338.986552960097,26821.566435145734,27637.44515873929,28552.888582503034,30433.33852361764,32303.272448554224,39821.074417193384,18936.266904210286
2025-10-13 08:15:00+00:00,483,7260,2030.5905031079972,3178.2336475163656,5763.982521189114,9469.94527716097,13178.624257308244,15780.628619141376,18881.446218975292,21731.200479945335,24540.416614275993,26217.925477149216,27302.0290240689,28039.628789503924,28888.705180896988,29417.462929033496,30207.230462595224,30740.02090055842,32857.788452239954,34639.156728268135,35990.575764835914,43897.67605809506,21920.75587112593
2025-10-13 08:30:00+00:00,484,7275,2146.2789166620005,3547.0664140587905,7169.438193354185,11021.770446816923,15210.794935876762,18242.01014099648,21806.61550571537,24913.07103907097,28080.69273280989,28988.969864818933,30039.62178210021,31051.984022659424,31643.735928312057,32208.203553042553,32869.746112235036,33392.03445361169,35949.109343310294,37470.15271698548,38991.66652928061,47572.53702804968,24297.629617702838
2025-10-13 08:45:00+00:00,485,7290,2504.1522312424327,4754.292682993622,10216.70314446015,13571.650887504677,18589.153488164637,23044.782413358476,26524.330960981984,28643.090327232097,30465.5105604484,31460.29479092929,32562.785275186,33599.161088025096,34175.17290908341,34720.5244035797,35303.394445781014,35700.237607827294,38925.68146368899,40349.63780275425,41822.151174296465,50926.05642682794,26981.971357192346
2025-10-13 09:00:00+00:00,486,7305,3586.9858890651285,6203.393663889851,12144.235982636452,17699.508600482637,22666.32439941579,26972.64417138191,28777.634863052528,31380.293980750295,32632.960069702574,33783.06770059866,35000.708393515386,35794.822446930186,36503.44758427411,36926.12038369301,37564.5012941374,38294.52620832583,41606.10394616033,43242.77877827632,44446.126746243295,53939.97571121647,29466.842687482636
2025-10-13 09:15:00+00:00,487,7320,4575.569984639361,8643.234787359464,14069.046058203156,19214.259750884943,25221.586573870005,28516.42700924193,30264.15290570602,32718.93851591184,34112.796209728986,35725.38990252847,37047.93845484578,37803.516776724275,38592.6213192106,39323.5946994892,39709.35082703263,40904.00633554101,43797.22720172476,45898.40386054734,46755.96973581645,56598.84005097996,31412.80675059731
