horizon,horizon_num,horizon_minutes,p_05,p_10,p_15,p_20,p_25,p_30,p_35,p_40,p_45,p_50,p_55,p_60,p_65,p_70,p_75,p_80,p_85,p_90,p_95,clear_sky,deterministic
2025-10-06 20:30:00+00:00,0,15,0.0,0.0,0.0,0.0,0.0,0.0,0.0,0.0,0.0,0.0,0.0,0.0,0.0,0.0,0.0,0.0,0.0,0.0,0.0,0.0,0.0
2025-10-06 20:45:00+00:00,1,30,0.0,0.0,0.0,0.0,0.0,0.0,0.0,0.0,0.0,0.0,0.0,0.0,0.0,0.0,0.0,0.0,0.0,0.0,0.0,0.0,0.0
2025-10-06 21:00:00+00:00,2,45,0.0,0.0,0.0,0.0,0.0,0.0,0.0,0.0,0.0,0.0,0.0,0.0,0.0,0.0,0.0,0.0,0.0,0.0,0.0,0.0,0.0
2025-10-06 21:15:00+00:00,3,60,0.0,0.0,0.0,0.0,0.0,0.0,0.0,0.0,0.0,0.0,0.0,0.0,0.0,0.0,0.0,0.0,0.0,0.0,0.0,0.0,0.0
2025-10-06 21:30:00+00:00,4,75,0.0,0.0,0.0,0.0,0.0,0.0,0.0,0.0,0.0,0.0,0.0,0.0,0.0,0.0,0.0,0.0,0.0,0.0,0.0,0.0,0.0
2025-10-06 21:45:00+00:00,5,90,0.0,0.0,0.0,0.0,0.0,0.0,0.0,0.0,0.0,0.0,0.0,0.0,0.0,0.0,0.0,0.0,0.0,0.0,0.0,0.0,0.0
2025-10-06 22:00:00+00:00,6,105,0.0,0.0,0.0,0.0,0.0,0.0,0.0,0.0,0.0,0.0,0.0,0.0,0.0,0.0,0.0,0.0,0.0,0.0,0.0,0.0,0.0
2025-10-06 22:15:00+00:00,7,120,0.0,0.0,0.0,0.0,0.0,0.0,0.0,0.0,0.0,0.0,0.0,0.0,0.0,0.0,0.0,0.0,0.0,0.0,0.0,0.0,0.0
2025-10-06 22:30:00+00:00,8,135,0.0,0.0,0.0,0.0,0.0,0.0,0.0,0.0,0.0,0.0,0.0,0.0,0.0,0.0,0.0,0.0,0.0,0.0,0.0,0.0,0.0
2025-10-06 22:45:00+00:00,9,150,0.0,0.0,0.0,0.0,0.0,0.0,0.0,0.0,0.0,0.0,0.0,0.0,0.0,0.0,0.0,0.0,0.0,0.0,0.0,0.0,0.0
2025-10-06 23:00:00+00:00,10,165,0.0,0.0,0.0,0.0,0.0,0.0,0.0,0.0,0.0,0.0,0.0,0.0,0.0,0.0,0.0,0.0,0.0,0.0,0.0,0.0,0.0
2025-10-06 23:15:00+00:00,11,180,0.0,0.0,0.0,0.0,0.0,0.0,0.0,0.0,0.0,0.0,0.0,0.0,0.0,0.0,0.0,0.0,0.0,0.0,0.0,0.0,0.0
2025-10-06 23:30:00+00:00,12,195,0.0,0.0,0.0,0.0,0.0,0.0,0.0,0.0,0.0,0.0,0.0,0.0,0.0,0.0,0.0,0.0,0.0,0.0,0.0,0.0,0.0
2025-10-06 23:45:00+00:00,13,210,0.0,0.0,0.0,0.0,0.0,0.0,0.0,0.0,0.0,0.0,0.0,0.0,0.0,0.0,0.0,0.0,0.0,0.0,0.0,0.0,0.0
2025-10-07 00:00:00+00:00,14,225,0.0,0.0,0.0,0.0,0.0,0.0,0.0,0.0,0.0,0.0,0.0,0.0,0.0,0.0,0.0,0.0,0.0,0.0,0.0,0.0,0.0
2025-10-07 00:15:00+00:00,15,240,0.0,0.0,0.0,0.0,0.0,0.0,0.0,0.0,0.0,0.0,0.0,0.0,0.0,0.0,0.0,0.0,0.0,0.0,0.0,0.0,0.0
2025-10-07 00:30:00+00:00,16,255,0.0,0.0,0.0,0.0,0.0,0.0,0.0,0.0,0.0,0.0,0.0,0.0,0.0,0.0,0.0,0.0,0.0,0.0,0.0,0.0,0.0
2025-10-07 00:45:00+00:00,17,270,0.0,0.0,0.0,0.0,0.0,0.0,0.0,0.0,0.0,0.0,0.0,0.0,0.0,0.0,0.0,0.0,0.0,0.0,0.0,0.0,0.0
2025-10-07 01:00:00+00:00,18,285,0.0,0.0,0.0,0.0,0.0,0.0,0.0,0.0,0.0,0.0,0.0,0.0,0.0,0.0,0.0,0.0,0.0,0.0,0.0,0.0,0.0
2025-10-07 01:15:00+00:00,19,300,0.0,0.0,0.0,0.0,0.0,0.0,0.0,0.0,0.0,0.0,0.0,0.0,0.0,0.0,0.0,0.0,0.0,0.0,0.0,0.0,0.0
2025-10-07 01:30:00+00:00,20,315,0.0,0.0,0.0,0.0,0.0,0.0,0.0,0.0,0.0,0.0,0.0,0.0,0.0,0.0,0.0,0.0,0.0,0.0,0.0,0.0,0.0
2025-10-07 01:45:00+00:00,21,330,0.0,0.0,0.0,0.0,0.0,0.0,0.0,0.0,0.0,0.0,0.0,0.0,0.0,0.0,0.0,0.0,0.0,0.0,0.0,0.0,0.0
2025-10-07 02:00:00+00:00,22,345,0.0,0.0,0.0,0.0,0.0,0.0,0.0,0.0,0.0,0.0,0.0,0.0,0.0,0.0,0.0,0.0,0.0,0.0,0.0,0.0,0.0
2025-10-07 02:15:00+00:00,23,360,0.0,0.0,0.0,0.0,0.0,0.0,0.0,0.0,0.0,0.0,0.0,0.0,0.0,0.0,0.0,0.0,0.0,0.0,0.0,0.0,0.0
2025-10-07 02:30:00+00:00,24,375,0.0,0.0,0.0,0.0,0.0,0.0,0.0,0.0,0.0,0.0,0.0,0.0,0.0,0.0,0.0,0.0,0.0,0.0,0.0,0.0,0.0
2025-10-07 02:45:00+00:00,25,390,0.0,0.0,0.0,0.0,0.0,0.0,0.0,0.0,0.0,0.0,0.0,0.0,0.0,0.0,0.0,0.0,0.0,0.0,0.0,0.0,0.0
2025-10-07 03:00:00+00:00,26,405,0.0,0.0,0.0,0.0,0.0,0.0,0.0,0.0,0.0,0.0,0.0,0.0,0.0,0.0,0.0,0.0,0.0,0.0,0.0,0.0,0.0
2025-10-07 03:15:00+00:00,27,420,0.0,0.0,0.0,0.0,0.0,0.0,0.0,0.0,0.0,0.0,0.0,0.0,0.0,0.0,0.0,0.0,0.0,0.0,0.0,0.0,0.0
2025-10-07 03:30:00+00:00,28,435,0.0,0.0,0.0,0.0,0.0,0.0,0.0,0.0,0.0,0.0,0.0,0.0,0.0,0.0,0.0,0.0,0.0,0.0,0.0,0.0,0.0
2025-10-07 03:45:00+00:00,29,450,0.0,0.0,0.0,0.0,0.0,0.0,0.0,0.0,0.0,0.0,0.0,0.0,0.0,0.0,0.0,0.0,0.0,0.0,0.0,0.0,0.0
2025-10-07 04:00:00+00:00,30,465,0.0,0.0,0.0,0.0,0.0,0.0,0.0,0.0,0.0,0.0,0.0,0.0,0.0,0.0,0.0,0.0,0.0,0.0,0.0,0.0,0.0
2025-10-07 04:15:00+00:00,31,480,0.0,0.0,0.0,0.0,0.0,0.0,0.0,0.0,0.0,0.0,0.0,0.0,0.0,0.0,0.0,0.0,0.0,0.0,0.0,0.0,0.0
2025-10-07 04:30:00+00:00,32,495,0.0,0.0,0.0,0.0,0.0,0.0,0.0,0.0,0.0,0.0,0.0,0.0,0.0,0.0,0.0,0.0,0.0,0.0,0.0,0.0,0.0
2025-10-07 04:45:00+00:00,33,510,0.0,0.0,0.0,0.0,0.0,0.0,0.0,0.0,0.0,0.0,0.0,0.0,0.0,0.0,0.0,0.0,0.0,0.0,0.0,0.0,0.0
2025-10-07 05:00:00+00:00,34,525,0.0,0.0,0.0,0.0,0.0,0.0,0.0,0.0,0.0,0.0,0.0,0.0,0.0,0.0,0.0,0.0,0.0,0.0,0.0,0.0,0.0
2025-10-07 05:15:00+00:00,35,540,0.0,0.0,0.0,0.0,0.0,0.0,0.0,0.0,0.0,0.0,0.0,0.0,0.0,0.0,0.0,0.0,0.0,0.0,0.0,0.0,0.0
2025-10-07 05:30:00+00:00,36,555,4.166389009392763,9.607226273337151,13.79710822248887,17.022027993609406,19.900692600360458,23.92919045758908,26.32607922407939,28.46809748600077,31.25381549911098,33.95023574688389,36.551511409757644,40.864130810724795,44.747732693585434,49.45444944166065,53.95103226069408,58.050142380277975,65.87060293394812,72.15141500699103,100.5115293732423,270.19531742217094,46.61133077772019
2025-10-07 05:45:00+00:00,37,570,86.84251571242186,126.04205948574308,157.94110355546175,182.64554930267542,216.9401917175955,242.07338090394933,267.86901000320603,282.29941822147583,306.17075741351493,321.24336625064376,360.2660501768969,393.6866383836971,431.473239817409,459.8595306398538,506.6839225879647,541.6066984460164,577.0372808235954,675.7246971059253,841.029452677908,2092.3854321186295,396.6599541502228
2025-10-07 06:00:00+00:00,38,585,398.277779842475,542.8401914086288,634.0171398076867,738.9518315524796,838.3536617590837,905.4310583877103,966.4407527329951,1020.9104886466083,1085.6005189138473,1177.1818998501549,1285.1299272996055,1395.1371430502938,1506.946346722,1608.7211684717583,1759.2818563139838,1871.6472960526198,2097.4731641515887,2537.4001053087504,3014.0652154697063,6491.510147701885,1410.5485005890305
2025-10-07 06:15:00+00:00,39,600,693.2120096458619,913.3612978768339,1045.057290773553,1220.2310815936974,1359.8094591330769,1505.3459441233217,1605.156689984255,1709.2820631850814,1838.5256388804657,2026.4908491514284,2252.163603276643,2448.9280793393727,2650.847032168317,2879.3710296139557,3034.429883205863,3396.843193561425,3840.4249716276026,4536.780677850072,5661.177495551607,10741.885966902575,2440.318778333563
2025-10-07 06:30:00+00:00,40,615,1099.0000174997147,1347.5423112871067,1530.182619120676,1772.0008703039855,1971.4568366046312,2155.976182577557,2318.4193850386496,2485.9852231571417,2783.308144234942,3068.365442216172,3433.093875059481,3693.217606809481,4015.1054779673245,4254.9404457257915,4507.309260357939,5113.0624893646955,5859.096573756391,6740.036994048015,8283.370109671954,15450.828211678707,3623.829672185219
2025-10-07 06:45:00+00:00,41,630,1470.4642995999757,1801.4239477860067,2147.8413356630363,2379.109340791258,2623.1561288223165,2775.5500484635286,3027.831169222454,3333.4602854096715,3672.4434832015427,4064.7504984640145,4411.347393412867,4857.715019850243,5255.362046761969,5569.390211322934,5913.270274584792,6680.011183235915,7549.009636257917,8635.64280679273,10661.143149387333,20195.59680356349,4734.578829493732
2025-10-07 07:00:00+00:00,42,645,1895.4175229732466,2346.2010792970073,2736.745538442977,2985.3139318740405,3247.7961475710545,3499.0449516180483,3823.8871047840084,4194.591322063186,4577.421360334521,5097.139835082729,5594.028965261888,6154.259327727365,6580.206651680951,6988.681354144232,7741.742862019929,8753.87585123944,9733.317660208955,11977.898580262477,14012.172619771287,24913.092315641694,6083.605766062609
2025-10-07 07:15:00+00:00,43,660,2450.425300974586,2877.7741106041394,3311.802807903379,3614.990977981461,3949.138859468428,4251.712353758321,4609.733966173168,5016.502770114797,5413.485391242688,6104.086714648673,6674.494787181102,7367.4422216145895,7795.662852591688,8377.406683934087,9297.81839585393,10575.95019979995,12036.219834338533,14455.972977894513,16703.638657098294,29567.441912590304,7326.227061089392
2025-10-07 07:30:00+00:00,44,675,2883.3718553628137,3398.6715385677135,3936.0647111608328,4321.232284604513,4690.524815085516,4974.5051048974665,5366.848809168335,5883.979791046494,6350.199229868707,7139.696410865973,7820.906608986751,8621.208427668116,9212.366425541268,9962.589253561127,11194.017633760677,12927.296896435751,14842.25557634709,17233.617339630702,20050.49038668291,34092.411980975725,8717.664147111967
2025-10-07 07:45:00+00:00,45,690,3770.4845922271893,4238.9315589768485,4810.354872412549,5169.213831337127,5659.313883259622,6001.018650364364,6487.462717286258,7151.408315169018,7780.716418216357,8460.596594291876,9331.735012068662,10219.804712275127,10877.843209571167,11851.137814570433,13599.054445119697,15210.047880984263,17550.575743341866,19769.666451521975,22039.500711215725,38542.07276499299,10263.492648776062
2025-10-07 08:00:00+00:00,46,705,4410.625113676957,4900.040385206317,5488.4941533945575,5994.553813360682,6491.259354135119,6976.462161929411,7633.5424113441095,8263.564909388924,9171.094079410883,9985.000693110207,11014.349970945534,11728.535993681453,12713.837644749838,14259.11742520991,16012.41758933462,17597.371730534276,20153.671870863636,22260.72311859367,25244.70629925887,42856.56987577239,11864.294476887833
2025-10-07 08:15:00+00:00,47,720,5047.777743593659,5656.763747291159,6164.480989037132,6797.097443465748,7263.947385031144,7948.0825404136485,8810.162668568111,9526.699436240344,10356.173854093768,11273.29788551626,12297.556574985254,13078.911419412136,14166.85643944206,16103.90682678632,18162.411478949678,20335.839181205356,23361.040158940938,25660.84266821861,28622.89561736382,46813.89606532971,13487.555733630663
2025-10-07 08:30:00+00:00,48,735,5708.658342782668,6278.402627424197,7002.088524201905,7795.99671577926,8236.405207168407,9019.388474328129,9895.953623119784,10671.491858220747,11606.936799520325,12673.940026193492,13746.799931930946,14820.837987593062,16830.230730218685,18635.410133087196,21058.54944984427,23841.605230792262,26006.029472094135,28404.24445354607,31351.214305391182,50479.28378125297,15214.351034334175
2025-10-07 08:45:00+00:00,49,750,6107.417235873424,6734.933725244652,7548.589091908501,8378.874621246247,8838.094164728744,9780.640202613178,10673.603576979209,11846.359865047647,12795.754431494808,13992.69241173197,14967.397384867658,16289.13256587594,18718.83552522207,20724.734713337373,23476.82068814279,26600.295926745806,28211.59375211946,30787.866307444147,33897.326580992005,53830.79121172087,16625.12751573122
2025-10-07 09:00:00+00:00,50,765,6762.50385855708,7536.3813292590785,8370.499464289593,9138.41986941324,9604.074041218682,10620.8366506184,11482.682230900478,12744.742803512943,13798.290117809102,14872.985302713594,16196.443979464366,17513.192795419036,20088.615510799293,22530.88459906753,25775.1715982153,28824.24149288401,31013.662618200684,33050.32251623108,36389.886593826915,56849.65575378194,18038.835014661294
2025-10-07 09:15:00+00:00,51,780,7130.448616286762,8072.346772131483,9077.978173907279,9763.1396200598,10506.138651624871,11319.712669827491,12199.146273828055,13468.120813454667,14614.493895819107,15837.862308545706,17379.36359845335,18824.642427156316,22152.133511783333,24572.738047491523,28169.183319120337,30477.619716731864,32688.652808249626,34925.94269756581,38066.62629064935,59519.74161968381,19270.31857312668
2025-10-07 09:30:00+00:00,52,795,7757.018124145394,8620.506371936091,9587.267476283709,10297.277695341498,10839.756712759601,11923.365658950299,12814.199336807833,14151.1405235793,15359.818707759281,16799.730152917004,18480.47889589974,21449.07057405175,23688.850316075543,26879.560898124117,29849.40183782828,32153.59782828985,34646.66720422377,37096.40795185459,40264.85815836001,61827.236354694935,20491.880791917658
2025-10-07 09:45:00+00:00,53,810,7260.656086375201,8366.592723819167,9299.850964024794,10286.521066875546,10769.75867517038,11796.483150113014,12845.26103117532,14329.80921887925,15445.993396760146,16813.252040894407,18594.625948633773,21051.36002782244,24329.42149943243,27623.154259217237,30512.39812865016,32810.99313174034,35484.19888060956,38064.42348585286,41443.21859147151,63760.49623621386,20744.6110410876
2025-10-07 10:00:00+00:00,54,825,7322.310357272105,8338.36329162959,9636.373293122024,10549.248658699884,11084.688999288344,12161.134824712788,13141.500499153446,14632.860281610805,15717.4224787189,17165.014754257416,19243.020102764567,22111.70201356531,25064.437948979055,28032.653365119015,31191.447543246588,33548.87322145223,36207.65725740451,38760.39827307137,42308.30118541816,65309.98004005179,21226.94456452403
2025-10-07 10:15:00+00:00,55,840,7000.078132226782,8519.743274917942,9796.094798072665,10637.119728596075,11451.470699457906,12353.250434934165,13189.171779687164,14469.18696329019,15888.726532141616,17442.935536270936,19275.447517380777,22299.178861746022,24919.586587782895,28562.338229419754,31652.76153346037,34084.63063372407,36623.197211287654,39143.77592486723,42753.87691180324,66468.23337801907,21431.227353915085
2025-10-07 10:30:00+00:00,56,855,6994.419640629746,8496.433941441088,9712.904852579191,10622.850220278502,11518.50200103557,12413.898902097479,13164.410439340922,14435.999437461458,15408.709064043796,17334.402267558286,19205.233753881,22344.828589550954,25491.653441230515,28822.30436208522,31924.832914282422,34298.6013808135,37009.575866574356,39735.13521739138,43778.71818198301,67229.90002061805,21562.6191261182
2025-10-07 10:45:00+00:00,57,870,6747.861816627876,8462.583279454031,9764.45856297928,10683.853134363177,11516.580220803567,12425.54205589924,13198.872528462336,14402.881520892955,15377.109224877686,17246.85377597286,19520.29687835395,22758.33940879035,25693.876733960373,28975.486712444963,32045.61621982182,34485.16208582876,37306.571765446846,39975.07883500838,44011.25500437985,67591.74525139999,21649.01119624899
2025-10-07 11:00:00+00:00,58,885,6591.330035751918,8373.352496250547,9722.865586508608,10724.70016677277,11428.5410293826,12133.188021282016,13041.445293065726,14097.488966320756,15218.795044677168,16646.580693520536,19158.486256868844,21617.194671624096,25669.299815755956,28603.290541897375,31979.27629327962,34703.92800302028,37521.34663283639,40270.62593212647,44246.95321226533,67552.6817081799,21518.061318431908
2025-10-07 11:15:00+00:00,59,900,6589.313057039398,8236.919572141496,9519.149429686619,10555.492571947441,11278.644660062824,12098.620526497503,12954.70211224089,14163.551237789254,15233.346778207104,16632.04946978887,19153.996824046833,21659.69103209439,25107.864094507797,28567.188652906545,31913.367687977596,34433.354974098766,37184.16421796746,40296.814112379354,44221.799629930865,67113.79239534047,21829.963267351708
2025-10-07 11:30:00+00:00,60,915,6155.740777777353,7797.306955458534,9095.830024517285,10179.486308249076,10766.99679485588,11518.07275400481,12415.57713896814,13676.970518766539,14861.120471241464,16214.36094651519,18195.806768952913,20098.37854058692,23933.216637032354,26979.282302828786,31171.08678981753,33768.59704870328,36520.98954411297,39082.91085257155,43352.70008657494,66278.3485889211,21029.67674997502
2025-10-07 11:45:00+00:00,61,930,6038.9547806307255,7130.614814381942,8252.544246004538,9369.31403166314,10004.810519331964,11068.284873697497,12013.669610680017,13549.744828733637,14962.091176220383,16110.466507033341,17623.311785889266,19106.523733933504,21611.65151189373,24401.0317343783,29362.221758435586,32455.919518627717,35209.2699544921,38631.32042954157,41845.90515692073,65051.82308784233,19721.87550379213
2025-10-07 12:00:00+00:00,62,945,5590.749107700289,6408.02839806927,7045.933458984871,8154.673736275538,9066.226342216936,9772.955946964657,10805.402597200677,11999.98915758685,13390.475696582032,14439.794647040568,15374.53792105138,17378.15565844511,18469.77607831791,20477.414148655567,23792.586857461964,28996.672197777967,33770.49558049043,37546.60227921507,41105.18437893339,63441.902096733684,18473.557612424825
2025-10-07 12:15:00+00:00,63,960,3489.254677635108,5006.3211825126655,5619.128132239319,6365.73684998149,7008.397032250503,7655.8016398169475,9196.014850313468,10162.623983842082,11261.904428770247,12565.97760403437,13784.010487005155,15184.032944999028,16684.987516612036,17922.394034380763,20311.43943086545,24120.729884257937,27853.455005558873,32302.117531580894,37935.17317035588,61458.501729705364,15993.297603639032
2025-10-07 12:30:00+00:00,64,975,2468.45932524283,4433.279134712538,5173.618718291184,5770.708081762409,6515.692580316976,7326.08472230831,8137.883160392818,9246.255789991488,10065.536414549566,11345.72004877678,12554.686616008892,13427.171000212104,15049.125659085397,16247.91361199878,18123.63592660396,20852.229268633324,25398.930485625533,29680.708380652482,35535.02295859266,59113.798749562375,14583.115142769646
2025-10-07 12:45:00+00:00,65,990,2228.2177036800013,4051.910745633829,4936.233156244244,5469.902010666201,6065.834494774989,6803.425355596579,7523.66940429048,8554.050575034104,9334.083675794953,10049.878930411905,11446.336542516285,12549.203511745465,13570.005174278094,15292.82057946108,16635.049133995435,18487.9433423001,22770.771551647274,26271.32352747165,32311.913524975105,56422.289736380444,13351.088461880525
2025-10-07 13:00:00+00:00,66,1005,2203.743142471766,3954.230058361637,4953.107203168534,5472.591966948411,5985.967288602387,6610.912808731796,7173.1697985472265,7969.607726680976,9036.492174022913,9622.458444138478,10947.30019891856,11847.489062818722,12847.772157104884,14488.312915853156,15414.57268103048,16623.235893139597,19375.06614947669,24275.01967312792,28617.68622114358,53400.89907157815,12436.970815583943
2025-10-07 13:15:00+00:00,67,1020,2699.0447567482865,4129.024718545286,5085.8154107759,5552.1008006608545,5969.688498333351,6506.283725791062,7088.882105830219,7568.35075526413,8566.175456377872,9212.487300041525,9847.022264456458,11174.309545066184,12053.83645348716,12805.142051913888,14321.312636589664,15416.369214883134,17198.17650852345,20562.085935239946,25856.465810312762,50069.16622650731,11574.776170442932
2025-10-07 13:30:00+00:00,68,1035,2591.7985760960837,3564.492737841926,4475.514712770985,4980.223761885123,5430.624218515113,5881.577599619636,6318.006370555777,6771.0858051950145,7373.864087340811,8313.988140300857,8835.438537384147,9906.507004136856,11192.662944148156,11949.540065798532,13274.779363509111,14386.765340175547,15883.371102756824,18065.41794759328,22277.164519010163,46449.55792680273,10379.481632745683
2025-10-07 13:45:00+00:00,69,1050,2035.9963390506375,2969.5475017085996,3879.0249220162236,4322.739949821186,4711.006565700766,5149.973121929278,5596.757421346074,5968.729335890326,6824.556943420012,7409.5947716448445,7882.368026355844,9106.940943675949,10026.997401024888,11175.56004077724,12136.677215000876,13143.334474664029,14752.13837780038,17311.665593101927,20334.08763073707,42567.97435694742,9416.075338294824
2025-10-07 14:00:00+00:00,70,1065,1585.098836160984,2469.647802480635,3330.1672873181756,3703.925643157308,4130.385275726615,4554.39443184732,4915.914830333768,5375.522946030251,6166.671875660062,6608.6798734673175,7012.470187243498,7933.07419782171,8780.242848206439,9942.437404434071,10829.228238460568,11743.843077855956,13465.631219311146,16390.369733823445,19173.16378464962,38454.55731015455,8442.273233581043
2025-10-07 14:15:00+00:00,71,1080,1187.044403427484,1868.2288560259472,2647.7380025091934,3014.8211963830554,3342.3714692076337,3768.7470927147037,4155.5647437027865,4574.281937302882,5112.852110764434,5610.268713631673,6049.976433875772,6855.644039205502,7542.827741236295,8679.201718505423,9544.180528570469,10325.877885159125,11860.367842106854,14535.0910646485,18341.35233333365,34010.30423618409,7358.379423927656
2025-10-07 14:30:00+00:00,72,1095,1067.8351211629645,1745.0413840754038,2335.787329163305,2635.9816390205738,2921.4644531341705,3255.6775803069545,3568.0805069971993,3883.780687311162,4275.651804273676,4759.950313582705,5187.64444574087,5740.5568927188215,6370.406334086886,7050.839945170315,8041.394211954181,8757.306517359335,10037.436856284496,12203.348676095977,16022.066360288383,29614.199198564587,6283.032372147459
2025-10-07 14:45:00+00:00,73,1110,923.779863615502,1437.619541315272,1920.852278348463,2189.4899339701974,2429.471836085493,2707.100893683233,2954.5050019115874,3154.376816916258,3540.178296967837,4024.7249829086186,4401.568054040688,4822.63944558256,5405.861019831256,6098.728574320618,6974.056414928906,7669.45760967733,8794.543378911614,11213.067902635881,13988.898530452907,25150.246948953587,5401.006967664651
2025-10-07 15:00:00+00:00,74,1125,713.1786553541456,1089.5357648227312,1495.6173973905202,1730.8625874883899,1966.4146548125484,2207.1394588982557,2412.241581230657,2604.0712664102634,2924.590504506429,3296.329868772905,3633.6079419974867,4080.81549950242,4463.705156448689,5330.6153140379465,5871.522838816011,6686.343691393862,7891.385122416221,9648.617954795183,12138.515762297233,20654.764480285907,4514.730856364224
2025-10-07 15:15:00+00:00,75,1140,531.7505796445961,753.4709116652489,1041.096764466336,1294.6509737892948,1458.4676184248092,1632.2384199944743,1812.2194529002588,1967.6276883169528,2206.6372232791964,2547.4415022909043,2795.7081280037846,3136.000635599909,3450.032609671778,4162.18713844409,4639.360231529525,5288.307769294389,6288.108126243387,7526.975512871038,9563.816571671685,16208.341022968021,3501.962043515825
2025-10-07 15:30:00+00:00,76,1155,377.5563244963028,568.4485705226938,731.4219347354451,872.2196087863348,1000.5667786950489,1162.9494739281824,1290.972958484861,1409.0458350912393,1594.4794426784833,1858.1771118623979,2059.2004112516643,2287.195398540388,2661.734208687577,3147.3062217019565,3427.621566780388,3920.7993013165387,4696.0393334950195,5522.902313698582,6975.976467076078,11811.457328160432,2565.9675131448266
2025-10-07 15:45:00+00:00,77,1170,248.04999491495315,372.82909769598,459.6578611955455,545.2026880990285,636.9817059008257,725.2538540163296,815.2520322659371,903.0689387165081,977.4237110893872,1136.7219642124116,1278.3399191718374,1477.8837225566144,1715.7077766437892,2074.9582491813812,2286.979241732452,2612.778075760431,3126.770609314858,3639.776122118656,4592.997366914712,7765.090893133527,1670.8950470661723
2025-10-07 16:00:00+00:00,78,1185,116.48743940999663,172.9428419452707,226.37403704471353,267.425841686009,307.1818910757089,348.6186800138155,379.8806037661108,425.27010798370617,461.97470327007295,519.3122350986948,620.1395210167781,705.6925705896118,825.0626457370921,973.996947253324,1156.2168070177543,1340.0895243551602,1606.2621982247533,1877.3331828004568,2377.8176556739886,4051.043986044523,833.6684085948039
2025-10-07 16:15:00+00:00,79,1200,26.394406136882377,44.00654484609505,56.29472359089641,66.43734094273744,79.45427383522859,89.58647616027899,99.89838465499004,108.65387385330128,121.5488686523436,134.7103912354721,164.99673302963768,193.46781835705525,219.37817009540086,267.5166749804197,318.22617625813575,366.1478584374592,433.20228102535305,509.8027386124155,652.6326104925818,1120.8894604779534,224.56447352877672
2025-10-07 16:30:00+00:00,80,1215,1.0990228798957653,2.0588455082700667,2.7410840980325166,3.4284166329408445,4.001434588074262,4.531244934721687,5.067999946324927,5.525721721005218,6.397121985068428,7.210136889490904,8.7618253737055,10.603414461815404,12.593116551133825,15.077137242335645,17.952150408949663,20.585122286265896,25.09544197896654,29.206737051985957,37.18654135123014,64.38528671723431,12.482517589742905
2025-10-07 16:45:00+00:00,81,1230,0.0,0.0,0.0,0.0,0.0,0.0,0.0,0.0,0.0,0.0,0.0,0.0,0.0,0.0,0.0,0.0,0.0,0.0,0.0,0.0,0.0
2025-10-07 17:00:00+00:00,82,1245,0.0,0.0,0.0,0.0,0.0,0.0,0.0,0.0,0.0,0.0,0.0,0.0,0.0,0.0,0.0,0.0,0.0,0.0,0.0,0.0,0.0
2025-10-07 17:15:00+00:00,83,1260,0.0,0.0,0.0,0.0,0.0,0.0,0.0,0.0,0.0,0.0,0.0,0.0,0.0,0.0,0.0,0.0,0.0,0.0,0.0,0.0,0.0
2025-10-07 17:30:00+00:00,84,1275,0.0,0.0,0.0,0.0,0.0,0.0,0.0,0.0,0.0,0.0,0.0,0.0,0.0,0.0,0.0,0.0,0.0,0.0,0.0,0.0,0.0
2025-10-07 17:45:00+00:00,85,1290,0.0,0.0,0.0,0.0,0.0,0.0,0.0,0.0,0.0,0.0,0.0,0.0,0.0,0.0,0.0,0.0,0.0,0.0,0.0,0.0,0.0
2025-10-07 18:00:00+00:00,86,1305,0.0,0.0,0.0,0.0,0.0,0.0,0.0,0.0,0.0,0.0,0.0,0.0,0.0,0.0,0.0,0.0,0.0,0.0,0.0,0.0,0.0
2025-10-07 18:15:00+00:00,87,1320,0.0,0.0,0.0,0.0,0.0,0.0,0.0,0.0,0.0,0.0,0.0,0.0,0.0,0.0,0.0,0.0,0.0,0.0,0.0,0.0,0.0
2025-10-07 18:30:00+00:00,88,1335,0.0,0.0,0.0,0.0,0.0,0.0,0.0,0.0,0.0,0.0,0.0,0.0,0.0,0.0,0.0,0.0,0.0,0.0,0.0,0.0,0.0
2025-10-07 18:45:00+00:00,89,1350,0.0,0.0,0.0,0.0,0.0,0.0,0.0,0.0,0.0,0.0,0.0,0.0,0.0,0.0,0.0,0.0,0.0,0.0,0.0,0.0,0.0
2025-10-07 19:00:00+00:00,90,1365,0.0,0.0,0.0,0.0,0.0,0.0,0.0,0.0,0.0,0.0,0.0,0.0,0.0,0.0,0.0,0.0,0.0,0.0,0.0,0.0,0.0
2025-10-07 19:15:00+00:00,91,1380,0.0,0.0,0.0,0.0,0.0,0.0,0.0,0.0,0.0,0.0,0.0,0.0,0.0,0.0,0.0,0.0,0.0,0.0,0.0,0.0,0.0
2025-10-07 19:30:00+00:00,92,1395,0.0,0.0,0.0,0.0,0.0,0.0,0.0,0.0,0.0,0.0,0.0,0.0,0.0,0.0,0.0,0.0,0.0,0.0,0.0,0.0,0.0
2025-10-07 19:45:00+00:00,93,1410,0.0,0.0,0.0,0.0,0.0,0.0,0.0,0.0,0.0,0.0,0.0,0.0,0.0,0.0,0.0,0.0,0.0,0.0,0.0,0.0,0.0
2025-10-07 20:00:00+00:00,94,1425,0.0,0.0,0.0,0.0,0.0,0.0,0.0,0.0,0.0,0.0,0.0,0.0,0.0,0.0,0.0,0.0,0.0,0.0,0.0,0.0,0.0
2025-10-07 20:15:00+00:00,95,1440,0.0,0.0,0.0,0.0,0.0,0.0,0.0,0.0,0.0,0.0,0.0,0.0,0.0,0.0,0.0,0.0,0.0,0.0,0.0,0.0,0.0
2025-10-07 20:30:00+00:00,96,1455,0.0,0.0,0.0,0.0,0.0,0.0,0.0,0.0,0.0,0.0,0.0,0.0,0.0,0.0,0.0,0.0,0.0,0.0,0.0,0.0,0.0
2025-10-07 20:45:00+00:00,97,1470,0.0,0.0,0.0,0.0,0.0,0.0,0.0,0.0,0.0,0.0,0.0,0.0,0.0,0.0,0.0,0.0,0.0,0.0,0.0,0.0,0.0
2025-10-07 21:00:00+00:00,98,1485,0.0,0.0,0.0,0.0,0.0,0.0,0.0,0.0,0.0,0.0,0.0,0.0,0.0,0.0,0.0,0.0,0.0,0.0,0.0,0.0,0.0
2025-10-07 21:15:00+00:00,99,1500,0.0,0.0,0.0,0.0,0.0,0.0,0.0,0.0,0.0,0.0,0.0,0.0,0.0,0.0,0.0,0.0,0.0,0.0,0.0,0.0,0.0
2025-10-07 21:30:00+00:00,100,1515,0.0,0.0,0.0,0.0,0.0,0.0,0.0,0.0,0.0,0.0,0.0,0.0,0.0,0.0,0.0,0.0,0.0,0.0,0.0,0.0,0.0
2025-10-07 21:45:00+00:00,101,1530,0.0,0.0,0.0,0.0,0.0,0.0,0.0,0.0,0.0,0.0,0.0,0.0,0.0,0.0,0.0,0.0,0.0,0.0,0.0,0.0,0.0
2025-10-07 22:00:00+00:00,102,1545,0.0,0.0,0.0,0.0,0.0,0.0,0.0,0.0,0.0,0.0,0.0,0.0,0.0,0.0,0.0,0.0,0.0,0.0,0.0,0.0,0.0
2025-10-07 22:15:00+00:00,103,1560,0.0,0.0,0.0,0.0,0.0,0.0,0.0,0.0,0.0,0.0,0.0,0.0,0.0,0.0,0.0,0.0,0.0,0.0,0.0,0.0,0.0
2025-10-07 22:30:00+00:00,104,1575,0.0,0.0,0.0,0.0,0.0,0.0,0.0,0.0,0.0,0.0,0.0,0.0,0.0,0.0,0.0,0.0,0.0,0.0,0.0,0.0,0.0
2025-10-07 22:45:00+00:00,105,1590,0.0,0.0,0.0,0.0,0.0,0.0,0.0,0.0,0.0,0.0,0.0,0.0,0.0,0.0,0.0,0.0,0.0,0.0,0.0,0.0,0.0
2025-10-07 23:00:00+00:00,106,1605,0.0,0.0,0.0,0.0,0.0,0.0,0.0,0.0,0.0,0.0,0.0,0.0,0.0,0.0,0.0,0.0,0.0,0.0,0.0,0.0,0.0
2025-10-07 23:15:00+00:00,107,1620,0.0,0.0,0.0,0.0,0.0,0.0,0.0,0.0,0.0,0.0,0.0,0.0,0.0,0.0,0.0,0.0,0.0,0.0,0.0,0.0,0.0
2025-10-07 23:30:00+00:00,108,1635,0.0,0.0,0.0,0.0,0.0,0.0,0.0,0.0,0.0,0.0,0.0,0.0,0.0,0.0,0.0,0.0,0.0,0.0,0.0,0.0,0.0
2025-10-07 23:45:00+00:00,109,1650,0.0,0.0,0.0,0.0,0.0,0.0,0.0,0.0,0.0,0.0,0.0,0.0,0.0,0.0,0.0,0.0,0.0,0.0,0.0,0.0,0.0
2025-10-08 00:00:00+00:00,110,1665,0.0,0.0,0.0,0.0,0.0,0.0,0.0,0.0,0.0,0.0,0.0,0.0,0.0,0.0,0.0,0.0,0.0,0.0,0.0,0.0,0.0
2025-10-08 00:15:00+00:00,111,1680,0.0,0.0,0.0,0.0,0.0,0.0,0.0,0.0,0.0,0.0,0.0,0.0,0.0,0.0,0.0,0.0,0.0,0.0,0.0,0.0,0.0
2025-10-08 00:30:00+00:00,112,1695,0.0,0.0,0.0,0.0,0.0,0.0,0.0,0.0,0.0,0.0,0.0,0.0,0.0,0.0,0.0,0.0,0.0,0.0,0.0,0.0,0.0
2025-10-08 00:45:00+00:00,113,1710,0.0,0.0,0.0,0.0,0.0,0.0,0.0,0.0,0.0,0.0,0.0,0.0,0.0,0.0,0.0,0.0,0.0,0.0,0.0,0.0,0.0
2025-10-08 01:00:00+00:00,114,1725,0.0,0.0,0.0,0.0,0.0,0.0,0.0,0.0,0.0,0.0,0.0,0.0,0.0,0.0,0.0,0.0,0.0,0.0,0.0,0.0,0.0
2025-10-08 01:15:00+00:00,115,1740,0.0,0.0,0.0,0.0,0.0,0.0,0.0,0.0,0.0,0.0,0.0,0.0,0.0,0.0,0.0,0.0,0.0,0.0,0.0,0.0,0.0
2025-10-08 01:30:00+00:00,116,1755,0.0,0.0,0.0,0.0,0.0,0.0,0.0,0.0,0.0,0.0,0.0,0.0,0.0,0.0,0.0,0.0,0.0,0.0,0.0,0.0,0.0
2025-10-08 01:45:00+00:00,117,1770,0.0,0.0,0.0,0.0,0.0,0.0,0.0,0.0,0.0,0.0,0.0,0.0,0.0,0.0,0.0,0.0,0.0,0.0,0.0,0.0,0.0
2025-10-08 02:00:00+00:00,118,1785,0.0,0.0,0.0,0.0,0.0,0.0,0.0,0.0,0.0,0.0,0.0,0.0,0.0,0.0,0.0,0.0,0.0,0.0,0.0,0.0,0.0
2025-10-08 02:15:00+00:00,119,1800,0.0,0.0,0.0,0.0,0.0,0.0,0.0,0.0,0.0,0.0,0.0,0.0,0.0,0.0,0.0,0.0,0.0,0.0,0.0,0.0,0.0
2025-10-08 02:30:00+00:00,120,1815,0.0,0.0,0.0,0.0,0.0,0.0,0.0,0.0,0.0,0.0,0.0,0.0,0.0,0.0,0.0,0.0,0.0,0.0,0.0,0.0,0.0
2025-10-08 02:45:00+00:00,121,1830,0.0,0.0,0.0,0.0,0.0,0.0,0.0,0.0,0.0,0.0,0.0,0.0,0.0,0.0,0.0,0.0,0.0,0.0,0.0,0.0,0.0
2025-10-08 03:00:00+00:00,122,1845,0.0,0.0,0.0,0.0,0.0,0.0,0.0,0.0,0.0,0.0,0.0,0.0,0.0,0.0,0.0,0.0,0.0,0.0,0.0,0.0,0.0
2025-10-08 03:15:00+00:00,123,1860,0.0,0.0,0.0,0.0,0.0,0.0,0.0,0.0,0.0,0.0,0.0,0.0,0.0,0.0,0.0,0.0,0.0,0.0,0.0,0.0,0.0
2025-10-08 03:30:00+00:00,124,1875,0.0,0.0,0.0,0.0,0.0,0.0,0.0,0.0,0.0,0.0,0.0,0.0,0.0,0.0,0.0,0.0,0.0,0.0,0.0,0.0,0.0
2025-10-08 03:45:00+00:00,125,1890,0.0,0.0,0.0,0.0,0.0,0.0,0.0,0.0,0.0,0.0,0.0,0.0,0.0,0.0,0.0,0.0,0.0,0.0,0.0,0.0,0.0
2025-10-08 04:00:00+00:00,126,1905,0.0,0.0,0.0,0.0,0.0,0.0,0.0,0.0,0.0,0.0,0.0,0.0,0.0,0.0,0.0,0.0,0.0,0.0,0.0,0.0,0.0
2025-10-08 04:15:00+00:00,127,1920,0.0,0.0,0.0,0.0,0.0,0.0,0.0,0.0,0.0,0.0,0.0,0.0,0.0,0.0,0.0,0.0,0.0,0.0,0.0,0.0,0.0
2025-10-08 04:30:00+00:00,128,1935,0.0,0.0,0.0,0.0,0.0,0.0,0.0,0.0,0.0,0.0,0.0,0.0,0.0,0.0,0.0,0.0,0.0,0.0,0.0,0.0,0.0
2025-10-08 04:45:00+00:00,129,1950,0.0,0.0,0.0,0.0,0.0,0.0,0.0,0.0,0.0,0.0,0.0,0.0,0.0,0.0,0.0,0.0,0.0,0.0,0.0,0.0,0.0
2025-10-08 05:00:00+00:00,130,1965,0.0,0.0,0.0,0.0,0.0,0.0,0.0,0.0,0.0,0.0,0.0,0.0,0.0,0.0,0.0,0.0,0.0,0.0,0.0,0.0,0.0
2025-10-08 05:15:00+00:00,131,1980,0.0,0.0,0.0,0.0,0.0,0.0,0.0,0.0,0.0,0.0,0.0,0.0,0.0,0.0,0.0,0.0,0.0,0.0,0.0,0.0,0.0
2025-10-08 05:30:00+00:00,132,1995,0.0,0.0,0.0,0.0052808361270058,0.2640418063502868,0.5228027765735681,0.7815637467968491,1.0403247170201302,2.458201450696915,3.5251853184984396,5.9386389536756905,6.8511271683830826,9.470414695528486,12.247335947335555,16.611211752386193,20.90755895071702,27.517398637090366,34.87373112899239,46.20636556769091,181.01264275317715,12.302512451633483
2025-10-08 05:45:00+00:00,133,2010,0.0,0.0,1.9276931476365882,5.374174835835332,8.820656524034076,16.729231632597287,38.23288316467155,60.70493324611676,86.14401905312235,99.6821405387575,117.15528170667099,136.97454261848554,153.89751702387383,179.4701015639201,222.26304808668158,263.76752264605886,317.54019027661576,398.84792463821077,491.35025495203763,1725.0314346133193,158.72322301986264
2025-10-08 06:00:00+00:00,134,2025,0.0,3.156200547246061,18.67418657120586,34.192172595165644,88.04322372794907,163.77505812796832,231.75433049621017,327.1265935922253,397.68998747561807,435.17118910134053,512.0451795799321,576.0832514715282,635.2518630871592,729.8924870852298,885.8595044939726,1020.3105399816596,1261.6871408526313,1543.3605338253738,1868.1972250036363,6023.260776702199,629.5398906500013
2025-10-08 06:15:00+00:00,135,2040,0.0,7.406770019770657,34.719234467674944,62.03169891557922,162.34514671388956,294.7774847974605,406.29638637834637,558.776989224234,677.03371656755,743.283523334747,869.3696851404172,977.0498455815306,1074.1218998887605,1249.215011256179,1515.8229107835382,1746.7743704022062,2159.4538136201772,2641.65787703053,3163.105609665242,10311.62985371143,1076.2339239326168
2025-10-08 06:30:00+00:00,136,2055,0.0,9.711484525603918,49.63647646419782,89.56146840279169,232.65897921248873,400.11665258819295,566.9980064942448,772.2612099596176,952.2568796392377,1051.9301247569995,1229.5403641589658,1398.3911894257462,1565.7919838192056,1819.790498322069,2220.7366757548343,2569.614938948259,3113.32739750915,3813.554509274229,4578.216001568921,14961.093398909252,1552.225487003297
2025-10-08 06:45:00+00:00,137,2070,0.0,15.030484365319554,68.1739826569851,121.31748094865063,297.9178045699954,539.5013882075076,755.6466563315855,1041.9659079044252,1265.4209345628963,1389.1684623830608,1629.459619667066,1843.6081479599254,2068.9442333037987,2402.5537447591732,2947.433800363078,3374.999923495416,4059.252071091923,4994.680424571554,6027.183740963663,19735.87830233806,2045.8889354926816
2025-10-08 07:00:00+00:00,138,2085,0.0,17.9375557248886,81.3596277521733,144.78169977945794,294.82813823057097,656.4451161153041,909.5257176579453,1317.7823261084056,1569.8465941792722,1729.2252326062176,2013.7185928726637,2244.7593114757733,2494.361516577757,2931.6303148500115,3626.3576489635916,4127.230892151547,4969.729696007575,6147.162614990669,7447.051577689068,24451.999529538476,2511.734372586464
2025-10-08 07:15:00+00:00,139,2100,0.0,35.33787733930402,119.97779322457248,345.2891218168441,580.6672151786343,967.5535755817519,1227.894594230519,1687.0816890234325,2004.015480133997,2152.153714606599,2565.434399041642,2750.872672068983,3048.2710542290165,3536.6487010787077,4321.531941799546,4936.751626200843,6150.878556400125,7604.717942038941,9055.153425214035,29107.512719329,3104.4606185652237
2025-10-08 07:30:00+00:00,140,2115,0.0,65.77917540505194,201.44872467797154,486.62023221467757,885.37929074042,1257.2036733706861,1578.0472997449308,2034.9820031197826,2395.99347626493,2602.49816409959,2992.644785915962,3214.816188120398,3556.5170006691565,4122.039260839605,4920.0792065729365,5680.222647444447,6819.953314206847,8515.998283806479,10479.913867626474,33634.33751944375,3665.6062817622797
2025-10-08 07:45:00+00:00,141,2130,0.0,102.00400522256855,243.57031153613335,694.0344761645384,1108.373845182362,1558.2390172314306,2012.5138529254502,2530.267971678058,2912.3278823875776,3104.773335042531,3523.592812399473,3784.6190818927907,4202.652472190816,4847.252998568521,5749.987176476381,6592.837877709902,7834.396485322425,9772.685182269955,11848.403205416824,38052.54618248007,4275.7342541746
2025-10-08 08:00:00+00:00,142,2145,9.816985964640638,181.3255054645383,526.4866513623134,996.8456134418512,1511.9610816213449,1961.3130958423812,2535.235616772427,3049.0883164362153,3424.9540491342023,3707.8798282928783,4149.895319581656,4483.479853493833,5018.717440980085,5715.581531736373,6857.453431182777,7752.823650021174,9408.175765333393,11556.856721391054,13691.899695632988,42386.148608129486,5041.60833893388
2025-10-08 08:15:00+00:00,143,2160,39.80386849610894,250.1957448326848,743.5538657115551,1303.3478581913648,1819.1254390869292,2305.4792560456835,2941.144102382713,3467.3339570310595,3893.013611689564,4281.022664477597,4715.824301913604,5188.2579779336,5798.069946803906,6727.153725778568,7741.022219300446,9025.056215117138,10892.538138116344,13022.624024495952,15352.494186744649,46345.82178899338,5759.065524947371
2025-10-08 08:30:00+00:00,144,2175,27.080424164150234,249.7416895138299,770.7992960702791,1414.332946865679,2073.963867058373,2528.2473534005535,3234.6730230494795,3868.814191811618,4267.649164086539,4804.141174347945,5177.648464166832,5806.685878246455,6626.364337905382,7571.430002501944,8684.141798326353,10283.521827137933,12530.714311715803,14623.614928793355,18527.077125231073,50012.25571320231,6442.952819672741
2025-10-08 08:45:00+00:00,145,2190,139.95268999602507,481.4023628591811,1277.4475253002772,1744.6733669614507,2472.624848138292,2985.760270975662,3848.1785827225453,4407.6497348457115,4712.659360727892,5383.373572669335,5727.830926271998,6363.752415007436,7272.823964106816,8470.16576237258,9556.542732438575,11127.726053469092,13608.429301040804,15850.08351108045,19364.16707815751,53363.551499475725,7085.205239862908
2025-10-08 09:00:00+00:00,146,2205,245.39430011054893,903.8304493723599,1687.0999004672135,2354.0535164983776,3009.316389897099,3654.358329284064,4269.133595097678,4756.605092393429,5055.148832260233,5659.499723127926,5954.370110929765,6847.031213254434,7827.033420608866,9079.148622193195,10223.496999559524,11911.206721777791,14263.885222112283,16407.40310493222,19237.518408286516,56381.041843822364,7497.890964063473
2025-10-08 09:15:00+00:00,147,2220,367.6946983332173,1291.8936090701015,2010.130152680667,2822.9360386598837,3434.93736734248,4154.275351570239,4698.737665496752,5071.183573702045,5382.844078175731,6041.06057882383,6614.872616559573,7441.600557619261,8323.136662184712,9683.844272811997,11050.505989976982,12724.682713725668,15474.896168912563,17671.30186342522,21722.191174073305,59048.70813393399,8040.8312349675325
2025-10-08 09:30:00+00:00,148,2235,267.64932153105093,1160.0407248760264,2076.641942246068,2917.026182612082,3508.898851215055,4269.430426233586,4836.431670683448,5220.476785029333,5533.0250540192,6237.51739005454,6897.349654218918,7577.969037365958,8646.059012533631,10092.021205179071,11567.587177538237,13292.814233014255,16108.188548754726,18719.368371605266,22647.434108480094,61352.86062184301,8347.690852740023
2025-10-08 09:45:00+00:00,149,2250,424.9449299031801,1547.603207371048,2495.588864447668,3301.5058233669592,3871.477331227319,4570.342756041637,5156.647679330262,5584.834157737256,5996.91564981619,6639.430683586287,7339.229948474809,8162.258363109704,9084.950097362094,10482.925775675805,12037.602710445113,13924.749332256353,16715.39585204814,19591.105992781082,23662.49572169582,63281.97522580814,9148.453315175866
2025-10-08 10:00:00+00:00,150,2265,437.33160066600306,1514.8949724829383,2564.354482658839,3337.15077042145,4184.157481956673,4984.226440328667,5481.499290856304,5894.269884398664,6555.228422022346,7218.360562008653,7943.891427206916,8867.950913794639,9998.275938879233,11494.914037841847,13146.695478456852,15424.677795437823,17481.824913264576,20648.01551060502,24760.472065563856,64826.622884228986,9673.33315180566
2025-10-08 10:15:00+00:00,151,2280,664.0153791887019,1914.8486094515995,2987.5601441568647,3694.208715134701,4519.180900523997,5343.478848024437,5844.682123192939,6206.215166817718,6796.176436484858,7365.716435506241,8086.42458870685,9007.083930906247,10368.046407959124,11878.070746115976,13527.626633118567,15946.927265817265,18171.116196549105,21386.179307863873,25233.78479695568,65979.45173940904,10118.14016790654
2025-10-08 10:30:00+00:00,152,2295,843.2652173694084,2275.4367046928064,3237.347207750919,4033.133023650658,4863.311026551454,5621.6835466336115,6062.422428578815,6520.933591678252,7136.7530920118215,7832.475819246874,8579.029203336699,9601.650380864978,11005.202994855912,12861.879982196357,14661.286793251827,16889.088563136065,19370.84007198122,22113.618829229723,26355.44026192308,66735.19750693749,10520.462835521896
2025-10-08 10:45:00+00:00,153,2310,1220.4407947605873,2736.6007526832086,3706.1679470889967,4378.211860605167,5123.540958015384,5734.395319626757,6305.879640396258,6748.739624437064,7417.377800160575,7946.718860724064,8628.965189949404,9719.491939778856,11155.285590977737,12847.898620815036,14820.421271039022,17428.8431905232,19886.61797101419,22711.384115840676,29383.05834582941,67090.70651237633,10942.346866556418
2025-10-08 11:00:00+00:00,154,2325,1617.2151363932412,3205.6164222732536,4036.4987979694038,4719.7832017892,5455.8114985051825,6087.896076510001,6611.821472704324,7141.494661886208,7758.958760660344,8276.883097003407,9017.380574860621,10038.322342390986,11617.417006806374,13693.8780078956,15502.471921122862,18007.446305639914,20576.758697902544,23378.284139716478,30740.138159392176,67044.96156788924,11687.621926665179
2025-10-08 11:15:00+00:00,155,2340,1991.2539727970757,3360.924764650645,4346.483193852054,4993.666232019486,5765.531627520685,6461.077156075261,6971.051876911375,7485.1300656206495,8162.398923196545,8747.010732240919,9395.68443718974,10437.858556836152,12280.594912312034,14398.12697962998,16373.861648387674,18510.936251847324,20686.34261686196,23554.860745554462,32209.65126433954,66599.10525894107,12124.404873920645
2025-10-08 11:30:00+00:00,156,2355,2304.2156507278587,3920.7807949766607,4641.0890809118055,5416.4486150266675,6196.279738075082,6880.297729152932,7426.929092021717,7960.9702545925475,8515.014483236451,9128.316536721615,9884.269570956661,11328.224508565634,13354.19805916325,15041.261334832552,17228.14093585486,18969.827313715206,20880.913384796306,23667.300722108124,32033.342955304513,65756.45834749255,12547.723371261829
2025-10-08 11:45:00+00:00,157,2370,2805.952819485135,4262.289873720521,4915.702128260683,5679.035649459146,6486.132274549353,7252.402098125116,7678.7656390627,8180.423837357108,8747.209143207467,9399.211272732924,10323.073265044806,11709.418199624599,13518.968485090896,14649.154207907335,16455.553672546055,18652.15594774867,20344.39740286851,23124.55774120876,29943.73184101573,64522.53380227644,12501.751346811416
2025-10-08 12:00:00+00:00,158,2385,3197.826157988324,4436.5790961262655,5111.028148201046,5884.860597840916,6397.248237000335,7089.159915392841,7645.873294164169,8203.281598045107,8713.479378128048,9349.811482725292,10349.19573109234,11723.580360559261,13243.082308046109,14300.877272061929,15945.476240673417,17782.981239734458,18873.63175843805,20453.697946678614,23851.303035652214,62905.049867250986,11972.087231719997
2025-10-08 12:15:00+00:00,159,2400,3327.776669662211,4588.091271714986,5160.106598311997,5861.827595833131,6477.192582779362,7018.572611604957,7561.88087036631,8116.102392888013,8647.621227756073,9386.866174673765,10215.960956037992,11522.096917601859,13122.931453024928,14211.395354834005,15311.107398656435,17288.49390165113,18526.515152725915,20323.796734526637,24901.504817368655,60913.94837809916,11895.35553616557
2025-10-08 12:30:00+00:00,160,2415,3526.9078276575533,4697.993823582466,5213.659119858585,5884.213760269775,6482.148271365472,7014.174928866806,7476.418302760836,8034.541032068314,8690.645445227468,9476.073872981573,10585.771266887428,12312.155277128444,13273.489351614748,14078.485085814948,15725.606387849872,17404.103320852348,18572.062846186614,20301.46827901342,24828.96002872806,58561.42831248234,12131.879189243935
2025-10-08 12:45:00+00:00,161,2430,3212.001760597011,4702.881802908027,5317.127135723013,5917.906658992406,6575.426141648312,7057.721316417545,7576.128262095282,8099.022363025178,8860.19009650167,9727.764300286248,10977.01001874642,12280.53780438416,13087.835729529963,14031.024732087295,15693.485526843791,17017.570549502503,18396.244788000164,20366.272878245487,25093.498136275513,55862.00938481232,12088.518237435046
2025-10-08 13:00:00+00:00,162,2445,3823.2003265296767,4561.915071103276,5204.0114381051235,5859.527190820376,6458.372111473427,7028.530817846164,7518.56044166117,8097.344650566419,8865.12553455587,9804.337816135041,11299.460213433385,11966.204416555436,12672.300382588119,14057.286292268162,15458.67165867881,16354.177595108187,17786.76763095718,19635.241635688035,24450.239700373757,52832.64710576663,11861.84118556977
2025-10-08 13:15:00+00:00,163,2460,3697.588916049495,4446.323725613417,5072.879306477694,5559.830045637238,6110.326676069791,6681.454649994173,7131.621801542263,7824.372390952801,8532.727542273364,9593.33351675258,10822.497934219486,11383.104290827758,12186.416596432307,13856.909499158093,14960.003323184084,16247.117962924463,17618.79399019069,20587.599662966746,24608.491781717228,49492.93151851127,11513.24451069645
2025-10-08 13:30:00+00:00,164,2475,3102.236335138133,3894.860086656609,4519.068637882368,5067.622672308981,5590.804564013152,6101.338649902587,6597.444073036072,7384.947233234348,8360.447023214689,9681.445727240567,10237.115751662559,11141.548957925186,12648.855156017033,13640.588635516979,14687.819092634138,16084.407475083182,18931.31946462975,22450.703557264897,27918.36040591416,45865.41805922279,11471.279094866126
2025-10-08 13:45:00+00:00,165,2490,3007.9559890725577,3658.8222476725987,4272.974625294863,4776.2342743782,5343.772164641345,5829.531706483187,6487.145206634024,7244.273233122216,8488.37740735655,9154.968035761613,9849.10675053639,11122.803703605001,12271.37163759247,12910.699855052912,14025.296025137734,15354.50490764074,17607.650986922028,20790.798676733553,26202.54932275267,41976.16456466848,10899.551518245167
2025-10-08 14:00:00+00:00,166,2505,2845.7829772031264,3465.918013209648,4017.383108327571,4470.7087365911,5018.191806064841,5456.755264704675,6051.546086934102,6861.2437029947105,7989.881208706796,8491.114107545232,9265.420570437676,10509.901054227183,11239.322987836464,11873.80529225967,12928.221083450782,14137.788267923024,17169.759513418765,19032.867287284505,24354.56390623448,37842.86714677722,10145.910567337993
2025-10-08 14:15:00+00:00,167,2520,2383.333583271976,2954.89237224129,3554.7633754419335,4043.1518548394815,4522.317355735204,4996.313856756182,5494.247338471322,6427.242972863673,7183.838406298864,7726.396832035281,8792.641645743255,9619.076048557827,10024.64926793656,10793.32983376139,11809.20113828567,12912.388022814213,15178.923543881447,17907.245045481464,22077.063625344555,33397.243335612744,9198.792203028042
2025-10-08 14:30:00+00:00,168,2535,1962.4068394468038,2490.452222246179,3073.2627747458,3573.065462140172,3960.2378668237893,4428.29510974458,4843.300060796718,5655.07118246323,6300.06233064536,6772.144027619739,7676.717048126791,8394.834641891532,8745.31468507529,9462.95538215445,10381.242079492955,11393.86881704571,13205.95251740106,15826.769231992721,19251.4325355751,29025.852906087704,8034.807344749258
2025-10-08 14:45:00+00:00,169,2550,1600.7270843483468,2059.175369273641,2536.244735674623,2984.959767325468,3352.4542259639707,3801.0812449462906,4166.965123184442,4787.381946310154,5342.857480593146,5800.13662490831,6660.267876739403,7160.688594477195,7553.69532319673,8136.55903829637,8896.051566788881,10149.146999611694,11590.97195316781,14438.492441343957,17439.46294141233,24562.86716152101,6978.769176005548
2025-10-08 15:00:00+00:00,170,2565,1426.7911589902476,1824.9124638134783,2156.103776003347,2584.7710542747673,2828.33235056691,3136.474617768998,3414.6501529087172,3955.1105498834822,4421.001987281987,4822.812030321725,5561.398374857431,5919.936990666014,6345.153347789439,6930.554225607512,7395.924500905544,8597.259322676815,9688.353181641694,11974.945909422417,14815.557686929367,20072.94998340741,5849.843347577671
2025-10-08 15:15:00+00:00,171,2580,1010.8966942394587,1394.7621710670298,1686.8389578627798,2005.0475816860055,2308.3442854317996,2514.57599887314,2907.8097294916483,3319.1878571764496,3583.867233316414,4151.016414008423,4489.027725372916,4778.608070915388,5196.104103117417,5700.2677123898675,6318.323137450364,7054.191004563382,7730.8588627864965,9490.313540142377,11834.307277616816,15639.574985850852,4724.998506442973
2025-10-08 15:30:00+00:00,172,2595,629.6898684451013,995.684166482159,1208.8092796775175,1460.5880681311041,1728.5434496484295,1918.6958695063702,2258.681415945433,2457.7790030510937,2685.4791110202545,3057.9070022130545,3269.935186307354,3583.905181065442,3950.0562028927934,4286.821813110791,4682.605855733954,5195.435497208116,5780.151022377951,6824.24577365562,8501.13930122815,11242.277072458808,3476.965844876809
2025-10-08 15:45:00+00:00,173,2610,261.83237241475285,582.0087425455278,826.3177908521312,983.3299369456748,1147.1843494031907,1269.9420191763836,1456.9265819528807,1600.4287970074238,1719.8808127157815,2006.0086087983714,2130.6852271476077,2352.95787918695,2605.495460092907,2914.7952834784496,3149.46285630006,3425.1116299242653,3783.806096610611,4468.208721649713,5541.22818710461,7264.859732015564,2277.1933811753424
2025-10-08 16:00:00+00:00,174,2625,123.56974060454432,300.7880829596747,390.92365764697814,468.6190835219411,558.1726122629843,612.7920406622816,702.054248939338,769.8051327249838,830.3505614255788,963.6519975802428,1030.4265265955719,1148.5593444716928,1259.4159599196778,1405.439706264489,1521.4416455094529,1654.90305043933,1827.7370495075038,2147.1529504159816,2650.0670150585333,3496.4134709161567,1098.5772003328887
2025-10-08 16:15:00+00:00,175,2640,29.80015328923623,72.91552523218235,98.01568771766665,120.00632896250478,142.94408450079797,156.53764266542177,177.72127529980128,195.39927320292406,212.3153100944192,243.5020505692021,259.2532930162769,285.36388278581535,317.0225773333969,353.3979454649263,375.39105957374517,406.1610630855168,451.153752949613,534.2451702526121,665.5007919355027,870.2396298512663,275.09707329573405
2025-10-08 16:30:00+00:00,176,2655,0.7957108797299012,1.5691950311284866,2.210208067403153,2.7024997457626645,3.1836870222571116,3.463465485617307,3.9286558941296468,4.30368285504484,4.651672285812035,5.348107531645431,5.67525536258136,6.247589556909816,6.945140971105712,7.671620152183713,8.1071725631412,8.740649530404268,9.534910986157511,11.507583727275046,14.537016995683441,18.912829306273935,5.998694011703817
2025-10-08 16:45:00+00:00,177,2670,0.0,0.0,0.0,0.0,0.0,0.0,0.0,0.0,0.0,0.0,0.0,0.0,0.0,0.0,0.0,0.0,0.0,0.0,0.0,0.0,0.0
2025-10-08 17:00:00+00:00,178,2685,0.0,0.0,0.0,0.0,0.0,0.0,0.0,0.0,0.0,0.0,0.0,0.0,0.0,0.0,0.0,0.0,0.0,0.0,0.0,0.0,0.0
2025-10-08 17:15:00+00:00,179,2700,0.0,0.0,0.0,0.0,0.0,0.0,0.0,0.0,0.0,0.0,0.0,0.0,0.0,0.0,0.0,0.0,0.0,0.0,0.0,0.0,0.0
2025-10-08 17:30:00+00:00,180,2715,0.0,0.0,0.0,0.0,0.0,0.0,0.0,0.0,0.0,0.0,0.0,0.0,0.0,0.0,0.0,0.0,0.0,0.0,0.0,0.0,0.0
2025-10-08 17:45:00+00:00,181,2730,0.0,0.0,0.0,0.0,0.0,0.0,0.0,0.0,0.0,0.0,0.0,0.0,0.0,0.0,0.0,0.0,0.0,0.0,0.0,0.0,0.0
2025-10-08 18:00:00+00:00,182,2745,0.0,0.0,0.0,0.0,0.0,0.0,0.0,0.0,0.0,0.0,0.0,0.0,0.0,0.0,0.0,0.0,0.0,0.0,0.0,0.0,0.0
2025-10-08 18:15:00+00:00,183,2760,0.0,0.0,0.0,0.0,0.0,0.0,0.0,0.0,0.0,0.0,0.0,0.0,0.0,0.0,0.0,0.0,0.0,0.0,0.0,0.0,0.0
2025-10-08 18:30:00+00:00,184,2775,0.0,0.0,0.0,0.0,0.0,0.0,0.0,0.0,0.0,0.0,0.0,0.0,0.0,0.0,0.0,0.0,0.0,0.0,0.0,0.0,0.0
2025-10-08 18:45:00+00:00,185,2790,0.0,0.0,0.0,0.0,0.0,0.0,0.0,0.0,0.0,0.0,0.0,0.0,0.0,0.0,0.0,0.0,0.0,0.0,0.0,0.0,0.0
2025-10-08 19:00:00+00:00,186,2805,0.0,0.0,0.0,0.0,0.0,0.0,0.0,0.0,0.0,0.0,0.0,0.0,0.0,0.0,0.0,0.0,0.0,0.0,0.0,0.0,0.0
2025-10-08 19:15:00+00:00,187,2820,0.0,0.0,0.0,0.0,0.0,0.0,0.0,0.0,0.0,0.0,0.0,0.0,0.0,0.0,0.0,0.0,0.0,0.0,0.0,0.0,0.0
2025-10-08 19:30:00+00:00,188,2835,0.0,0.0,0.0,0.0,0.0,0.0,0.0,0.0,0.0,0.0,0.0,0.0,0.0,0.0,0.0,0.0,0.0,0.0,0.0,0.0,0.0
2025-10-08 19:45:00+00:00,189,2850,0.0,0.0,0.0,0.0,0.0,0.0,0.0,0.0,0.0,0.0,0.0,0.0,0.0,0.0,0.0,0.0,0.0,0.0,0.0,0.0,0.0
2025-10-08 20:00:00+00:00,190,2865,0.0,0.0,0.0,0.0,0.0,0.0,0.0,0.0,0.0,0.0,0.0,0.0,0.0,0.0,0.0,0.0,0.0,0.0,0.0,0.0,0.0
2025-10-08 20:15:00+00:00,191,2880,0.0,0.0,0.0,0.0,0.0,0.0,0.0,0.0,0.0,0.0,0.0,0.0,0.0,0.0,0.0,0.0,0.0,0.0,0.0,0.0,0.0
2025-10-08 20:30:00+00:00,192,2895,0.0,0.0,0.0,0.0,0.0,0.0,0.0,0.0,0.0,0.0,0.0,0.0,0.0,0.0,0.0,0.0,0.0,0.0,0.0,0.0,0.0
2025-10-08 20:45:00+00:00,193,2910,0.0,0.0,0.0,0.0,0.0,0.0,0.0,0.0,0.0,0.0,0.0,0.0,0.0,0.0,0.0,0.0,0.0,0.0,0.0,0.0,0.0
2025-10-08 21:00:00+00:00,194,2925,0.0,0.0,0.0,0.0,0.0,0.0,0.0,0.0,0.0,0.0,0.0,0.0,0.0,0.0,0.0,0.0,0.0,0.0,0.0,0.0,0.0
2025-10-08 21:15:00+00:00,195,2940,0.0,0.0,0.0,0.0,0.0,0.0,0.0,0.0,0.0,0.0,0.0,0.0,0.0,0.0,0.0,0.0,0.0,0.0,0.0,0.0,0.0
2025-10-08 21:30:00+00:00,196,2955,0.0,0.0,0.0,0.0,0.0,0.0,0.0,0.0,0.0,0.0,0.0,0.0,0.0,0.0,0.0,0.0,0.0,0.0,0.0,0.0,0.0
2025-10-08 21:45:00+00:00,197,2970,0.0,0.0,0.0,0.0,0.0,0.0,0.0,0.0,0.0,0.0,0.0,0.0,0.0,0.0,0.0,0.0,0.0,0.0,0.0,0.0,0.0
2025-10-08 22:00:00+00:00,198,2985,0.0,0.0,0.0,0.0,0.0,0.0,0.0,0.0,0.0,0.0,0.0,0.0,0.0,0.0,0.0,0.0,0.0,0.0,0.0,0.0,0.0
2025-10-08 22:15:00+00:00,199,3000,0.0,0.0,0.0,0.0,0.0,0.0,0.0,0.0,0.0,0.0,0.0,0.0,0.0,0.0,0.0,0.0,0.0,0.0,0.0,0.0,0.0
2025-10-08 22:30:00+00:00,200,3015,0.0,0.0,0.0,0.0,0.0,0.0,0.0,0.0,0.0,0.0,0.0,0.0,0.0,0.0,0.0,0.0,0.0,0.0,0.0,0.0,0.0
2025-10-08 22:45:00+00:00,201,3030,0.0,0.0,0.0,0.0,0.0,0.0,0.0,0.0,0.0,0.0,0.0,0.0,0.0,0.0,0.0,0.0,0.0,0.0,0.0,0.0,0.0
2025-10-08 23:00:00+00:00,202,3045,0.0,0.0,0.0,0.0,0.0,0.0,0.0,0.0,0.0,0.0,0.0,0.0,0.0,0.0,0.0,0.0,0.0,0.0,0.0,0.0,0.0
2025-10-08 23:15:00+00:00,203,3060,0.0,0.0,0.0,0.0,0.0,0.0,0.0,0.0,0.0,0.0,0.0,0.0,0.0,0.0,0.0,0.0,0.0,0.0,0.0,0.0,0.0
2025-10-08 23:30:00+00:00,204,3075,0.0,0.0,0.0,0.0,0.0,0.0,0.0,0.0,0.0,0.0,0.0,0.0,0.0,0.0,0.0,0.0,0.0,0.0,0.0,0.0,0.0
2025-10-08 23:45:00+00:00,205,3090,0.0,0.0,0.0,0.0,0.0,0.0,0.0,0.0,0.0,0.0,0.0,0.0,0.0,0.0,0.0,0.0,0.0,0.0,0.0,0.0,0.0
2025-10-09 00:00:00+00:00,206,3105,0.0,0.0,0.0,0.0,0.0,0.0,0.0,0.0,0.0,0.0,0.0,0.0,0.0,0.0,0.0,0.0,0.0,0.0,0.0,0.0,0.0
2025-10-09 00:15:00+00:00,207,3120,0.0,0.0,0.0,0.0,0.0,0.0,0.0,0.0,0.0,0.0,0.0,0.0,0.0,0.0,0.0,0.0,0.0,0.0,0.0,0.0,0.0
2025-10-09 00:30:00+00:00,208,3135,0.0,0.0,0.0,0.0,0.0,0.0,0.0,0.0,0.0,0.0,0.0,0.0,0.0,0.0,0.0,0.0,0.0,0.0,0.0,0.0,0.0
2025-10-09 00:45:00+00:00,209,3150,0.0,0.0,0.0,0.0,0.0,0.0,0.0,0.0,0.0,0.0,0.0,0.0,0.0,0.0,0.0,0.0,0.0,0.0,0.0,0.0,0.0
2025-10-09 01:00:00+00:00,210,3165,0.0,0.0,0.0,0.0,0.0,0.0,0.0,0.0,0.0,0.0,0.0,0.0,0.0,0.0,0.0,0.0,0.0,0.0,0.0,0.0,0.0
2025-10-09 01:15:00+00:00,211,3180,0.0,0.0,0.0,0.0,0.0,0.0,0.0,0.0,0.0,0.0,0.0,0.0,0.0,0.0,0.0,0.0,0.0,0.0,0.0,0.0,0.0
2025-10-09 01:30:00+00:00,212,3195,0.0,0.0,0.0,0.0,0.0,0.0,0.0,0.0,0.0,0.0,0.0,0.0,0.0,0.0,0.0,0.0,0.0,0.0,0.0,0.0,0.0
2025-10-09 01:45:00+00:00,213,3210,0.0,0.0,0.0,0.0,0.0,0.0,0.0,0.0,0.0,0.0,0.0,0.0,0.0,0.0,0.0,0.0,0.0,0.0,0.0,0.0,0.0
2025-10-09 02:00:00+00:00,214,3225,0.0,0.0,0.0,0.0,0.0,0.0,0.0,0.0,0.0,0.0,0.0,0.0,0.0,0.0,0.0,0.0,0.0,0.0,0.0,0.0,0.0
2025-10-09 02:15:00+00:00,215,3240,0.0,0.0,0.0,0.0,0.0,0.0,0.0,0.0,0.0,0.0,0.0,0.0,0.0,0.0,0.0,0.0,0.0,0.0,0.0,0.0,0.0
2025-10-09 02:30:00+00:00,216,3255,0.0,0.0,0.0,0.0,0.0,0.0,0.0,0.0,0.0,0.0,0.0,0.0,0.0,0.0,0.0,0.0,0.0,0.0,0.0,0.0,0.0
2025-10-09 02:45:00+00:00,217,3270,0.0,0.0,0.0,0.0,0.0,0.0,0.0,0.0,0.0,0.0,0.0,0.0,0.0,0.0,0.0,0.0,0.0,0.0,0.0,0.0,0.0
2025-10-09 03:00:00+00:00,218,3285,0.0,0.0,0.0,0.0,0.0,0.0,0.0,0.0,0.0,0.0,0.0,0.0,0.0,0.0,0.0,0.0,0.0,0.0,0.0,0.0,0.0
2025-10-09 03:15:00+00:00,219,3300,0.0,0.0,0.0,0.0,0.0,0.0,0.0,0.0,0.0,0.0,0.0,0.0,0.0,0.0,0.0,0.0,0.0,0.0,0.0,0.0,0.0
2025-10-09 03:30:00+00:00,220,3315,0.0,0.0,0.0,0.0,0.0,0.0,0.0,0.0,0.0,0.0,0.0,0.0,0.0,0.0,0.0,0.0,0.0,0.0,0.0,0.0,0.0
2025-10-09 03:45:00+00:00,221,3330,0.0,0.0,0.0,0.0,0.0,0.0,0.0,0.0,0.0,0.0,0.0,0.0,0.0,0.0,0.0,0.0,0.0,0.0,0.0,0.0,0.0
2025-10-09 04:00:00+00:00,222,3345,0.0,0.0,0.0,0.0,0.0,0.0,0.0,0.0,0.0,0.0,0.0,0.0,0.0,0.0,0.0,0.0,0.0,0.0,0.0,0.0,0.0
2025-10-09 04:15:00+00:00,223,3360,0.0,0.0,0.0,0.0,0.0,0.0,0.0,0.0,0.0,0.0,0.0,0.0,0.0,0.0,0.0,0.0,0.0,0.0,0.0,0.0,0.0
2025-10-09 04:30:00+00:00,224,3375,0.0,0.0,0.0,0.0,0.0,0.0,0.0,0.0,0.0,0.0,0.0,0.0,0.0,0.0,0.0,0.0,0.0,0.0,0.0,0.0,0.0
2025-10-09 04:45:00+00:00,225,3390,0.0,0.0,0.0,0.0,0.0,0.0,0.0,0.0,0.0,0.0,0.0,0.0,0.0,0.0,0.0,0.0,0.0,0.0,0.0,0.0,0.0
2025-10-09 05:00:00+00:00,226,3405,0.0,0.0,0.0,0.0,0.0,0.0,0.0,0.0,0.0,0.0,0.0,0.0,0.0,0.0,0.0,0.0,0.0,0.0,0.0,0.0,0.0
2025-10-09 05:15:00+00:00,227,3420,0.0,0.0,0.0,0.0,0.0,0.0,0.0,0.0,0.0,0.0,0.0,0.0,0.0,0.0,0.0,0.0,0.0,0.0,0.0,0.0,0.0
2025-10-09 05:30:00+00:00,228,3435,1.8543710335445958,2.5992295779136376,3.6207375563189936,5.082035948777904,5.916985624769294,6.762278191029874,7.739090906819571,9.13508724579108,10.352055563291758,11.18689864777222,12.252362662081678,13.466898027363746,15.443585151543397,17.796294693337234,19.623240568475275,22.234451254662368,24.201338767067707,29.561217410083174,50.14363335152758,116.20119945972648,15.41779359345294
2025-10-09 05:45:00+00:00,229,3450,79.5003996403595,99.68140754531176,126.09451917376971,143.28208700193335,156.04924035129906,173.1947545218599,189.6674997309462,205.51374805132596,222.97823074370024,245.35613753410746,267.47186960419344,284.58846971436054,303.24044236067687,324.2969972022493,348.8599860563495,394.9651096258784,446.6087861736154,658.3401949216131,818.0445813180128,1397.3657242768907,302.58087432779087
2025-10-09 06:00:00+00:00,230,3465,265.7339134117724,331.4377314070146,452.3942354446709,538.4179842976762,599.8673543969295,669.9099459741325,709.0400672414232,754.5328178711919,812.0860901605334,890.574051112662,990.9337294064168,1075.4107991106923,1141.8821455515836,1223.4864525929302,1314.8607667084211,1506.7657796707856,1812.1744693367318,2577.4014299069936,3199.3039667433586,5518.52239112295,1153.4145047539394
2025-10-09 06:15:00+00:00,231,3480,452.95481865772416,587.667027562929,824.3035802857491,937.2187832482931,1090.1573075320061,1202.5945809526374,1309.4888964827596,1414.3433013129488,1551.7083200227985,1719.7594128804392,1858.5202269100246,1970.8771382193877,2121.0500274050523,2326.819696169003,2610.121613171753,2965.16662945659,3623.4323810121123,4684.1557389414775,5698.32247628175,9878.106216630575,2191.6074751126393
2025-10-09 06:30:00+00:00,232,3495,514.0516439988304,758.2216601593966,1036.2652297319119,1208.6911894454056,1403.87316067042,1604.630051183432,1744.0487905604473,1926.7434592111827,2183.249036092298,2437.3846573035194,2679.6752545508175,2969.675646495962,3272.6727048031084,3635.3043258536004,3908.071938856245,4769.90449724328,5406.200072473053,6843.016008904694,8400.468726329196,14486.679259121156,3183.0555999492735
2025-10-09 06:45:00+00:00,233,3510,641.9970757135736,1059.1204740009948,1364.9314727639562,1619.1291188110567,1893.10284650902,2111.2446794860753,2355.7192085447514,2649.614609098116,2987.0409661122358,3427.5874926210304,3828.654058331129,4216.574653962558,4640.049920910149,4979.569327821321,5745.076504066063,6676.607825012024,7588.970211635691,9117.11360043816,11343.164512529738,19270.231444997524,4362.4465937596315
2025-10-09 07:00:00+00:00,234,3525,940.3372064167708,1426.1349945740158,1843.3731720931585,2229.4682631113233,2424.5467361335645,2741.862467336222,3063.592284340127,3438.323712391924,3920.791006268191,4411.079560754526,5022.162046936108,5439.90256199163,5980.575592200874,6580.536606238325,7593.557503939151,8545.64026483493,10099.2950585043,12210.250329094024,15254.261056389756,23984.402175835425,5717.29633043511
2025-10-09 07:15:00+00:00,235,3540,1281.0666963713138,1988.385664559802,2443.5551714090034,2831.587537684253,3137.8543892948096,3548.001048422941,3939.477444919585,4528.26564956483,5269.951777655995,6011.930421310726,6490.529928550002,7234.098155492592,8339.14520415371,9533.388307801582,10926.829878813282,12976.504276620033,15585.686035392517,19161.659976731502,20090.636737912348,28640.85541913084,7925.108114229916
2025-10-09 07:30:00+00:00,236,3555,1538.095380807406,2374.328078537451,2919.79722961215,3375.7887847862044,3802.0729182236705,4241.956453691515,4825.488824845278,5532.9769858227955,6403.1580833022235,7326.945386047509,8286.94054060428,9258.814632141795,10814.223655781834,12585.342558113127,14762.608773653736,17417.783813175593,21015.46040066817,22675.536702929527,23451.06278835983,33169.48994362224,9874.853547717303
2025-10-09 07:45:00+00:00,237,3570,1618.7765097613085,2530.324356272243,3249.4129819154996,3770.2119346869695,4187.148679000638,4808.484235898061,5434.509783525423,6470.548987975474,7654.117156131805,8493.032723849801,9458.33436771929,11042.038200398094,12732.9186257222,14431.053305813502,17803.7909892318,22089.323532123748,24774.008462986814,25924.536386309843,26646.28695639944,37545.75780191194,11487.81772615116
2025-10-09 08:00:00+00:00,238,3585,1832.5880992788952,2861.0829442237996,3782.1698278013396,4269.131577338989,4816.441021162573,5622.735900867046,6443.031360423628,8163.690051996345,9304.099966545633,10337.330816687694,12474.989142283737,14124.604073709792,15913.150201096038,18687.263643969527,22046.146408224275,26230.856856336377,28015.901071956574,28915.431627282047,29785.520315784517,41908.34053187583,13561.565392473438
2025-10-09 08:15:00+00:00,239,3600,2036.3939881080084,3647.1429531486865,4347.67642329247,4930.706003356703,5838.2146126285825,6789.336812222278,8352.330334795113,9653.758042603948,10818.701850215251,12297.362130693758,14337.115704572268,16197.744085241759,17818.199710632747,22994.32383664563,27268.088079567726,29462.127962962364,30969.24502177619,31996.683873384107,33002.274491585325,45870.54761977132,15627.772376113735
2025-10-09 08:30:00+00:00,240,3615,1934.040960627558,4281.816932925646,4937.50056028309,5391.333146360335,6336.977691851491,7290.984840750221,9328.433557560898,10859.394932942643,12072.34604131797,14546.8159605474,16513.634021773327,18022.562530864365,20379.934640159896,25551.925301494834,30142.24715498885,32544.121759386097,33716.341425695195,34595.71000712619,36172.98110471659,49538.22676359995,17280.57199321263
2025-10-09 08:45:00+00:00,241,3630,1664.078724331163,3992.3804671726075,5092.528328958579,5670.840938003365,6563.33952015906,7738.1113046689,9765.98824684527,11448.836879433013,12833.939098589759,15701.304654141268,17884.762707502003,19494.13529529896,23251.296803989393,27445.78990628837,32378.29655716583,34785.585521236215,36079.107024968194,37034.83684312669,39483.88809203627,52889.51339051858,18535.042999195237
2025-10-09 09:00:00+00:00,242,3645,1363.4413288602987,3968.751898489511,5171.203635790152,5627.145186890361,6874.3668314764545,7970.754400392967,10748.620600120781,12644.353639874795,15437.64378327789,17919.858318611514,19697.500707343857,22674.54965285839,28011.872712982495,33282.700231656374,35328.1204603411,37176.09516724224,38445.71355524294,39598.87624030145,42156.1718228615,55905.8321293185,20378.91022969827
2025-10-09 09:15:00+00:00,243,3660,1473.061995462293,3980.8668986087146,5214.670665495837,5910.163429456594,7136.396417212412,8191.895142872361,11002.098606814941,12781.290637341208,15601.950844131565,18200.10205187502,20314.306227940837,23341.06911229153,28989.148515833433,34871.60065920856,37205.160192469906,38865.63543381069,40218.986145285846,41435.64289320976,44658.8920243883,58571.28072921406,21195.741523865232
2025-10-09 09:30:00+00:00,244,3675,1311.0726936397086,3821.321232527495,5083.146326733491,5563.563588184467,6581.821781560701,7477.01486868996,9503.467808575202,13012.23595359795,15549.391176401055,19322.763735673183,22014.708380424912,26505.129720239507,30619.657959613156,36347.11726487201,38899.87085813828,40404.2681094998,41416.375563534966,43604.27255181049,46530.678748240585,60872.29249738427,21947.31232799646
2025-10-09 09:45:00+00:00,245,3690,2552.917350395613,3831.0574559763313,4914.978062775109,5601.347034932031,6616.127860744756,7626.57729875494,9606.726797119045,12867.656681752798,15690.263443606034,18777.06786747468,22710.218118634115,27782.91358948534,31651.09346604108,37362.7303032179,40032.92070331511,41561.07562840678,42754.24666261787,45076.389807633874,48438.97686517892,62797.463719281615,22572.62707912236
2025-10-09 10:00:00+00:00,246,3705,2703.162999969644,3666.1501969743554,4876.9585980951715,5618.19107199539,6672.552779127892,7524.768745447616,10547.295272548296,12803.239771148588,14356.706104112282,18397.025191263565,22726.311462698595,25247.91870503108,31296.912902086686,37413.16818492542,39603.12850266822,41676.59473584984,43076.491816017486,44641.66823496866,48955.14939848869,64337.47819264308,22422.030089768545
2025-10-09 10:15:00+00:00,247,3720,2967.8391190479706,3696.954883582064,4881.475099130359,5695.032588643511,6891.974661753619,8166.959485025666,11150.995393132098,12580.0332732914,14030.301756028248,17495.01260291303,19513.758670701707,23703.917614987782,29071.836987484894,32451.270494940647,37041.15767104049,40091.56158232487,42506.93333173826,45271.210947214255,49225.9884531411,65485.08704543489,21633.83667602458
2025-10-09 10:30:00+00:00,248,3735,3101.960219300792,3915.964185876891,5093.367758610829,6194.495747297765,7350.643727632165,9039.050303412208,11349.545029314815,12791.018255610632,14290.25813834449,17880.191228527816,19373.72231084466,24438.142542152516,29374.711326517914,32789.37309473334,36379.01263088844,40656.85114144756,43605.379032864024,45469.65566991816,49734.61903209276,66235.11804971994,21967.780450248356
2025-10-09 10:45:00+00:00,249,3750,3595.2138590887516,4477.9108190478655,5602.707670298307,6642.225834597657,7753.49419839458,9266.708829595276,11706.071076368287,13122.020850838451,14450.949451724904,17183.77214153434,19042.09143294578,21422.830855421198,25238.54155757477,30338.41039540825,33839.42697310816,36343.22969846928,41341.57986046374,44478.35842554084,47217.941037188095,66584.49829666349,21010.2701481958
2025-10-09 11:00:00+00:00,250,3765,3494.6833952287957,4266.189529986099,5520.079761361349,6604.260060749072,7677.601091605843,8864.503784138513,11182.789820017257,12655.01743411402,13914.344103661288,15434.995681868442,18316.942335840668,20284.918669621515,22625.86012584737,25647.870487706736,29958.103046650438,33237.86984003358,35587.12008445205,40432.07331404467,45186.85279110122,66532.28010002176,19419.2748306956
2025-10-09 11:15:00+00:00,251,3780,3107.4978323466867,4077.2071122183484,4994.78740441633,5923.5874537028385,7250.6333275671805,8555.010455894244,10257.844337456278,11993.218001237667,12798.257225754165,14126.787771958869,17134.37481243973,19072.295861447325,21068.925086437026,23394.782592289863,27476.938135805278,32500.973937661496,34494.91400868453,39113.95085163555,45755.77499842749,66079.664567156,18505.679184983925
2025-10-09 11:30:00+00:00,252,3795,2647.164073007104,3717.1357857558855,4648.966401944791,5475.29089337935,6883.629997952587,8162.260607667695,9816.971499494144,11458.404335301218,12263.780383084439,13379.16220395562,16814.144354375905,19477.90545272697,21507.52206027372,24491.568656576743,26803.88745233654,29951.87250790346,33360.01798993113,38559.96083515633,45404.451026453484,65230.02052147281,18031.21727822513
2025-10-09 11:45:00+00:00,253,3810,2841.0480800639716,3684.576747314899,4712.977778778453,5869.169907588682,7468.902152743938,9311.836783108154,10630.619249744945,11697.076419129477,12472.361797489059,15266.197755460922,16925.094749560834,19382.073625327834,21180.340267312895,24033.03728350621,26854.7032838894,30738.73393573321,33848.927504688945,39095.31589741662,45144.07262994843,63988.899344977726,18446.320372471608
2025-10-09 12:00:00+00:00,254,3825,3030.520717042943,3947.3961264501263,4865.395225624576,5834.01879559865,7235.457042524253,8674.800904689255,10506.771547252833,11594.801170884564,12438.524697204251,14011.071786372937,16590.766210134378,18872.003735137598,20835.002180955747,23133.577299196084,26411.463273781137,29608.77204219647,32913.25407688142,36956.79731604046,42549.560822410924,62364.04928412604,17863.726410792988
2025-10-09 12:15:00+00:00,255,3840,3068.841732896947,3968.4385031592938,5015.50341491739,6346.877907257421,7867.934551772967,9524.756755350918,11021.55246503725,11761.492317488766,12690.743366980341,14877.874739341414,17123.725541931206,18935.897943696153,21012.68310827901,23594.13609132185,27663.46101225186,30306.840005876467,33481.16132491493,39433.519218994996,45107.88956215657,60365.43566318011,18506.031793849175
2025-10-09 12:30:00+00:00,256,3855,3484.9592742356704,4370.35311146609,5478.209613960596,7026.20874772189,8348.714690273338,10369.18648084673,11388.15403290475,12340.344314541799,14703.620765013311,16697.429380546677,18510.229574820525,20615.098263782955,23264.546812784254,27278.58846045094,29735.233708937034,32382.38246755373,36696.55218065316,39421.01377095172,44498.348206366936,58005.27738793502,19626.27993063566
2025-10-09 12:45:00+00:00,257,3870,3424.0444087073834,4355.390680416245,5280.902276447783,6674.867379875685,7876.544987362266,9780.55527856802,10922.142382475677,12772.711794494731,15194.69642194337,16921.791286700874,18512.20042245698,20240.3393540939,23887.525784158224,26479.139173737287,28647.631078295894,31372.608456197482,34549.4210649453,37275.83870839738,42360.4480858717,55298.11521711462,19060.28374614567
2025-10-09 13:00:00+00:00,258,3885,3202.050582312433,4187.94322762919,4973.597594931021,6341.322597462521,8111.121822801643,9770.18498404012,11166.02727335222,13104.474791734292,14713.071836245817,16705.46958843008,18182.61166258646,20557.39477351989,23984.323965461175,26340.956250117615,28429.982127935706,31211.715525619722,34028.759716932356,36462.2462540798,40210.02217853524,52260.934334833546,18744.075530713224
2025-10-09 13:15:00+00:00,259,3900,3076.8911102280867,3829.075602431262,4949.319437573553,6681.87155824292,8565.086382422836,9839.812818365896,11848.378465071197,13389.879243034926,15508.718770894213,16922.21127037939,19736.835129118073,22217.150855796808,24021.618636829786,26252.992895074523,28439.670475909053,31106.205928104006,32678.99965855149,35422.697704948994,37663.963619851995,48913.37529479493,18684.93914795586
2025-10-09 13:30:00+00:00,260,3915,2729.724152223753,3633.8683909036044,4855.596856827448,6484.776181191598,8270.933087446228,9835.415314282987,12122.636481648273,14418.993634196779,15699.070594393705,18055.980723577813,20387.04350521247,21781.73232286279,23562.743242341287,25487.560553871863,27623.916556371198,29512.845063083565,30826.70095868393,33038.627236335094,34906.76289430908,45278.08491239985,18160.19980818965
2025-10-09 13:45:00+00:00,261,3930,2292.805638452167,3414.3399968298695,4440.21759012393,5571.018151129019,7358.022664024917,8675.691150388633,10393.02402141673,12718.386448600448,14176.457136254401,15763.539737154275,18200.27573892369,19458.92702055158,21353.69312678568,23033.703069792406,24978.00726474795,26558.265196414737,27571.640833139158,29581.69617135788,31810.58078377374,41381.28642372322,16278.069900459226
2025-10-09 14:00:00+00:00,262,3945,2354.382440191432,3296.214890093747,4176.742438603748,5369.690323160979,6821.018981235369,8010.188748228328,9488.360642684966,11317.806435807586,12631.747931721273,14096.05631343153,16385.170957605005,17248.22951552692,18831.835469573987,20395.01928312521,22054.455769286604,23708.130229293645,24732.382843443604,26254.238780460222,28595.24291441251,37205.264229525674,14607.121200593203
2025-10-09 14:15:00+00:00,263,3960,2290.289153396171,3241.924194035415,4027.9952540078657,4830.64935109712,6034.813874049828,7083.60520773048,8424.85171969768,9725.141157563014,11174.739604703558,12408.331281719984,14231.614999718535,15215.009485766961,16479.457123353084,17819.389299447892,19002.690431218492,20840.83994758481,21869.09626629211,22995.473534610417,24865.447087304223,32808.87755795431,12855.74026771047
2025-10-09 14:30:00+00:00,264,3975,1865.678582346295,2649.882199815331,3400.0599772592464,4001.371750964471,4575.045877553327,5865.35193279218,6652.8134059474,8103.0639065293735,9074.815250933068,10204.2386340833,11840.87020415869,13055.766804016916,13840.119072018948,15285.018902039961,16183.440592009561,17646.380962691554,18973.097556791483,20042.862042669094,21536.402402493444,28435.875813381197,10882.566519033788
2025-10-09 14:45:00+00:00,265,3990,1540.5299943924852,2019.7294497291743,2739.8449154829195,3110.713072540455,3691.9052509326198,4647.748489536679,5474.7231176647065,6366.665443003796,7142.672956636962,8064.065944224894,9312.510773038435,10499.004072525775,11491.246468827803,12551.500728270885,13492.518672809825,14638.737073539209,15653.595907659519,16506.1244047744,18077.983574756632,23974.293601729987,8902.914296682968
2025-10-09 15:00:00+00:00,266,4005,1329.9147906396456,1615.4232877476854,2022.336823822951,2559.940032764025,3007.5252779602015,3775.4849324469515,4497.354797383961,4914.74956675175,5743.130810824217,6334.633190905993,7217.875568578531,8172.602512060779,9174.416206729715,9982.224035047575,10968.363276780381,11956.460773954606,12691.146318254387,13580.549585453238,14712.2052738835,19490.65462228795,7168.862272646138
2025-10-09 15:15:00+00:00,267,4020,945.0124135164409,1155.3528326083576,1409.999988156108,1820.7353563482518,2157.844687415371,2544.140607497278,3168.3612002833947,3659.0327666432186,4261.614714154395,4690.770292228867,5276.127062760791,6259.5246953251135,7052.7545975424,7640.422218975648,8350.704753312675,8964.619537574,9615.325531538141,10220.727292400865,11178.574216905832,15071.570823990549,5356.3712117413825
2025-10-09 15:30:00+00:00,268,4035,619.1385711536016,786.4027873675201,929.2300873137366,1158.8322811427274,1341.899204839741,1669.9463127077577,2127.1259705730877,2508.6014796986146,2908.386576089963,3253.3256719114756,3633.0250153493394,4374.31059180046,4748.999338383515,5236.366253154242,5639.872525886544,6092.969880963932,6542.4010293658475,7028.247209054035,7685.0471525356215,10661.039824985757,3656.2535660793014
2025-10-09 15:45:00+00:00,269,4050,364.05482128417356,497.75822006498987,579.3319410329331,710.7697674567073,835.4806120764164,1025.6134469940887,1191.4648435000377,1537.0303654059835,1793.4671971795067,2021.5143531357153,2239.283759580518,2759.2102501687873,3080.9967382068858,3326.9605276013453,3636.9941412223457,3868.3378897485973,4180.151227188283,4628.686928654763,5058.720746360595,6757.838437233509,2319.5657410526305
2025-10-09 16:00:00+00:00,270,4065,167.19981237916647,214.31260710419158,250.15721186363672,300.22569353490127,360.77696519652426,435.8193546357484,509.251372314481,667.7416861214017,736.3381536050587,839.3854623018442,975.9891193983129,1202.376023005498,1328.9296989570482,1423.4959170224458,1560.6557730164677,1697.0081488238961,1841.958626582735,2042.7646765148238,2243.2181028493674,2975.241775812931,1003.8427300208458
2025-10-09 16:15:00+00:00,271,4080,31.746994904520953,44.33727484402628,50.58009008506181,56.88304466731415,69.30235066877772,81.58087912907172,102.55595594827604,130.84714297224855,151.62967242549726,177.91872524407492,198.31957616107485,238.55691432567227,276.25630552893125,306.536962602656,335.4794163750117,362.18354076472724,384.1993038179022,432.10247192925004,481.5124992122034,647.7977907061294,209.53795021573254
2025-10-09 16:30:00+00:00,272,4095,0.00751343443158177,0.0098973163763873,0.011855096083043854,0.013258686453460952,0.015512461446986018,0.018660979913751024,0.022568070368111325,0.02742571605713837,0.03431667264517689,0.03792889615801909,0.044723807506116486,0.05177343330032901,0.06526802628335152,0.07169615701978213,0.0790301641824236,0.08603401915817553,0.09173260920814774,0.10230205103810518,0.11384083537954384,0.15625825042549477,0.04871108287269485
2025-10-09 16:45:00+00:00,273,4110,0.0,0.0,0.0,0.0,0.0,0.0,0.0,0.0,0.0,0.0,0.0,0.0,0.0,0.0,0.0,0.0,0.0,0.0,0.0,0.0,0.0
2025-10-09 17:00:00+00:00,274,4125,0.0,0.0,0.0,0.0,0.0,0.0,0.0,0.0,0.0,0.0,0.0,0.0,0.0,0.0,0.0,0.0,0.0,0.0,0.0,0.0,0.0
2025-10-09 17:15:00+00:00,275,4140,0.0,0.0,0.0,0.0,0.0,0.0,0.0,0.0,0.0,0.0,0.0,0.0,0.0,0.0,0.0,0.0,0.0,0.0,0.0,0.0,0.0
2025-10-09 17:30:00+00:00,276,4155,0.0,0.0,0.0,0.0,0.0,0.0,0.0,0.0,0.0,0.0,0.0,0.0,0.0,0.0,0.0,0.0,0.0,0.0,0.0,0.0,0.0
2025-10-09 17:45:00+00:00,277,4170,0.0,0.0,0.0,0.0,0.0,0.0,0.0,0.0,0.0,0.0,0.0,0.0,0.0,0.0,0.0,0.0,0.0,0.0,0.0,0.0,0.0
2025-10-09 18:00:00+00:00,278,4185,0.0,0.0,0.0,0.0,0.0,0.0,0.0,0.0,0.0,0.0,0.0,0.0,0.0,0.0,0.0,0.0,0.0,0.0,0.0,0.0,0.0
2025-10-09 18:15:00+00:00,279,4200,0.0,0.0,0.0,0.0,0.0,0.0,0.0,0.0,0.0,0.0,0.0,0.0,0.0,0.0,0.0,0.0,0.0,0.0,0.0,0.0,0.0
2025-10-09 18:30:00+00:00,280,4215,0.0,0.0,0.0,0.0,0.0,0.0,0.0,0.0,0.0,0.0,0.0,0.0,0.0,0.0,0.0,0.0,0.0,0.0,0.0,0.0,0.0
2025-10-09 18:45:00+00:00,281,4230,0.0,0.0,0.0,0.0,0.0,0.0,0.0,0.0,0.0,0.0,0.0,0.0,0.0,0.0,0.0,0.0,0.0,0.0,0.0,0.0,0.0
2025-10-09 19:00:00+00:00,282,4245,0.0,0.0,0.0,0.0,0.0,0.0,0.0,0.0,0.0,0.0,0.0,0.0,0.0,0.0,0.0,0.0,0.0,0.0,0.0,0.0,0.0
2025-10-09 19:15:00+00:00,283,4260,0.0,0.0,0.0,0.0,0.0,0.0,0.0,0.0,0.0,0.0,0.0,0.0,0.0,0.0,0.0,0.0,0.0,0.0,0.0,0.0,0.0
2025-10-09 19:30:00+00:00,284,4275,0.0,0.0,0.0,0.0,0.0,0.0,0.0,0.0,0.0,0.0,0.0,0.0,0.0,0.0,0.0,0.0,0.0,0.0,0.0,0.0,0.0
2025-10-09 19:45:00+00:00,285,4290,0.0,0.0,0.0,0.0,0.0,0.0,0.0,0.0,0.0,0.0,0.0,0.0,0.0,0.0,0.0,0.0,0.0,0.0,0.0,0.0,0.0
2025-10-09 20:00:00+00:00,286,4305,0.0,0.0,0.0,0.0,0.0,0.0,0.0,0.0,0.0,0.0,0.0,0.0,0.0,0.0,0.0,0.0,0.0,0.0,0.0,0.0,0.0
2025-10-09 20:15:00+00:00,287,4320,0.0,0.0,0.0,0.0,0.0,0.0,0.0,0.0,0.0,0.0,0.0,0.0,0.0,0.0,0.0,0.0,0.0,0.0,0.0,0.0,0.0
2025-10-09 20:30:00+00:00,288,4335,0.0,0.0,0.0,0.0,0.0,0.0,0.0,0.0,0.0,0.0,0.0,0.0,0.0,0.0,0.0,0.0,0.0,0.0,0.0,0.0,0.0
2025-10-09 20:45:00+00:00,289,4350,0.0,0.0,0.0,0.0,0.0,0.0,0.0,0.0,0.0,0.0,0.0,0.0,0.0,0.0,0.0,0.0,0.0,0.0,0.0,0.0,0.0
2025-10-09 21:00:00+00:00,290,4365,0.0,0.0,0.0,0.0,0.0,0.0,0.0,0.0,0.0,0.0,0.0,0.0,0.0,0.0,0.0,0.0,0.0,0.0,0.0,0.0,0.0
2025-10-09 21:15:00+00:00,291,4380,0.0,0.0,0.0,0.0,0.0,0.0,0.0,0.0,0.0,0.0,0.0,0.0,0.0,0.0,0.0,0.0,0.0,0.0,0.0,0.0,0.0
2025-10-09 21:30:00+00:00,292,4395,0.0,0.0,0.0,0.0,0.0,0.0,0.0,0.0,0.0,0.0,0.0,0.0,0.0,0.0,0.0,0.0,0.0,0.0,0.0,0.0,0.0
2025-10-09 21:45:00+00:00,293,4410,0.0,0.0,0.0,0.0,0.0,0.0,0.0,0.0,0.0,0.0,0.0,0.0,0.0,0.0,0.0,0.0,0.0,0.0,0.0,0.0,0.0
2025-10-09 22:00:00+00:00,294,4425,0.0,0.0,0.0,0.0,0.0,0.0,0.0,0.0,0.0,0.0,0.0,0.0,0.0,0.0,0.0,0.0,0.0,0.0,0.0,0.0,0.0
2025-10-09 22:15:00+00:00,295,4440,0.0,0.0,0.0,0.0,0.0,0.0,0.0,0.0,0.0,0.0,0.0,0.0,0.0,0.0,0.0,0.0,0.0,0.0,0.0,0.0,0.0
2025-10-09 22:30:00+00:00,296,4455,0.0,0.0,0.0,0.0,0.0,0.0,0.0,0.0,0.0,0.0,0.0,0.0,0.0,0.0,0.0,0.0,0.0,0.0,0.0,0.0,0.0
2025-10-09 22:45:00+00:00,297,4470,0.0,0.0,0.0,0.0,0.0,0.0,0.0,0.0,0.0,0.0,0.0,0.0,0.0,0.0,0.0,0.0,0.0,0.0,0.0,0.0,0.0
2025-10-09 23:00:00+00:00,298,4485,0.0,0.0,0.0,0.0,0.0,0.0,0.0,0.0,0.0,0.0,0.0,0.0,0.0,0.0,0.0,0.0,0.0,0.0,0.0,0.0,0.0
2025-10-09 23:15:00+00:00,299,4500,0.0,0.0,0.0,0.0,0.0,0.0,0.0,0.0,0.0,0.0,0.0,0.0,0.0,0.0,0.0,0.0,0.0,0.0,0.0,0.0,0.0
2025-10-09 23:30:00+00:00,300,4515,0.0,0.0,0.0,0.0,0.0,0.0,0.0,0.0,0.0,0.0,0.0,0.0,0.0,0.0,0.0,0.0,0.0,0.0,0.0,0.0,0.0
2025-10-09 23:45:00+00:00,301,4530,0.0,0.0,0.0,0.0,0.0,0.0,0.0,0.0,0.0,0.0,0.0,0.0,0.0,0.0,0.0,0.0,0.0,0.0,0.0,0.0,0.0
2025-10-10 00:00:00+00:00,302,4545,0.0,0.0,0.0,0.0,0.0,0.0,0.0,0.0,0.0,0.0,0.0,0.0,0.0,0.0,0.0,0.0,0.0,0.0,0.0,0.0,0.0
2025-10-10 00:15:00+00:00,303,4560,0.0,0.0,0.0,0.0,0.0,0.0,0.0,0.0,0.0,0.0,0.0,0.0,0.0,0.0,0.0,0.0,0.0,0.0,0.0,0.0,0.0
2025-10-10 00:30:00+00:00,304,4575,0.0,0.0,0.0,0.0,0.0,0.0,0.0,0.0,0.0,0.0,0.0,0.0,0.0,0.0,0.0,0.0,0.0,0.0,0.0,0.0,0.0
2025-10-10 00:45:00+00:00,305,4590,0.0,0.0,0.0,0.0,0.0,0.0,0.0,0.0,0.0,0.0,0.0,0.0,0.0,0.0,0.0,0.0,0.0,0.0,0.0,0.0,0.0
2025-10-10 01:00:00+00:00,306,4605,0.0,0.0,0.0,0.0,0.0,0.0,0.0,0.0,0.0,0.0,0.0,0.0,0.0,0.0,0.0,0.0,0.0,0.0,0.0,0.0,0.0
2025-10-10 01:15:00+00:00,307,4620,0.0,0.0,0.0,0.0,0.0,0.0,0.0,0.0,0.0,0.0,0.0,0.0,0.0,0.0,0.0,0.0,0.0,0.0,0.0,0.0,0.0
2025-10-10 01:30:00+00:00,308,4635,0.0,0.0,0.0,0.0,0.0,0.0,0.0,0.0,0.0,0.0,0.0,0.0,0.0,0.0,0.0,0.0,0.0,0.0,0.0,0.0,0.0
2025-10-10 01:45:00+00:00,309,4650,0.0,0.0,0.0,0.0,0.0,0.0,0.0,0.0,0.0,0.0,0.0,0.0,0.0,0.0,0.0,0.0,0.0,0.0,0.0,0.0,0.0
2025-10-10 02:00:00+00:00,310,4665,0.0,0.0,0.0,0.0,0.0,0.0,0.0,0.0,0.0,0.0,0.0,0.0,0.0,0.0,0.0,0.0,0.0,0.0,0.0,0.0,0.0
2025-10-10 02:15:00+00:00,311,4680,0.0,0.0,0.0,0.0,0.0,0.0,0.0,0.0,0.0,0.0,0.0,0.0,0.0,0.0,0.0,0.0,0.0,0.0,0.0,0.0,0.0
2025-10-10 02:30:00+00:00,312,4695,0.0,0.0,0.0,0.0,0.0,0.0,0.0,0.0,0.0,0.0,0.0,0.0,0.0,0.0,0.0,0.0,0.0,0.0,0.0,0.0,0.0
2025-10-10 02:45:00+00:00,313,4710,0.0,0.0,0.0,0.0,0.0,0.0,0.0,0.0,0.0,0.0,0.0,0.0,0.0,0.0,0.0,0.0,0.0,0.0,0.0,0.0,0.0
2025-10-10 03:00:00+00:00,314,4725,0.0,0.0,0.0,0.0,0.0,0.0,0.0,0.0,0.0,0.0,0.0,0.0,0.0,0.0,0.0,0.0,0.0,0.0,0.0,0.0,0.0
2025-10-10 03:15:00+00:00,315,4740,0.0,0.0,0.0,0.0,0.0,0.0,0.0,0.0,0.0,0.0,0.0,0.0,0.0,0.0,0.0,0.0,0.0,0.0,0.0,0.0,0.0
2025-10-10 03:30:00+00:00,316,4755,0.0,0.0,0.0,0.0,0.0,0.0,0.0,0.0,0.0,0.0,0.0,0.0,0.0,0.0,0.0,0.0,0.0,0.0,0.0,0.0,0.0
2025-10-10 03:45:00+00:00,317,4770,0.0,0.0,0.0,0.0,0.0,0.0,0.0,0.0,0.0,0.0,0.0,0.0,0.0,0.0,0.0,0.0,0.0,0.0,0.0,0.0,0.0
2025-10-10 04:00:00+00:00,318,4785,0.0,0.0,0.0,0.0,0.0,0.0,0.0,0.0,0.0,0.0,0.0,0.0,0.0,0.0,0.0,0.0,0.0,0.0,0.0,0.0,0.0
2025-10-10 04:15:00+00:00,319,4800,0.0,0.0,0.0,0.0,0.0,0.0,0.0,0.0,0.0,0.0,0.0,0.0,0.0,0.0,0.0,0.0,0.0,0.0,0.0,0.0,0.0
2025-10-10 04:30:00+00:00,320,4815,0.0,0.0,0.0,0.0,0.0,0.0,0.0,0.0,0.0,0.0,0.0,0.0,0.0,0.0,0.0,0.0,0.0,0.0,0.0,0.0,0.0
2025-10-10 04:45:00+00:00,321,4830,0.0,0.0,0.0,0.0,0.0,0.0,0.0,0.0,0.0,0.0,0.0,0.0,0.0,0.0,0.0,0.0,0.0,0.0,0.0,0.0,0.0
2025-10-10 05:00:00+00:00,322,4845,0.0,0.0,0.0,0.0,0.0,0.0,0.0,0.0,0.0,0.0,0.0,0.0,0.0,0.0,0.0,0.0,0.0,0.0,0.0,0.0,0.0
2025-10-10 05:15:00+00:00,323,4860,0.0,0.0,0.0,0.0,0.0,0.0,0.0,0.0,0.0,0.0,0.0,0.0,0.0,0.0,0.0,0.0,0.0,0.0,0.0,0.0,0.0
2025-10-10 05:30:00+00:00,324,4875,0.5873884326672182,1.561192676328616,4.0251202467925085,5.691854287325584,6.832033816754992,8.052948257223498,9.7262276250669,11.51723321611411,14.501451990710944,16.203627302384668,19.527448287489214,22.39238815091165,24.11152739678294,26.919977127778623,31.474085266219696,34.04511373573356,37.050034361011754,41.24965392054422,46.497884003938616,64.92340028759935,19.469435661444592
2025-10-10 05:45:00+00:00,325,4890,72.29512733002473,90.4430896547126,125.73372143982193,152.81039560126953,172.1835098064496,186.8746319400819,205.43722606844054,239.74559196843921,270.66398817465625,316.27289179969335,332.78624432852484,376.0986531569714,419.61042287274165,468.97238229021775,532.7351528332547,624.6100538657614,683.6914797600933,727.5547072270423,842.2936803099691,1147.286795978231,367.8220108940027
2025-10-10 06:00:00+00:00,326,4905,214.07143665726602,333.60157766335544,454.6482251160004,571.2135714944825,690.8631302674481,872.4510613877665,983.408177807805,1190.304345926186,1298.3663449270423,1416.5525273356386,1611.8076802508754,1831.5677658064242,1981.116020476694,2286.0016771443165,2625.2030668284847,2875.8872944526915,3042.3071274617405,3383.2747519862082,3928.1925284048775,4987.622581316478,1687.2175316641542
2025-10-10 06:15:00+00:00,327,4920,368.56433526556225,625.0667234204712,897.5842724831566,1145.6999095673548,1387.137683470213,1743.2035167345507,2060.4338314519523,2329.132355247595,2522.3790991705973,2923.0855122468306,3314.021049022322,3601.9347945593504,4102.000437840318,4702.610253339819,5127.368045976282,5560.482756860929,5920.032610836592,6559.237415097322,7441.745522603943,9441.657038236848,3316.5527679675783
2025-10-10 06:30:00+00:00,328,4935,503.69380830766414,1045.8564680797951,1368.700133976317,1882.0843645181828,2375.7722490782317,2703.5903257583655,3207.3991976207467,3542.6037156303287,4095.0640968617595,4616.615826610614,5096.797193847965,5749.411400007931,6698.143419748769,7293.706542630331,8009.182963187713,8351.695902387195,9240.476239165273,10202.207054714496,11018.489041839804,13988.263253761288,5141.264946320647
2025-10-10 06:45:00+00:00,329,4950,802.6608384946915,1437.9520578461336,2288.6217811554557,3056.2620748827017,3939.9795799732888,4289.0236806653365,4651.529002604597,5282.466817700745,6175.826974073183,6764.375299038963,7864.130384810749,8910.568106500503,9735.707044540823,10589.848814589315,11021.571042702522,11782.564508572446,12670.984524926735,13678.908280254467,14496.346564854328,18798.770713218128,7363.17512611792
2025-10-10 07:00:00+00:00,330,4965,1455.4675626269727,2298.6123534255266,3580.0111912332727,4751.973866265183,5340.6317661347575,5814.721797267369,6554.303077020077,7888.3293965301955,8985.132838667041,10114.771629673078,11263.061853501975,12507.055763753318,13359.808935400077,14199.929910337716,14902.77510576045,15874.531712161785,16644.901275431064,17538.867377643055,18162.707344179827,23510.344187905142,10050.58099583342
2025-10-10 07:15:00+00:00,331,4980,1924.0146379396351,4844.280472077839,5791.1137369550615,6593.297328430228,7261.54465885427,8215.16707959946,10031.722761366504,11437.448090831374,12343.278935404984,13721.832826978063,15026.466469661707,16127.500243674618,17171.882902745172,18001.32145556027,18980.832055318322,19860.5527013787,20745.603941144556,21381.40704360306,21957.99201730732,28167.482618224116,13177.026910327282
2025-10-10 07:30:00+00:00,332,4995,3258.5736401041577,6370.4392430626585,7616.991195596302,8436.395583550056,9352.478528499345,11253.784331147463,12841.467033398812,14057.227320956928,15286.458520779668,16953.031189235247,18589.78698991201,19327.604804196046,20521.384452449223,21817.98823773523,22729.51596573429,23891.129962085677,24403.530937835578,25298.882339802225,25787.294202778772,32697.87074999667,16142.244739970676
2025-10-10 07:45:00+00:00,333,5010,3792.978660519592,6894.737175516785,8568.410540843413,9592.210604756136,10635.14550631691,13419.019520442756,15254.477658645581,17185.149344605223,18727.96733378826,21022.35241623566,21846.341841290512,22992.312672578544,23916.189797268937,25456.20145040988,26437.823192854918,27550.809983028703,28258.03358309179,28984.791754879625,29409.968917302813,37048.32189786825,18858.532186131786
2025-10-10 08:00:00+00:00,334,5025,4791.9284619077835,7762.617439200476,9784.766878730932,10793.945676843203,12044.287229570295,14438.000378985733,16733.712700817592,18450.69697911222,20513.292284528143,22401.987147348493,24768.939298474896,26120.496525770657,27382.064219507993,28846.674235210852,30443.347966924073,31077.74315339874,31922.08345183129,32593.237694901538,33017.23406072411,41423.13271086376,21164.783885670004
2025-10-10 08:15:00+00:00,335,5040,5109.815424050975,7727.580615956466,10066.386617349093,11524.289222576397,13188.53587511647,15440.089572682027,17659.11865079195,19905.00267259585,22253.12718391068,24356.304376157404,26822.940119055347,28758.747545165577,29989.674800276753,31958.804515564298,33602.420728464094,34319.09869528595,35207.05405953484,35798.58562415001,36273.27385615312,45388.06885708725,23067.717394462594
2025-10-10 08:30:00+00:00,336,5055,5732.712241859487,7594.079586715818,10492.384779833754,11928.392373656294,13800.287213763913,16297.108007521303,18843.225393132543,20928.583882517894,23823.61568430843,26464.63935949406,29397.16212891712,31588.77723112332,33370.92286399933,35287.64986886955,36609.69722056389,37275.983426294515,38110.311745011284,38784.52329042795,39249.00206642436,49057.203426858636,24938.057767459624
2025-10-10 08:45:00+00:00,337,5070,6172.703151321213,8418.29585310588,11197.807897690742,12814.018421633138,14862.073982562162,17484.481256272666,19515.821924453663,21445.07198111595,24608.662817973334,28186.86314349173,31282.852369824028,33574.216174172456,35459.12898022191,37692.050538712094,39080.53854616957,39683.12203190814,40681.45253978461,41488.69291627972,41986.98085478753,52408.696120816334,26534.713980049404
2025-10-10 09:00:00+00:00,338,5085,6625.177764419709,9068.62219645571,11861.822605227582,13723.594673000951,16265.295596650496,19111.635621744394,21082.445879852556,23112.068048897032,28406.60413427759,32947.98251888165,34782.413339699226,36320.23185126073,38704.976503844424,40474.195933508265,41432.12331122658,42347.197717502764,43117.91813688288,43909.79039533657,44392.49599924742,55424.05932160241,28706.300537835592
2025-10-10 09:15:00+00:00,339,5100,6754.530094612716,9819.448799265789,12935.43642229295,14868.452196709944,17938.973443718136,20627.285162113803,22676.050626390843,25187.298878842044,31735.627380664446,34765.028434882384,36656.88383642902,38945.511623682556,41289.485651149604,42626.82177084113,43443.06323145446,44450.857081066926,45302.8567519377,46071.87229307801,46589.292930444404,58087.50587760158,30520.57131760123
2025-10-10 09:30:00+00:00,340,5115,6825.29929219875,10168.141395676508,13393.910906862913,15083.347286224118,18645.308914562625,21373.549874442888,23643.202907311137,25554.57221955532,32841.072638160425,35972.24817347638,38027.98527329716,40621.10381801945,42556.91750491971,43932.224070953926,44970.45060011069,45572.4540882177,46840.98254050682,47789.4082315484,48349.707577433204,60385.592210259834,31549.134770266377
2025-10-10 09:45:00+00:00,341,5130,7094.520083885059,11400.427466272438,13982.684663669743,15800.020243279267,20322.661140394426,22580.46881791007,25380.864998387387,29694.969144236402,35523.15961906039,37575.117467083415,39441.29479883343,42371.115055957176,44578.46971594949,45574.25630717139,46437.990416381595,47337.94039377244,48337.03886072727,49263.631155240226,49813.67404385982,62307.03551442406,33007.48110238689
2025-10-10 10:00:00+00:00,342,5145,7650.926889871703,12700.548085152806,14932.079024066898,18680.30438002995,22484.89833720398,24111.55189182323,26947.39875676948,31270.047967272087,37168.94562491656,38797.13457994872,40452.945293397206,43303.26752919873,45058.056023952115,46459.089855506456,47421.9703643509,48269.68901543539,49391.3533882541,50361.564159073634,51039.87864556814,63842.633016441745,34244.573408358876
2025-10-10 10:15:00+00:00,343,5160,8457.231703123602,12884.111381245315,16347.05446048774,20013.291116427776,23655.587562908786,26150.267392929014,28174.207423360367,32311.72846148614,37650.58808687527,39595.2955476917,41500.37132469295,44522.18568986484,46297.5639397054,47363.162400544286,48361.038889721625,49293.74004459139,50578.0550727031,51529.56518517735,52269.79270676241,64985.23918940931,35370.14466142663
2025-10-10 10:30:00+00:00,344,5175,9246.239873487588,13633.57160386822,17239.38496814554,21207.290457874788,24325.538718467957,27463.622925133513,29634.742559131744,33749.282153733395,38559.03114555415,40297.812657439536,42062.10607213287,44119.91403311461,46545.03141645615,47802.02239146809,48482.397487835224,49666.425303066404,51061.15413436041,52327.52868639898,53325.52941484707,65729.77389440981,36098.37215067807
2025-10-10 10:45:00+00:00,345,5190,9681.496521492816,15109.07787308083,18533.67815683017,22272.20423762113,24977.692881457435,27995.953662432818,30175.82684569681,34394.78563845954,39144.06817177457,40873.22534474798,42398.24008047396,44703.07433658636,46790.69404548308,48002.45027489193,48705.07157648234,49624.362935577694,50712.691968645966,52199.13547810537,53540.986138245375,66073.24464359939,36568.56257681433
2025-10-10 11:00:00+00:00,346,5205,10043.73817906344,15710.599979793144,19927.04203637929,22973.291063767112,25273.28302711228,28637.233531500584,31711.745897223987,36547.40798853872,40096.75408840468,41685.28928453399,42789.28363529205,45655.97652393892,47275.476061739086,48338.64508641099,48875.29151931125,49807.84728619251,50714.08230987457,52141.22286181226,53516.259069395695,66014.77251729212,37164.294271810766
2025-10-10 11:15:00+00:00,347,5220,9996.527704256468,16033.07551224494,21498.24319670958,23939.256234136137,25641.146070173236,29172.91173280923,33070.43128802362,36428.23853429725,39942.984409118646,41856.17837754348,43957.25172998121,46012.17673560527,47320.94362391684,48137.67556383339,48635.27955264876,49411.27672734618,50403.365965660465,51789.05211376028,53039.65177949236,65555.61602588723,37378.75804187417
2025-10-10 11:30:00+00:00,348,5235,9226.534008755927,16696.1130847855,21391.302177218076,23744.57594669837,26634.165139166384,29379.65731573754,33195.164524384105,36776.51179751794,39496.376165347785,41384.70876571055,43769.30365005798,45597.06756711094,46693.303260739165,47394.25698360515,47880.131811963765,48820.120324345255,49812.56295170475,51024.31334306703,52197.69881586639,64699.19057363023,37097.93281730714
2025-10-10 11:45:00+00:00,349,5250,8880.58751428132,14716.340552897327,20326.439116875776,22661.307305712755,24387.35415791175,27974.848080629956,32406.430294172824,35459.49416683212,38392.16203808648,40101.13056947373,42575.65894582153,44111.1677473861,45267.396629975796,46059.74725405641,46467.89865140395,47662.86714173882,48545.94582037368,49729.44148624104,50806.548914644714,63451.084148030364,35811.26698948131
2025-10-10 12:00:00+00:00,350,5265,8111.727907789499,13878.089382078078,19088.75539405711,22037.38037775069,24859.603662816367,27562.897451948476,32668.246784664156,35448.85212056187,37418.16958267598,39040.054115043706,41557.052995415856,42865.9487315077,43650.180223073825,44380.86087340176,44982.114854245076,46087.8695679504,47052.71308884673,48184.84309428348,49255.70853745007,61819.072918273225,34849.66626412251
2025-10-10 12:15:00+00:00,351,5280,8573.875642097408,15357.692362443935,18909.809677044577,21257.535294145233,24101.638886232195,26713.8096604543,31045.151007235636,33303.3003937324,35375.609459422805,36787.58962724349,38958.003795010874,40380.597928497686,41359.16088744245,42288.023471942724,42959.46921419134,43749.544052239704,45274.662183730215,46580.636004338034,47267.99619171677,59813.143436638435,33372.608545316296
2025-10-10 12:30:00+00:00,352,5295,6399.266163401157,12311.632776401813,16689.304920656403,19184.178782425523,21894.615557402365,24264.976048245786,28814.09100548544,31506.65280653131,33588.49559451107,35110.5597984177,37167.75512410131,38633.279456684366,39754.62021051252,40670.12121770508,41171.28416831571,41794.74696033336,43134.25588663386,44166.747532899164,45173.76876703023,57445.53225217748,31353.590505876193
2025-10-10 12:45:00+00:00,353,5310,10763.988406367527,14360.06873850846,17510.929249941357,20554.641396998213,23389.82020639016,27164.347083860375,28979.099685945814,30729.206771578505,32393.976216166997,33626.67796007355,35501.06611903097,36902.794587990444,37827.37752641321,38569.057079211845,39087.38170731594,39959.64828214838,40958.78208777569,41949.68468206342,42760.634078021554,54730.79913059983,30851.227732833235
2025-10-10 13:00:00+00:00,354,5325,10580.634732315912,14261.428823680959,16435.459461198367,18714.793463206413,21174.621935538184,24561.797789012533,26619.431862408375,28213.09176625423,29563.540401496695,31035.76866093617,32734.88231642182,34392.567102987414,35393.270353144224,36130.32445985222,36721.941243955815,37513.1179116204,38503.95381772689,39438.82849671997,40223.41906541505,51685.95761127755,28849.386142490912
2025-10-10 13:15:00+00:00,355,5340,9918.745877217396,13527.376180286185,15388.472771337183,17437.184092539508,19188.187679644903,21783.749659915462,24161.82900347067,25510.59718666418,27072.90724927029,28565.339507611447,29694.689990828814,31553.138496265106,32782.916511345255,33562.892992029956,34177.61964427196,35106.05775621985,36132.904397428705,37045.843989867695,37775.18145490083,48330.69898920758,26678.700475700694
2025-10-10 13:30:00+00:00,356,5355,9070.244213325937,12708.368571146253,14750.458699944886,16061.695340181752,17660.8631071089,20101.706545176196,22262.149539333488,23492.672207531527,24862.289185668986,26236.777044727194,27424.717205160086,29069.22807651142,30295.615444341485,31088.25686882525,31719.303417208226,32583.23228547009,33518.40323507412,34387.10790405049,35026.290009928365,44687.764698389496,24688.078309746343
2025-10-10 13:45:00+00:00,357,5370,7673.327839733398,10435.110585016428,13044.316643220967,14140.055281363107,15816.645535308216,18126.642507048517,19907.129028503947,21107.770367709087,22500.725424769986,23766.944982851728,24970.06291159588,26219.681810904323,27491.088795171534,28257.58866549289,28781.07546451867,29630.583164987787,30357.689546144833,31244.24079512144,31692.337844637965,40783.55220666408,22218.80094600846
2025-10-10 14:00:00+00:00,358,5385,6008.368896889169,8626.603334240957,10283.578028837223,12122.248043466705,13317.66707214435,15078.775493911653,16981.4335112891,18038.443216249485,19555.446679974924,20673.648681510236,21515.479408316434,22485.80179711495,23775.34104421692,24733.064159241687,25425.491653815094,26139.280552584747,26853.195546586747,27608.384385713794,28136.554374701624,36568.84905120432,19252.161136839553
2025-10-10 14:15:00+00:00,359,5400,5155.761216050441,7346.70135167912,8820.366627789317,10177.776550529292,10998.63074402207,12120.730098032986,13555.88157423849,15134.09145585311,16503.397796396817,17673.57474001518,18586.785402850608,19587.90594350383,20403.885656133436,21197.521379185087,21995.612515625187,22555.176106316998,23557.52213975035,24197.917823933072,24917.686295212457,32218.826915091202,16831.04544259401
2025-10-10 14:30:00+00:00,360,5415,4215.033026252349,5460.808839696104,6952.659859064882,8157.3401643533725,9166.640417009427,10000.114877704607,10874.148677787207,11775.954309329874,13071.35567958218,14336.578290503037,15481.318457423207,16382.578960621624,17152.394239940808,17897.14925555976,18537.49875429958,19223.922375189268,19884.349288914265,20758.128007917578,21564.80428003186,27844.5262371804,14001.574246079748
2025-10-10 14:45:00+00:00,361,5430,3282.6131612873755,4212.089636611744,5098.9863815928875,6200.127924667225,7194.85956780915,7952.506120018009,8649.515871685862,9426.5024208876,10158.621232461772,11280.600872535708,12218.448029261084,13102.521294557302,13787.9845337545,14336.553097411752,14930.139815420067,15473.952192178202,16120.571426000803,16701.69004407554,17639.098743209906,23384.81513020393,11186.090254404447
2025-10-10 15:00:00+00:00,362,5445,2613.9207769877107,3317.6500851251576,3947.3529204156953,4766.938750184021,5556.223628386859,6423.8569289162,6926.301467099115,7493.753726027714,8042.663825997592,9004.232454047342,9622.555221565879,10404.65408728582,10951.72051120866,11389.592435720853,11889.669109182158,12393.571451781227,12979.05208435749,13428.413869050664,14255.620067216347,18908.226523024045,8913.419258661976
2025-10-10 15:15:00+00:00,363,5460,1915.779399349936,2516.8154458821564,3085.19124922858,3675.315516867026,4125.766853355675,4706.993837710544,5139.087015115986,5678.5164773249735,6001.3382628536365,6460.180405104745,6974.235401969482,7535.635423434405,7965.134631230403,8500.15933697812,8736.822280974477,9187.78772219215,9531.038482034332,10056.817846295788,10773.097235399799,14504.793269804602,6640.784282437224
2025-10-10 15:30:00+00:00,364,5475,1330.5899629856576,1722.875689936332,2070.1866042391825,2589.0015234410616,2923.8238411072803,3269.0014015399875,3524.5031174610117,3957.4609322351203,4161.879065903762,4419.851313889531,4680.9122154024635,4981.479137292395,5326.254132629619,5553.016798917289,5957.847087392461,6277.826613020438,6594.829532339806,7083.1282699885805,7795.298204622763,10098.135454540768,4520.448524273083
2025-10-10 15:45:00+00:00,365,5490,822.1251726050986,1036.6489397533255,1263.998780034858,1543.876015732207,1710.8300152498007,1945.5527644895526,2123.3700829119643,2310.109254159885,2513.341717371791,2642.37439129911,2812.9494815993094,2995.893275081503,3257.4708036636425,3432.7444209210976,3669.5479782527223,3824.026390781135,4045.9483887687747,4473.756305503799,4896.100593384617,6244.899491742535,2746.8062048241
2025-10-10 16:00:00+00:00,366,5505,227.45305020802678,395.0350526365415,495.91814999980505,580.2132915608821,669.9722647151928,719.3381961736343,805.8680786112002,885.7185193196545,974.8895300803983,1045.6810216849628,1094.2304976917649,1153.4236593458108,1236.7055792202032,1337.9178703153373,1426.2869297277812,1524.930592449225,1629.9350730523856,1797.5332216454015,1976.8600737776449,2491.646829437404,1073.1195241474566
2025-10-10 16:15:00+00:00,367,5520,36.14427210954872,51.43844566340531,79.32384602408477,98.69952657818112,116.08867222018877,128.73851292806233,138.39390139766704,154.74528148448397,172.4868873073059,187.351675895134,194.92921486684193,201.4940840818655,212.61916625045254,226.98665899437424,249.72316961276974,264.0631046659302,287.49232563532667,312.1334888565733,344.4239509533464,452.5345359997601,183.60292491169707
2025-10-10 16:30:00+00:00,368,5535,0.0004966421911182664,0.0008300989059944329,0.0011096780851649654,0.0013462726888579509,0.0016565195861097599,0.001898522729936595,0.00216423254348937,0.002416793569339054,0.002675520844765919,0.0029608421598834836,0.0031994496928003766,0.0033385806661276373,0.003502815964982377,0.003680015637856002,0.0039575896121331455,0.004282692398214549,0.004570333305948022,0.005045739405845821,0.005531467761420588,0.00723883020226313,0.00291771062604045
2025-10-10 16:45:00+00:00,369,5550,0.0,0.0,0.0,0.0,0.0,0.0,0.0,0.0,0.0,0.0,0.0,0.0,0.0,0.0,0.0,0.0,0.0,0.0,0.0,0.0,0.0
2025-10-10 17:00:00+00:00,370,5565,0.0,0.0,0.0,0.0,0.0,0.0,0.0,0.0,0.0,0.0,0.0,0.0,0.0,0.0,0.0,0.0,0.0,0.0,0.0,0.0,0.0
2025-10-10 17:15:00+00:00,371,5580,0.0,0.0,0.0,0.0,0.0,0.0,0.0,0.0,0.0,0.0,0.0,0.0,0.0,0.0,0.0,0.0,0.0,0.0,0.0,0.0,0.0
2025-10-10 17:30:00+00:00,372,5595,0.0,0.0,0.0,0.0,0.0,0.0,0.0,0.0,0.0,0.0,0.0,0.0,0.0,0.0,0.0,0.0,0.0,0.0,0.0,0.0,0.0
2025-10-10 17:45:00+00:00,373,5610,0.0,0.0,0.0,0.0,0.0,0.0,0.0,0.0,0.0,0.0,0.0,0.0,0.0,0.0,0.0,0.0,0.0,0.0,0.0,0.0,0.0
2025-10-10 18:00:00+00:00,374,5625,0.0,0.0,0.0,0.0,0.0,0.0,0.0,0.0,0.0,0.0,0.0,0.0,0.0,0.0,0.0,0.0,0.0,0.0,0.0,0.0,0.0
2025-10-10 18:15:00+00:00,375,5640,0.0,0.0,0.0,0.0,0.0,0.0,0.0,0.0,0.0,0.0,0.0,0.0,0.0,0.0,0.0,0.0,0.0,0.0,0.0,0.0,0.0
2025-10-10 18:30:00+00:00,376,5655,0.0,0.0,0.0,0.0,0.0,0.0,0.0,0.0,0.0,0.0,0.0,0.0,0.0,0.0,0.0,0.0,0.0,0.0,0.0,0.0,0.0
2025-10-10 18:45:00+00:00,377,5670,0.0,0.0,0.0,0.0,0.0,0.0,0.0,0.0,0.0,0.0,0.0,0.0,0.0,0.0,0.0,0.0,0.0,0.0,0.0,0.0,0.0
2025-10-10 19:00:00+00:00,378,5685,0.0,0.0,0.0,0.0,0.0,0.0,0.0,0.0,0.0,0.0,0.0,0.0,0.0,0.0,0.0,0.0,0.0,0.0,0.0,0.0,0.0
2025-10-10 19:15:00+00:00,379,5700,0.0,0.0,0.0,0.0,0.0,0.0,0.0,0.0,0.0,0.0,0.0,0.0,0.0,0.0,0.0,0.0,0.0,0.0,0.0,0.0,0.0
2025-10-10 19:30:00+00:00,380,5715,0.0,0.0,0.0,0.0,0.0,0.0,0.0,0.0,0.0,0.0,0.0,0.0,0.0,0.0,0.0,0.0,0.0,0.0,0.0,0.0,0.0
2025-10-10 19:45:00+00:00,381,5730,0.0,0.0,0.0,0.0,0.0,0.0,0.0,0.0,0.0,0.0,0.0,0.0,0.0,0.0,0.0,0.0,0.0,0.0,0.0,0.0,0.0
2025-10-10 20:00:00+00:00,382,5745,0.0,0.0,0.0,0.0,0.0,0.0,0.0,0.0,0.0,0.0,0.0,0.0,0.0,0.0,0.0,0.0,0.0,0.0,0.0,0.0,0.0
2025-10-10 20:15:00+00:00,383,5760,0.0,0.0,0.0,0.0,0.0,0.0,0.0,0.0,0.0,0.0,0.0,0.0,0.0,0.0,0.0,0.0,0.0,0.0,0.0,0.0,0.0
2025-10-10 20:30:00+00:00,384,5775,0.0,0.0,0.0,0.0,0.0,0.0,0.0,0.0,0.0,0.0,0.0,0.0,0.0,0.0,0.0,0.0,0.0,0.0,0.0,0.0,0.0
2025-10-10 20:45:00+00:00,385,5790,0.0,0.0,0.0,0.0,0.0,0.0,0.0,0.0,0.0,0.0,0.0,0.0,0.0,0.0,0.0,0.0,0.0,0.0,0.0,0.0,0.0
2025-10-10 21:00:00+00:00,386,5805,0.0,0.0,0.0,0.0,0.0,0.0,0.0,0.0,0.0,0.0,0.0,0.0,0.0,0.0,0.0,0.0,0.0,0.0,0.0,0.0,0.0
2025-10-10 21:15:00+00:00,387,5820,0.0,0.0,0.0,0.0,0.0,0.0,0.0,0.0,0.0,0.0,0.0,0.0,0.0,0.0,0.0,0.0,0.0,0.0,0.0,0.0,0.0
2025-10-10 21:30:00+00:00,388,5835,0.0,0.0,0.0,0.0,0.0,0.0,0.0,0.0,0.0,0.0,0.0,0.0,0.0,0.0,0.0,0.0,0.0,0.0,0.0,0.0,0.0
2025-10-10 21:45:00+00:00,389,5850,0.0,0.0,0.0,0.0,0.0,0.0,0.0,0.0,0.0,0.0,0.0,0.0,0.0,0.0,0.0,0.0,0.0,0.0,0.0,0.0,0.0
2025-10-10 22:00:00+00:00,390,5865,0.0,0.0,0.0,0.0,0.0,0.0,0.0,0.0,0.0,0.0,0.0,0.0,0.0,0.0,0.0,0.0,0.0,0.0,0.0,0.0,0.0
2025-10-10 22:15:00+00:00,391,5880,0.0,0.0,0.0,0.0,0.0,0.0,0.0,0.0,0.0,0.0,0.0,0.0,0.0,0.0,0.0,0.0,0.0,0.0,0.0,0.0,0.0
2025-10-10 22:30:00+00:00,392,5895,0.0,0.0,0.0,0.0,0.0,0.0,0.0,0.0,0.0,0.0,0.0,0.0,0.0,0.0,0.0,0.0,0.0,0.0,0.0,0.0,0.0
2025-10-10 22:45:00+00:00,393,5910,0.0,0.0,0.0,0.0,0.0,0.0,0.0,0.0,0.0,0.0,0.0,0.0,0.0,0.0,0.0,0.0,0.0,0.0,0.0,0.0,0.0
2025-10-10 23:00:00+00:00,394,5925,0.0,0.0,0.0,0.0,0.0,0.0,0.0,0.0,0.0,0.0,0.0,0.0,0.0,0.0,0.0,0.0,0.0,0.0,0.0,0.0,0.0
2025-10-10 23:15:00+00:00,395,5940,0.0,0.0,0.0,0.0,0.0,0.0,0.0,0.0,0.0,0.0,0.0,0.0,0.0,0.0,0.0,0.0,0.0,0.0,0.0,0.0,0.0
2025-10-10 23:30:00+00:00,396,5955,0.0,0.0,0.0,0.0,0.0,0.0,0.0,0.0,0.0,0.0,0.0,0.0,0.0,0.0,0.0,0.0,0.0,0.0,0.0,0.0,0.0
2025-10-10 23:45:00+00:00,397,5970,0.0,0.0,0.0,0.0,0.0,0.0,0.0,0.0,0.0,0.0,0.0,0.0,0.0,0.0,0.0,0.0,0.0,0.0,0.0,0.0,0.0
2025-10-11 00:00:00+00:00,398,5985,0.0,0.0,0.0,0.0,0.0,0.0,0.0,0.0,0.0,0.0,0.0,0.0,0.0,0.0,0.0,0.0,0.0,0.0,0.0,0.0,0.0
2025-10-11 00:15:00+00:00,399,6000,0.0,0.0,0.0,0.0,0.0,0.0,0.0,0.0,0.0,0.0,0.0,0.0,0.0,0.0,0.0,0.0,0.0,0.0,0.0,0.0,0.0
2025-10-11 00:30:00+00:00,400,6015,0.0,0.0,0.0,0.0,0.0,0.0,0.0,0.0,0.0,0.0,0.0,0.0,0.0,0.0,0.0,0.0,0.0,0.0,0.0,0.0,0.0
2025-10-11 00:45:00+00:00,401,6030,0.0,0.0,0.0,0.0,0.0,0.0,0.0,0.0,0.0,0.0,0.0,0.0,0.0,0.0,0.0,0.0,0.0,0.0,0.0,0.0,0.0
2025-10-11 01:00:00+00:00,402,6045,0.0,0.0,0.0,0.0,0.0,0.0,0.0,0.0,0.0,0.0,0.0,0.0,0.0,0.0,0.0,0.0,0.0,0.0,0.0,0.0,0.0
2025-10-11 01:15:00+00:00,403,6060,0.0,0.0,0.0,0.0,0.0,0.0,0.0,0.0,0.0,0.0,0.0,0.0,0.0,0.0,0.0,0.0,0.0,0.0,0.0,0.0,0.0
2025-10-11 01:30:00+00:00,404,6075,0.0,0.0,0.0,0.0,0.0,0.0,0.0,0.0,0.0,0.0,0.0,0.0,0.0,0.0,0.0,0.0,0.0,0.0,0.0,0.0,0.0
2025-10-11 01:45:00+00:00,405,6090,0.0,0.0,0.0,0.0,0.0,0.0,0.0,0.0,0.0,0.0,0.0,0.0,0.0,0.0,0.0,0.0,0.0,0.0,0.0,0.0,0.0
2025-10-11 02:00:00+00:00,406,6105,0.0,0.0,0.0,0.0,0.0,0.0,0.0,0.0,0.0,0.0,0.0,0.0,0.0,0.0,0.0,0.0,0.0,0.0,0.0,0.0,0.0
2025-10-11 02:15:00+00:00,407,6120,0.0,0.0,0.0,0.0,0.0,0.0,0.0,0.0,0.0,0.0,0.0,0.0,0.0,0.0,0.0,0.0,0.0,0.0,0.0,0.0,0.0
2025-10-11 02:30:00+00:00,408,6135,0.0,0.0,0.0,0.0,0.0,0.0,0.0,0.0,0.0,0.0,0.0,0.0,0.0,0.0,0.0,0.0,0.0,0.0,0.0,0.0,0.0
2025-10-11 02:45:00+00:00,409,6150,0.0,0.0,0.0,0.0,0.0,0.0,0.0,0.0,0.0,0.0,0.0,0.0,0.0,0.0,0.0,0.0,0.0,0.0,0.0,0.0,0.0
2025-10-11 03:00:00+00:00,410,6165,0.0,0.0,0.0,0.0,0.0,0.0,0.0,0.0,0.0,0.0,0.0,0.0,0.0,0.0,0.0,0.0,0.0,0.0,0.0,0.0,0.0
2025-10-11 03:15:00+00:00,411,6180,0.0,0.0,0.0,0.0,0.0,0.0,0.0,0.0,0.0,0.0,0.0,0.0,0.0,0.0,0.0,0.0,0.0,0.0,0.0,0.0,0.0
2025-10-11 03:30:00+00:00,412,6195,0.0,0.0,0.0,0.0,0.0,0.0,0.0,0.0,0.0,0.0,0.0,0.0,0.0,0.0,0.0,0.0,0.0,0.0,0.0,0.0,0.0
2025-10-11 03:45:00+00:00,413,6210,0.0,0.0,0.0,0.0,0.0,0.0,0.0,0.0,0.0,0.0,0.0,0.0,0.0,0.0,0.0,0.0,0.0,0.0,0.0,0.0,0.0
2025-10-11 04:00:00+00:00,414,6225,0.0,0.0,0.0,0.0,0.0,0.0,0.0,0.0,0.0,0.0,0.0,0.0,0.0,0.0,0.0,0.0,0.0,0.0,0.0,0.0,0.0
2025-10-11 04:15:00+00:00,415,6240,0.0,0.0,0.0,0.0,0.0,0.0,0.0,0.0,0.0,0.0,0.0,0.0,0.0,0.0,0.0,0.0,0.0,0.0,0.0,0.0,0.0
2025-10-11 04:30:00+00:00,416,6255,0.0,0.0,0.0,0.0,0.0,0.0,0.0,0.0,0.0,0.0,0.0,0.0,0.0,0.0,0.0,0.0,0.0,0.0,0.0,0.0,0.0
2025-10-11 04:45:00+00:00,417,6270,0.0,0.0,0.0,0.0,0.0,0.0,0.0,0.0,0.0,0.0,0.0,0.0,0.0,0.0,0.0,0.0,0.0,0.0,0.0,0.0,0.0
2025-10-11 05:00:00+00:00,418,6285,0.0,0.0,0.0,0.0,0.0,0.0,0.0,0.0,0.0,0.0,0.0,0.0,0.0,0.0,0.0,0.0,0.0,0.0,0.0,0.0,0.0
2025-10-11 05:15:00+00:00,419,6300,0.0,0.0,0.0,0.0,0.0,0.0,0.0,0.0,0.0,0.0,0.0,0.0,0.0,0.0,0.0,0.0,0.0,0.0,0.0,0.0,0.0
2025-10-11 05:30:00+00:00,420,6315,0.0,0.0,0.0,0.057598317651747256,0.12159644837591084,0.1855945791000745,0.3911046290865288,0.8733411306562628,1.1368043158926815,1.5501764113225516,2.5968287770882204,4.337573137885789,6.956457108884617,9.240214587256279,11.643648225234886,12.793769137455648,13.587747320125914,15.016161590155024,17.107686699047633,29.36533944374597,5.42575658055693
2025-10-11 05:45:00+00:00,421,6330,0.7010850984612116,4.982179210341378,11.863682954216236,23.649826602660127,36.99698228274354,58.01824029176977,75.41716488892315,84.14004987981505,94.69875456560733,104.38621182235956,117.98537729840965,127.68586833312013,145.97377008445852,176.7468119176951,218.8406550339038,264.84634036282796,345.8743032240306,441.8803820396576,529.4153356076253,941.2867586548803,160.80215743934247
2025-10-11 06:00:00+00:00,422,6345,105.1468048200584,160.61514763579046,203.7008709381701,264.9435937254461,368.2305605842886,494.0460821859757,541.6326944329735,580.9472190148829,631.124832541626,696.5638115944265,738.8689620347901,803.9171395139313,915.9847882035009,1079.148067070896,1270.6420335753323,1459.3644722336837,1800.961789583959,2251.940670866336,2666.132169852181,4404.7304252162685,938.9937174626755
2025-10-11 06:15:00+00:00,423,6360,290.31141822815596,390.78594675681654,476.31917435904296,641.1556242049585,915.0838642748472,1117.7360153050356,1230.2712412276062,1303.759387087105,1436.2304679312683,1545.6458547835655,1661.471434839002,1850.3768791978355,2134.6869034340943,2478.2492269132144,2808.2087519656116,3246.129740906468,4028.143742751617,4904.636659712859,5622.112605373367,9000.509648333707,2085.8615670768163
2025-10-11 06:30:00+00:00,424,6375,491.9753398306795,686.5814611143404,829.6070808484675,1236.4408239709069,1666.5358620713596,1823.393299429205,1985.8542835450808,2145.2709948313045,2355.179657252797,2555.4895320838464,2948.504464916706,3300.1343084862656,3774.5770815619094,4164.501192678285,4887.92346041616,5959.70643973647,6793.837159944066,7907.086173723857,8764.441128014567,13485.649287412689,3488.466447232097
2025-10-11 06:45:00+00:00,425,6390,452.626418155306,772.7738728064379,1181.75138399355,1824.3955825415246,2053.9463822240486,2265.8729921521613,2533.547007555588,2824.0423719845603,3124.3471144593327,3862.6431941004275,4422.978919644439,4872.9727681931545,6165.21412361172,7096.82592059322,8164.437466898791,9113.8983110963,10327.330410354334,11051.373322467392,12235.46564905149,18321.648578313292,5201.846933520517
2025-10-11 07:00:00+00:00,426,6405,116.36870831965057,548.1015540373922,1293.8097718828922,1758.8246174454318,2107.0138290012005,2573.858808943765,3225.9388138799127,3986.6376179077147,4762.555044322213,5958.6312989338085,7162.704472164973,8105.879053016553,9058.016086881242,9795.981864326264,10767.741868394267,11847.637875528595,12860.993857277,13776.921482361464,15265.773584805147,23029.89915435481,7104.152341435244
2025-10-11 07:15:00+00:00,427,6420,241.23038329390053,781.088633931189,1631.1420383704044,2311.458067375967,2963.710088101952,3407.452502968879,4399.524995249369,5210.215277167236,6409.945307649039,8114.317803755113,9324.318624768786,10746.238939994695,11428.564528652425,12665.122775129175,13694.358107782818,14894.75002097336,15988.89439967201,17155.17157977558,18629.89377881806,27687.432176915238,8912.730645593947
2025-10-11 07:30:00+00:00,428,6435,99.24271171830961,387.0465757014074,1639.752409866109,2854.5850272689154,3494.301799095178,4694.180264276045,5602.817624253366,7350.072835943159,9391.449392159422,11044.842669498219,12311.815930351251,13479.64814578371,14598.381390910332,16325.521160381837,17768.920518936367,18733.324680240275,19757.64002597116,20919.167217282677,22037.43657810245,32219.504248030084,11180.697907349118
2025-10-11 07:45:00+00:00,429,6450,213.94979481856063,838.4704553153607,2466.2160521467613,3482.0908633561103,4168.199995322823,5589.764700122253,7356.742974677733,9529.27484877107,11377.342249199979,13374.572955333417,14817.643536651025,16988.842811673596,18702.928059354083,20348.117993564087,21332.48874804736,22248.391229160094,23038.852204533523,24147.505287658838,25644.141070928632,36571.70783701441,13489.22476358412
2025-10-11 08:00:00+00:00,430,6465,822.7001107511339,2794.1678238713203,3969.5605989265,4676.535406132905,5356.107337255054,6737.8718200510175,9305.57455711062,12242.55961569579,13838.069186156597,16194.854910990955,18266.732287640018,20185.928866995186,22192.06408869976,23578.152087425133,24788.742675657202,25673.4362318467,26418.254589953005,27488.249205938708,29495.611176413677,40893.005280551086,16064.601006586536
2025-10-11 08:15:00+00:00,431,6480,1463.356740565867,3286.5576285321517,4528.299141095136,5465.450225244061,6179.228484858464,7639.876630856009,10312.219594096145,13458.295668252906,15124.59406625165,18084.161964611725,20874.163691085127,23555.491889114022,25650.588031836258,26544.492802800087,27861.299027933477,28561.506856250606,29299.142712405606,30362.608143372985,33302.50573019225,44898.40147829957,18078.110049617546
2025-10-11 08:30:00+00:00,432,6495,2370.4704288188495,3601.554258550204,4663.680935427235,5744.682528407802,6559.114685414124,7448.287862930449,9501.222718467057,11989.718916725857,15568.037657539708,18915.6473486678,22464.561938179293,26304.35934828299,27923.52723836234,28797.646782013282,30302.988419287285,31132.49692407729,31921.00875557316,34221.130259143065,37031.16678250193,48569.21207191676,19457.104755791093
2025-10-11 08:45:00+00:00,433,6510,3429.0710000082045,4371.312569635549,4989.160433578308,5879.928544706944,6787.869160465185,7578.240301264075,8416.066186276505,10123.072586058304,12477.299191749034,15947.747542678082,19037.93989582888,23127.44670427175,26163.739660506595,29364.823933340267,30753.331989022445,31678.933091646155,33483.14370596151,34618.41735943175,37662.50550336185,51921.138178744535,19071.03031688069
2025-10-11 09:00:00+00:00,434,6525,4639.81287406909,5375.78130876286,6032.64294515589,6808.845378522352,7561.932583488184,8424.457240016118,9099.045694002427,9971.979906821445,11319.802427395722,13802.069504264957,17755.06558003101,20981.69762434408,24848.36639173927,26946.98421270166,31339.367862154624,33002.7190598461,33905.76866711882,35924.34711790828,37471.97385046928,54935.77488193744,19146.108112324077
2025-10-11 09:15:00+00:00,435,6540,5057.98855867024,6246.38642776745,7077.531054740713,7735.107274105342,8485.177734091947,9394.905101662305,10124.677184505601,10775.29599144883,11976.076444232285,13412.859372564437,16102.578799114062,19432.575978588735,23079.945028457118,27436.62456424858,30085.455128125122,34287.85323475503,35819.58075694205,36583.04128905043,39519.41011305729,57597.44835425505,18990.901922388002
2025-10-11 09:30:00+00:00,436,6555,6141.692028727158,7164.806504069514,8055.550505244424,8776.629348012595,9454.72312828169,10373.990333311509,11119.678404774677,11789.120295491532,13291.294425976092,14414.934376556812,16494.458624611278,20214.82168927681,24060.02519255,28897.977433015345,31391.40495801211,34931.43327729469,37578.81776085649,38549.02226939208,42209.597493214584,59892.83788055489,20127.675719068542
2025-10-11 09:45:00+00:00,437,6570,6345.014257371413,7486.301276802117,8450.87279935022,9093.744560083636,9642.16456257329,10346.16605341022,11393.846130597694,12018.214916789395,13621.518507256458,15026.300373748227,17050.004911299795,21005.12990847828,24551.731251386816,29547.87606560074,32246.210970479784,36813.44992869356,38943.77566936168,40259.83232458336,44155.07621411987,61810.78190615548,20826.45509908497
2025-10-11 10:00:00+00:00,438,6585,6490.125653879781,7651.17175836431,8680.620160942764,9284.37495532963,9798.627305541091,10747.63129651494,11596.019249522054,12409.877891803435,14037.51589385565,15672.780972798439,18694.864546615117,22191.617723030613,25735.45695721805,31177.7889674995,34295.9066128385,38135.793548304595,40192.257858326106,42273.41891073471,45588.99920177276,63342.19151702067,21696.620285568853
2025-10-11 10:15:00+00:00,439,6600,6590.955389671038,8017.328054868413,8878.143886938158,9432.249739798473,9922.472954453893,10971.202586946776,11774.542480164966,12626.695370454707,14205.548120030322,15898.224520987464,20468.40625402981,22793.922464590076,26741.461865328758,32199.425994138077,35850.08718500262,39836.00178435944,41410.76331854845,44984.65728659602,48160.343719867,64480.02479080705,22527.89817698276
2025-10-11 10:30:00+00:00,440,6615,6491.826460935989,7470.058559630567,8760.368867089619,9394.437326640453,9774.371687485942,11174.517326353945,11976.604453849935,12920.136268629985,14696.57027298383,16449.484375074597,21068.393514603904,24381.616829006973,29567.672735129443,33239.386204739785,37010.826158514756,40648.00403256561,42780.59739561281,46310.67597852768,49035.02815606166,65219.29363012761,23158.92172965987
2025-10-11 10:45:00+00:00,441,6630,6374.490234025318,7384.952840422249,8477.678439898636,9107.486108750158,9736.464639605692,11203.9397544805,12040.46542743815,13146.000527981763,14994.245818911066,17479.39513902316,22374.640791920338,26154.401862788836,31742.200613113717,35404.12403812209,39247.7401925873,41280.666779070525,43605.59820047748,47332.545635202216,50911.88908618091,65557.08555562283,23897.05214889201
2025-10-11 11:00:00+00:00,442,6645,6180.497235366755,7470.354579031688,8261.416652164211,8842.691339912813,9834.037553871702,11091.808295610834,11818.985804686283,13232.563169097448,14906.188043172791,18575.242747860524,21978.111753692625,25160.701201188225,31617.62664110393,35034.55228562658,38450.35176848822,40626.9214676317,42470.13854047854,46968.220724312516,50733.98702507134,65492.58961751508,23632.16230259851
2025-10-11 11:15:00+00:00,443,6660,5979.598939431012,7374.289426241321,8088.053044877959,8709.92517680704,9980.287482893562,10993.226954147935,11727.051060294521,13210.410657034745,15123.775380874582,19405.373638578476,22380.955784552498,26237.08275490725,32147.108774145338,35220.11143267361,38681.742590590395,40361.25884316204,42316.14552401747,47023.864236402675,50364.56961736418,65027.12055453349,23714.877215864228
2025-10-11 11:30:00+00:00,444,6675,5477.105540032527,6756.228114353821,7503.743171841968,8239.363723659102,9921.261445125869,10911.599046753568,12592.776586814512,14579.96797471671,19153.205281221613,22531.895741292807,25914.616530983058,30348.42657549619,33934.78751862166,37270.89100048406,39001.068091380126,39879.58386312582,43080.05921203096,46160.828126501336,49650.291282119455,64164.13881938733,24520.88617084189
2025-10-11 11:45:00+00:00,445,6690,5116.75812460057,6438.904406231944,7218.594406746627,9030.191914890705,10238.540115502774,12286.962936183727,14474.550256314524,19112.604998084855,22655.74876597713,26069.002292717123,28561.5140396493,31577.883471709923,35743.74314285623,37312.1035041499,37860.00240333915,38759.64267022612,42180.398511694926,45270.02780599844,47947.22009397659,62909.26715182189,25219.522513063293
2025-10-11 12:00:00+00:00,446,6705,4381.167197994599,5733.5677637597255,6560.976239063449,8429.479939903074,9808.888127950297,12322.264943627315,15238.483959384628,19465.68614534405,22258.896466592967,25712.270530427497,28295.003689955003,30639.94785876273,35309.90869868932,36150.471992765575,36624.593115861506,37531.0274630537,40642.618317785855,43813.39005866933,46281.94826798718,61270.30752949846,24525.487022763544
2025-10-11 12:15:00+00:00,447,6720,1825.5563482431207,3035.46122969547,4305.628751867201,5769.930311684684,7330.595618629789,9220.924187303468,11842.344176632481,15108.611167357187,18786.29637311388,21420.568645339725,24690.317437242364,28433.609903324657,32024.4962792637,34301.02290060274,34758.58131326528,35408.3182354715,38043.2663246003,41236.41159681462,44148.46846974687,59257.26545556037,21796.611892145454
2025-10-11 12:30:00+00:00,448,6735,1429.731217810755,2239.370173063609,3504.6428936994,5132.251404376354,6953.743781316652,8839.935354471114,11596.02352463488,14518.993195305478,18304.0748685345,22103.107724684214,23943.47288348195,27485.510576180306,31451.43190933109,32793.87073571199,33316.17285152109,34307.131065800284,36708.53413603545,39370.31778971481,42014.08267372099,56882.39285230949,20957.901890747948
2025-10-11 12:45:00+00:00,449,6750,1287.3853621658657,2124.2681486312995,3162.015680725163,4892.26325043706,6708.615416845162,8833.665278678292,11582.014330245489,14823.213812494045,18294.022914180376,21901.151074508736,24984.061066426806,27583.740927248815,30538.54318734471,31172.882390312763,31670.56399511922,32924.12341165577,35154.86055027738,37228.130696059634,39912.5804117548,54160.26652448969,20365.468771739743
2025-10-11 13:00:00+00:00,450,6765,1110.6336802923083,1925.0722109850967,2886.591940572885,4416.305548800768,6468.191957589558,8486.607970339226,11395.205504784377,14652.016635286021,19317.716293473946,21096.399024240924,24444.602048773137,27683.940781804577,29076.45853931812,29524.76565824092,30427.07005200826,32142.866095403733,34399.77642983938,36191.828698917074,37843.132515254336,51107.92721694033,19744.064176082546
2025-10-11 13:15:00+00:00,451,6780,1173.7748558198252,1837.641363844545,2952.1133268141934,4483.77385565122,6396.106414383588,9607.64562029798,11862.801865552668,15750.267784775737,19130.96333957141,21631.11525288097,23832.337770324706,26810.42046485822,27443.264061330497,27985.567210468518,29175.135503102458,31045.56731004203,32822.16758135252,34345.847490154505,35556.12022529078,47745.11753755142,19193.000459424566
2025-10-11 13:30:00+00:00,452,6795,1006.1313683876944,1747.3247512905739,2567.9676151759895,3893.129561000901,5870.994645333657,9350.929123052347,11985.940482761296,16681.197842637197,18143.25311805331,20798.51228487004,22974.10003141353,25009.41519492808,25447.299402112894,26068.63270343509,27225.13223428719,29394.29300023165,30594.464375119,32047.90662214977,33206.469159563145,44094.677417315725,18152.72562538489
2025-10-11 13:45:00+00:00,453,6810,955.7519741069261,1729.4343520803104,2707.987249947931,3698.581940976974,5468.395423431859,8623.80859803178,10934.909906770516,14447.855150125935,16604.02063932586,18297.779290240982,20213.719417081917,22017.465926914014,23014.97699404288,23507.815416206988,24303.823401766316,25948.230734583005,27541.001609950883,28894.354165571873,30102.57848535992,40183.188557739595,16319.702315916413
2025-10-11 14:00:00+00:00,454,6825,870.1470594522782,1588.2804759881942,2550.6080618910846,3339.3604527655675,4845.750225946375,7644.131244114594,9824.134933462457,12382.333072264064,14772.053744380546,16213.437765164135,17901.888849997107,19138.098048264077,20489.811059577038,21006.16063813532,21650.430413409118,23399.882294246472,24656.5553467353,25782.18218039609,26963.284593612043,35934.117100311756,14529.34121171698
2025-10-11 14:15:00+00:00,455,6840,800.1948218630307,1534.9125426528483,2527.55895996903,3043.879009138175,4523.0646275110585,7133.861684612344,8773.491766981202,11569.242382620714,12882.714333106345,14111.387626384027,15242.487005457006,16658.831685410143,17658.51539220503,18428.918576436496,18977.84038006565,20065.408434795612,21388.11057426102,22160.139359219105,23465.724849150687,31627.34719486841,12734.981625630518
2025-10-11 14:30:00+00:00,456,6855,576.3561782109051,1409.5534879227212,2214.5262992372686,2750.125524667921,4106.404349621211,6293.178436758345,7489.497624033602,9276.115845392873,10925.977270212896,11618.71684987792,12516.48461006663,13933.004645493313,14857.527774008791,15741.215967399683,16112.593816426452,17025.224750999947,18177.364761730518,18864.896142897494,20145.56253153916,27252.07781045578,10798.783069075154
2025-10-11 14:45:00+00:00,457,6870,414.29596245846943,1188.4040018151697,1929.217449500624,2845.596145043311,4137.412343808068,5407.675569154858,6370.37714785468,7559.01394970661,8623.643732027671,9407.725242692826,10015.797141837655,10721.246966224295,11805.436309578796,12547.855707198618,13194.46659257867,13671.712116586848,14892.843758074347,15556.771539923895,16492.731049082136,22794.739112585445,8837.209578188966
2025-10-11 15:00:00+00:00,458,6885,326.810561646455,906.8032583919023,1483.6114430360699,2183.6202612620154,3380.9852920517897,4359.203610543999,5004.212798358454,5849.06595317668,6759.7874551569475,7397.530580547419,7804.639318951081,8485.40333206882,9267.34957149036,9861.566992621536,10423.899741181522,10760.57646159217,11529.590849339365,12294.716581450873,12882.948361613877,18326.03863120892,6951.4340426138815
2025-10-11 15:15:00+00:00,459,6900,219.09484834318891,774.0819623394475,1160.6921422954845,1595.304972518584,2317.616846150211,3104.523380926983,3760.3922122446747,4144.763774233142,4745.829399675575,5407.772641016084,5760.724842287091,6198.7053742259195,6598.255749684729,7160.9746871279185,7576.9741959411085,8036.8718452798785,8433.550190156035,9261.818913326386,9665.351496830704,13893.502714661572,5114.837290075749
2025-10-11 15:30:00+00:00,460,6915,155.95807762453373,522.1341908686395,729.6742734370262,907.2776052516629,1207.5945908531762,1691.442714130076,2113.500322286832,2558.471039060079,2843.465199611938,3317.0852249193695,3720.5543950004044,3986.9750427986,4355.000306820623,4635.831417908076,5002.6551611512805,5339.754810092973,5664.771583418338,6095.408815923123,6565.294515848786,9569.662327171072,3300.6600861893944
2025-10-11 15:45:00+00:00,461,6930,71.11055529952155,311.0138106299932,447.71963691987423,530.472250121244,695.3392691049501,963.1703356345806,1179.7051567903204,1453.7003084928865,1664.6380987821442,1884.2857182027778,2117.129596237836,2311.7829235556924,2458.9735787400646,2699.9723384127287,2917.5221638356707,3075.976879495355,3320.4114701489184,3563.240959102768,3897.694868753017,5728.385477573821,1911.4389145573568
2025-10-11 16:00:00+00:00,462,6945,9.330098743568186,83.54869170906746,137.17577357462804,169.041749634998,214.39119723978334,284.8337543626041,370.030605967153,461.4437864439192,543.1036549534979,597.0449848064592,664.6509480261449,739.3543475281051,816.4027589943494,902.4336340317681,979.0892152226497,1037.141802178973,1133.4186136970266,1227.2034745488857,1313.4994595498233,2021.0293036464504,630.7578084775175
2025-10-11 16:15:00+00:00,463,6960,1.0862054902003109,12.584048260745691,18.276881746327554,23.243726650939383,26.80884509801111,35.9265946403215,48.284199498530384,59.71116579076896,76.08472859379074,86.99342485592946,94.59029733777406,106.02064755458625,117.14255396129256,128.09576275599528,140.18382614113474,151.53897913670528,166.50899114471332,182.51405788900414,194.60345664805857,298.984118071434,90.4352837955188
2025-10-11 16:30:00+00:00,464,6975,0.0,0.0,0.0,0.0,0.0,0.0,0.0,0.0,0.0,0.0,0.0,0.0,0.0,0.0,0.0,0.0,0.0,0.0,0.0,0.0,0.0
2025-10-11 16:45:00+00:00,465,6990,0.0,0.0,0.0,0.0,0.0,0.0,0.0,0.0,0.0,0.0,0.0,0.0,0.0,0.0,0.0,0.0,0.0,0.0,0.0,0.0,0.0
2025-10-11 17:00:00+00:00,466,7005,0.0,0.0,0.0,0.0,0.0,0.0,0.0,0.0,0.0,0.0,0.0,0.0,0.0,0.0,0.0,0.0,0.0,0.0,0.0,0.0,0.0
2025-10-11 17:15:00+00:00,467,7020,0.0,0.0,0.0,0.0,0.0,0.0,0.0,0.0,0.0,0.0,0.0,0.0,0.0,0.0,0.0,0.0,0.0,0.0,0.0,0.0,0.0
2025-10-11 17:30:00+00:00,468,7035,0.0,0.0,0.0,0.0,0.0,0.0,0.0,0.0,0.0,0.0,0.0,0.0,0.0,0.0,0.0,0.0,0.0,0.0,0.0,0.0,0.0
2025-10-11 17:45:00+00:00,469,7050,0.0,0.0,0.0,0.0,0.0,0.0,0.0,0.0,0.0,0.0,0.0,0.0,0.0,0.0,0.0,0.0,0.0,0.0,0.0,0.0,0.0
2025-10-11 18:00:00+00:00,470,7065,0.0,0.0,0.0,0.0,0.0,0.0,0.0,0.0,0.0,0.0,0.0,0.0,0.0,0.0,0.0,0.0,0.0,0.0,0.0,0.0,0.0
2025-10-11 18:15:00+00:00,471,7080,0.0,0.0,0.0,0.0,0.0,0.0,0.0,0.0,0.0,0.0,0.0,0.0,0.0,0.0,0.0,0.0,0.0,0.0,0.0,0.0,0.0
2025-10-11 18:30:00+00:00,472,7095,0.0,0.0,0.0,0.0,0.0,0.0,0.0,0.0,0.0,0.0,0.0,0.0,0.0,0.0,0.0,0.0,0.0,0.0,0.0,0.0,0.0
2025-10-11 18:45:00+00:00,473,7110,0.0,0.0,0.0,0.0,0.0,0.0,0.0,0.0,0.0,0.0,0.0,0.0,0.0,0.0,0.0,0.0,0.0,0.0,0.0,0.0,0.0
2025-10-11 19:00:00+00:00,474,7125,0.0,0.0,0.0,0.0,0.0,0.0,0.0,0.0,0.0,0.0,0.0,0.0,0.0,0.0,0.0,0.0,0.0,0.0,0.0,0.0,0.0
2025-10-11 19:15:00+00:00,475,7140,0.0,0.0,0.0,0.0,0.0,0.0,0.0,0.0,0.0,0.0,0.0,0.0,0.0,0.0,0.0,0.0,0.0,0.0,0.0,0.0,0.0
2025-10-11 19:30:00+00:00,476,7155,0.0,0.0,0.0,0.0,0.0,0.0,0.0,0.0,0.0,0.0,0.0,0.0,0.0,0.0,0.0,0.0,0.0,0.0,0.0,0.0,0.0
2025-10-11 19:45:00+00:00,477,7170,0.0,0.0,0.0,0.0,0.0,0.0,0.0,0.0,0.0,0.0,0.0,0.0,0.0,0.0,0.0,0.0,0.0,0.0,0.0,0.0,0.0
2025-10-11 20:00:00+00:00,478,7185,0.0,0.0,0.0,0.0,0.0,0.0,0.0,0.0,0.0,0.0,0.0,0.0,0.0,0.0,0.0,0.0,0.0,0.0,0.0,0.0,0.0
2025-10-11 20:15:00+00:00,479,7200,0.0,0.0,0.0,0.0,0.0,0.0,0.0,0.0,0.0,0.0,0.0,0.0,0.0,0.0,0.0,0.0,0.0,0.0,0.0,0.0,0.0
2025-10-11 20:30:00+00:00,480,7215,0.0,0.0,0.0,0.0,0.0,0.0,0.0,0.0,0.0,0.0,0.0,0.0,0.0,0.0,0.0,0.0,0.0,0.0,0.0,0.0,0.0
2025-10-11 20:45:00+00:00,481,7230,0.0,0.0,0.0,0.0,0.0,0.0,0.0,0.0,0.0,0.0,0.0,0.0,0.0,0.0,0.0,0.0,0.0,0.0,0.0,0.0,0.0
2025-10-11 21:00:00+00:00,482,7245,0.0,0.0,0.0,0.0,0.0,0.0,0.0,0.0,0.0,0.0,0.0,0.0,0.0,0.0,0.0,0.0,0.0,0.0,0.0,0.0,0.0
2025-10-11 21:15:00+00:00,483,7260,0.0,0.0,0.0,0.0,0.0,0.0,0.0,0.0,0.0,0.0,0.0,0.0,0.0,0.0,0.0,0.0,0.0,0.0,0.0,0.0,0.0
2025-10-11 21:30:00+00:00,484,7275,0.0,0.0,0.0,0.0,0.0,0.0,0.0,0.0,0.0,0.0,0.0,0.0,0.0,0.0,0.0,0.0,0.0,0.0,0.0,0.0,0.0
2025-10-11 21:45:00+00:00,485,7290,0.0,0.0,0.0,0.0,0.0,0.0,0.0,0.0,0.0,0.0,0.0,0.0,0.0,0.0,0.0,0.0,0.0,0.0,0.0,0.0,0.0
2025-10-11 22:00:00+00:00,486,7305,0.0,0.0,0.0,0.0,0.0,0.0,0.0,0.0,0.0,0.0,0.0,0.0,0.0,0.0,0.0,0.0,0.0,0.0,0.0,0.0,0.0
2025-10-11 22:15:00+00:00,487,7320,0.0,0.0,0.0,0.0,0.0,0.0,0.0,0.0,0.0,0.0,0.0,0.0,0.0,0.0,0.0,0.0,0.0,0.0,0.0,0.0,0.0
