horizon,horizon_num,horizon_minutes,p_05,p_10,p_15,p_20,p_25,p_30,p_35,p_40,p_45,p_50,p_55,p_60,p_65,p_70,p_75,p_80,p_85,p_90,p_95,clear_sky,deterministic
2025-10-29 12:45:00+00:00,0,15,12870.005892685635,14547.194625828064,16329.587399186434,18100.678788332385,18851.249388413158,19791.99036724904,20623.33826373363,21108.37979346254,21608.011196277796,22294.167582058082,22761.544148537963,23232.860646299414,23759.148528810816,24398.468051446318,25112.74948778762,25733.764230309014,27068.539054564902,28882.668670370484,29938.535341684586,43624.135577497684,21754.950731031095
2025-10-29 13:00:00+00:00,1,30,8825.847156376376,10979.968643691993,12212.613558303652,13148.035668004215,13880.36700179727,14734.608171984624,16149.267540861114,17406.721259077578,18273.861599697975,19187.260014551743,19949.427369259003,20716.01001362116,21505.313347829804,22405.44641302901,23301.77420251175,24272.64604253211,25226.210349861034,27050.230583818528,28199.02374033439,40306.855505341875,18859.5285234415
2025-10-29 13:15:00+00:00,2,45,7171.122948171684,9431.733706469056,10360.051515832101,11578.713447784621,12322.062292949871,13336.290470242458,14692.049119643474,15835.766668247175,16860.010805215774,17627.714651150483,18416.459111145334,19245.764931868547,20114.91005260184,20913.341665475455,22179.64764845393,23117.0372891041,24446.166247061396,25145.71963814938,26267.68255454705,36933.152230097745,17238.445392928028
2025-10-29 13:30:00+00:00,3,60,6070.253079664504,7546.513485957591,8713.53184814825,9605.988750300337,10448.538806971426,11067.124665237432,11497.694777045604,12233.161972771968,13012.392738833416,14009.21653750768,15244.141628141957,16010.28187167076,16834.891773217314,17714.817902893996,18675.3883753734,19712.02463517696,20641.63818733938,22355.853170766648,23233.387459265974,33286.42792360017,14482.17576039585
2025-10-29 13:45:00+00:00,4,75,4733.288891464992,5812.709582896049,6825.158679080914,7843.578401527611,8257.802472524298,8991.39549473111,9506.303617863789,10071.002251520913,10709.4422831922,11772.268806183098,12808.529070906128,13746.996444060002,14494.9040734751,15229.818717902031,16559.51871493767,17438.31956329834,18560.776140585098,19989.595321308218,21951.682905440026,29399.39603864087,12453.037409774415
2025-10-29 14:00:00+00:00,5,90,3462.564545383839,4831.3897689511805,5437.980709706089,5990.262796882078,6645.499032909679,6930.686452890646,7449.846160953532,7869.09268704689,8353.841899290222,8742.58424135744,9363.928242247026,10122.434818805365,10847.920715484832,12275.985658404543,13126.163412380243,14363.897549549909,15266.850322609183,16556.404274691526,18379.714579320404,25313.28642678435,9891.87526648778
2025-10-29 14:15:00+00:00,6,105,1883.044868855706,2409.1298721993107,2794.1545908293624,3204.2958878666473,3723.758606385933,3964.5223874097396,4428.03054015625,4707.826568538998,5049.687157894618,5564.736548545098,5990.564652207703,6212.622452253931,6614.166424326516,7079.044855871601,7634.405443082626,8252.080661183496,8949.368830421083,10918.097426044767,12840.84637062763,21082.196712085053,6094.29549542767
2025-10-29 14:30:00+00:00,7,120,1110.3882775735342,1471.6728469680718,1682.605321762566,1938.1031181521437,2208.69697156243,2455.079672766852,2775.1887542188424,3132.3605811914126,3323.483559310521,3498.167360465825,3843.4518815936644,4315.750059426029,4697.363283556655,4965.755679219581,5454.62993543238,6088.362951107569,6740.516618857098,7714.009466273969,10178.022901984705,16737.679093705105,4243.56633345738
2025-10-29 14:45:00+00:00,8,135,2101.02011217349,2513.3547173459165,2945.8042552008587,3396.9867320345707,3686.0433248350782,4043.320793838468,4362.436443151182,4632.783257000935,4882.11731693933,5188.680863137821,5617.678382507656,6288.408569436004,6772.447223928474,7072.5828735985015,7468.72227566601,7883.620054297285,8197.013103202273,8567.03480051827,9663.243494827302,12234.586275610502,5519.347711875439
2025-10-29 15:00:00+00:00,9,150,1264.529078241424,1563.4943679243477,1775.4090088944006,2005.6002532600162,2169.955527825951,2443.8090831557447,2755.9946062424165,2933.917296113983,3102.8200202602247,3276.399509461103,3434.15156338981,3695.5305371827762,3939.841423321969,4507.217161977171,4744.009523718045,4929.466101489579,5230.139723955898,5535.588412555355,6022.772080423721,8159.0136585566015,3444.6567089165496
2025-10-29 15:15:00+00:00,10,165,560.743831194573,694.9129215364538,779.1450013385422,896.6205036098131,946.4550291333898,998.0645268010345,1078.6491836230873,1189.804193562639,1325.0966521087018,1402.2650365437823,1470.9979488190486,1538.967189291381,1693.487058204666,1797.7808551396035,1957.2370352466257,2111.3772133980137,2215.613556308361,2405.788629314325,2592.660050231725,3613.6318040790884,1470.6221362108508
2025-10-29 15:30:00+00:00,11,180,111.65281120645935,127.5866689431243,151.6049445561534,168.0408918641849,184.12657616988574,198.0221495481427,206.28790887847484,229.39104960838873,260.93908978943017,284.95779645339456,301.39706202605356,315.6470635055091,337.5408557016612,373.81607501534313,399.19650520959925,440.9857100601707,474.74714661243837,499.627283274851,547.542525974715,765.4196272268772,308.8300277367613
2025-10-29 15:45:00+00:00,12,195,1.821303271430462,2.297378588299012,2.602393371492579,2.995451915054817,3.2939871581139513,3.6165279626442213,3.8962709001187603,4.0653262071677005,4.310657356583371,4.685184809165072,4.974917998189062,5.295305447037491,5.753857401343654,6.281911323547658,6.971440819811883,7.866896515163657,8.883354021190831,9.911743143090902,10.787558268678657,15.02521336440754,5.436413661840439
2025-10-29 16:00:00+00:00,13,210,0.0,0.0,0.0,0.0,0.0,0.0,0.0,0.0,0.0,0.0,0.0,0.0,0.0,0.0,0.0,0.0,0.0,0.0,0.0,0.0,0.0
2025-10-29 16:15:00+00:00,14,225,0.0,0.0,0.0,0.0,0.0,0.0,0.0,0.0,0.0,0.0,0.0,0.0,0.0,0.0,0.0,0.0,0.0,0.0,0.0,0.0,0.0
2025-10-29 16:30:00+00:00,15,240,0.0,0.0,0.0,0.0,0.0,0.0,0.0,0.0,0.0,0.0,0.0,0.0,0.0,0.0,0.0,0.0,0.0,0.0,0.0,0.0,0.0
2025-10-29 16:45:00+00:00,16,255,0.0,0.0,0.0,0.0,0.0,0.0,0.0,0.0,0.0,0.0,0.0,0.0,0.0,0.0,0.0,0.0,0.0,0.0,0.0,0.0,0.0
2025-10-29 17:00:00+00:00,17,270,0.0,0.0,0.0,0.0,0.0,0.0,0.0,0.0,0.0,0.0,0.0,0.0,0.0,0.0,0.0,0.0,0.0,0.0,0.0,0.0,0.0
2025-10-29 17:15:00+00:00,18,285,0.0,0.0,0.0,0.0,0.0,0.0,0.0,0.0,0.0,0.0,0.0,0.0,0.0,0.0,0.0,0.0,0.0,0.0,0.0,0.0,0.0
2025-10-29 17:30:00+00:00,19,300,0.0,0.0,0.0,0.0,0.0,0.0,0.0,0.0,0.0,0.0,0.0,0.0,0.0,0.0,0.0,0.0,0.0,0.0,0.0,0.0,0.0
2025-10-29 17:45:00+00:00,20,315,0.0,0.0,0.0,0.0,0.0,0.0,0.0,0.0,0.0,0.0,0.0,0.0,0.0,0.0,0.0,0.0,0.0,0.0,0.0,0.0,0.0
2025-10-29 18:00:00+00:00,21,330,0.0,0.0,0.0,0.0,0.0,0.0,0.0,0.0,0.0,0.0,0.0,0.0,0.0,0.0,0.0,0.0,0.0,0.0,0.0,0.0,0.0
2025-10-29 18:15:00+00:00,22,345,0.0,0.0,0.0,0.0,0.0,0.0,0.0,0.0,0.0,0.0,0.0,0.0,0.0,0.0,0.0,0.0,0.0,0.0,0.0,0.0,0.0
2025-10-29 18:30:00+00:00,23,360,0.0,0.0,0.0,0.0,0.0,0.0,0.0,0.0,0.0,0.0,0.0,0.0,0.0,0.0,0.0,0.0,0.0,0.0,0.0,0.0,0.0
2025-10-29 18:45:00+00:00,24,375,0.0,0.0,0.0,0.0,0.0,0.0,0.0,0.0,0.0,0.0,0.0,0.0,0.0,0.0,0.0,0.0,0.0,0.0,0.0,0.0,0.0
2025-10-29 19:00:00+00:00,25,390,0.0,0.0,0.0,0.0,0.0,0.0,0.0,0.0,0.0,0.0,0.0,0.0,0.0,0.0,0.0,0.0,0.0,0.0,0.0,0.0,0.0
2025-10-29 19:15:00+00:00,26,405,0.0,0.0,0.0,0.0,0.0,0.0,0.0,0.0,0.0,0.0,0.0,0.0,0.0,0.0,0.0,0.0,0.0,0.0,0.0,0.0,0.0
2025-10-29 19:30:00+00:00,27,420,0.0,0.0,0.0,0.0,0.0,0.0,0.0,0.0,0.0,0.0,0.0,0.0,0.0,0.0,0.0,0.0,0.0,0.0,0.0,0.0,0.0
2025-10-29 19:45:00+00:00,28,435,0.0,0.0,0.0,0.0,0.0,0.0,0.0,0.0,0.0,0.0,0.0,0.0,0.0,0.0,0.0,0.0,0.0,0.0,0.0,0.0,0.0
2025-10-29 20:00:00+00:00,29,450,0.0,0.0,0.0,0.0,0.0,0.0,0.0,0.0,0.0,0.0,0.0,0.0,0.0,0.0,0.0,0.0,0.0,0.0,0.0,0.0,0.0
2025-10-29 20:15:00+00:00,30,465,0.0,0.0,0.0,0.0,0.0,0.0,0.0,0.0,0.0,0.0,0.0,0.0,0.0,0.0,0.0,0.0,0.0,0.0,0.0,0.0,0.0
2025-10-29 20:30:00+00:00,31,480,0.0,0.0,0.0,0.0,0.0,0.0,0.0,0.0,0.0,0.0,0.0,0.0,0.0,0.0,0.0,0.0,0.0,0.0,0.0,0.0,0.0
2025-10-29 20:45:00+00:00,32,495,0.0,0.0,0.0,0.0,0.0,0.0,0.0,0.0,0.0,0.0,0.0,0.0,0.0,0.0,0.0,0.0,0.0,0.0,0.0,0.0,0.0
2025-10-29 21:00:00+00:00,33,510,0.0,0.0,0.0,0.0,0.0,0.0,0.0,0.0,0.0,0.0,0.0,0.0,0.0,0.0,0.0,0.0,0.0,0.0,0.0,0.0,0.0
2025-10-29 21:15:00+00:00,34,525,0.0,0.0,0.0,0.0,0.0,0.0,0.0,0.0,0.0,0.0,0.0,0.0,0.0,0.0,0.0,0.0,0.0,0.0,0.0,0.0,0.0
2025-10-29 21:30:00+00:00,35,540,0.0,0.0,0.0,0.0,0.0,0.0,0.0,0.0,0.0,0.0,0.0,0.0,0.0,0.0,0.0,0.0,0.0,0.0,0.0,0.0,0.0
2025-10-29 21:45:00+00:00,36,555,0.0,0.0,0.0,0.0,0.0,0.0,0.0,0.0,0.0,0.0,0.0,0.0,0.0,0.0,0.0,0.0,0.0,0.0,0.0,0.0,0.0
2025-10-29 22:00:00+00:00,37,570,0.0,0.0,0.0,0.0,0.0,0.0,0.0,0.0,0.0,0.0,0.0,0.0,0.0,0.0,0.0,0.0,0.0,0.0,0.0,0.0,0.0
2025-10-29 22:15:00+00:00,38,585,0.0,0.0,0.0,0.0,0.0,0.0,0.0,0.0,0.0,0.0,0.0,0.0,0.0,0.0,0.0,0.0,0.0,0.0,0.0,0.0,0.0
2025-10-29 22:30:00+00:00,39,600,0.0,0.0,0.0,0.0,0.0,0.0,0.0,0.0,0.0,0.0,0.0,0.0,0.0,0.0,0.0,0.0,0.0,0.0,0.0,0.0,0.0
2025-10-29 22:45:00+00:00,40,615,0.0,0.0,0.0,0.0,0.0,0.0,0.0,0.0,0.0,0.0,0.0,0.0,0.0,0.0,0.0,0.0,0.0,0.0,0.0,0.0,0.0
2025-10-29 23:00:00+00:00,41,630,0.0,0.0,0.0,0.0,0.0,0.0,0.0,0.0,0.0,0.0,0.0,0.0,0.0,0.0,0.0,0.0,0.0,0.0,0.0,0.0,0.0
2025-10-29 23:15:00+00:00,42,645,0.0,0.0,0.0,0.0,0.0,0.0,0.0,0.0,0.0,0.0,0.0,0.0,0.0,0.0,0.0,0.0,0.0,0.0,0.0,0.0,0.0
2025-10-29 23:30:00+00:00,43,660,0.0,0.0,0.0,0.0,0.0,0.0,0.0,0.0,0.0,0.0,0.0,0.0,0.0,0.0,0.0,0.0,0.0,0.0,0.0,0.0,0.0
2025-10-29 23:45:00+00:00,44,675,0.0,0.0,0.0,0.0,0.0,0.0,0.0,0.0,0.0,0.0,0.0,0.0,0.0,0.0,0.0,0.0,0.0,0.0,0.0,0.0,0.0
2025-10-30 00:00:00+00:00,45,690,0.0,0.0,0.0,0.0,0.0,0.0,0.0,0.0,0.0,0.0,0.0,0.0,0.0,0.0,0.0,0.0,0.0,0.0,0.0,0.0,0.0
2025-10-30 00:15:00+00:00,46,705,0.0,0.0,0.0,0.0,0.0,0.0,0.0,0.0,0.0,0.0,0.0,0.0,0.0,0.0,0.0,0.0,0.0,0.0,0.0,0.0,0.0
2025-10-30 00:30:00+00:00,47,720,0.0,0.0,0.0,0.0,0.0,0.0,0.0,0.0,0.0,0.0,0.0,0.0,0.0,0.0,0.0,0.0,0.0,0.0,0.0,0.0,0.0
2025-10-30 00:45:00+00:00,48,735,0.0,0.0,0.0,0.0,0.0,0.0,0.0,0.0,0.0,0.0,0.0,0.0,0.0,0.0,0.0,0.0,0.0,0.0,0.0,0.0,0.0
2025-10-30 01:00:00+00:00,49,750,0.0,0.0,0.0,0.0,0.0,0.0,0.0,0.0,0.0,0.0,0.0,0.0,0.0,0.0,0.0,0.0,0.0,0.0,0.0,0.0,0.0
2025-10-30 01:15:00+00:00,50,765,0.0,0.0,0.0,0.0,0.0,0.0,0.0,0.0,0.0,0.0,0.0,0.0,0.0,0.0,0.0,0.0,0.0,0.0,0.0,0.0,0.0
2025-10-30 01:30:00+00:00,51,780,0.0,0.0,0.0,0.0,0.0,0.0,0.0,0.0,0.0,0.0,0.0,0.0,0.0,0.0,0.0,0.0,0.0,0.0,0.0,0.0,0.0
2025-10-30 01:45:00+00:00,52,795,0.0,0.0,0.0,0.0,0.0,0.0,0.0,0.0,0.0,0.0,0.0,0.0,0.0,0.0,0.0,0.0,0.0,0.0,0.0,0.0,0.0
2025-10-30 02:00:00+00:00,53,810,0.0,0.0,0.0,0.0,0.0,0.0,0.0,0.0,0.0,0.0,0.0,0.0,0.0,0.0,0.0,0.0,0.0,0.0,0.0,0.0,0.0
2025-10-30 02:15:00+00:00,54,825,0.0,0.0,0.0,0.0,0.0,0.0,0.0,0.0,0.0,0.0,0.0,0.0,0.0,0.0,0.0,0.0,0.0,0.0,0.0,0.0,0.0
2025-10-30 02:30:00+00:00,55,840,0.0,0.0,0.0,0.0,0.0,0.0,0.0,0.0,0.0,0.0,0.0,0.0,0.0,0.0,0.0,0.0,0.0,0.0,0.0,0.0,0.0
2025-10-30 02:45:00+00:00,56,855,0.0,0.0,0.0,0.0,0.0,0.0,0.0,0.0,0.0,0.0,0.0,0.0,0.0,0.0,0.0,0.0,0.0,0.0,0.0,0.0,0.0
2025-10-30 03:00:00+00:00,57,870,0.0,0.0,0.0,0.0,0.0,0.0,0.0,0.0,0.0,0.0,0.0,0.0,0.0,0.0,0.0,0.0,0.0,0.0,0.0,0.0,0.0
2025-10-30 03:15:00+00:00,58,885,0.0,0.0,0.0,0.0,0.0,0.0,0.0,0.0,0.0,0.0,0.0,0.0,0.0,0.0,0.0,0.0,0.0,0.0,0.0,0.0,0.0
2025-10-30 03:30:00+00:00,59,900,0.0,0.0,0.0,0.0,0.0,0.0,0.0,0.0,0.0,0.0,0.0,0.0,0.0,0.0,0.0,0.0,0.0,0.0,0.0,0.0,0.0
2025-10-30 03:45:00+00:00,60,915,0.0,0.0,0.0,0.0,0.0,0.0,0.0,0.0,0.0,0.0,0.0,0.0,0.0,0.0,0.0,0.0,0.0,0.0,0.0,0.0,0.0
2025-10-30 04:00:00+00:00,61,930,0.0,0.0,0.0,0.0,0.0,0.0,0.0,0.0,0.0,0.0,0.0,0.0,0.0,0.0,0.0,0.0,0.0,0.0,0.0,0.0,0.0
2025-10-30 04:15:00+00:00,62,945,0.0,0.0,0.0,0.0,0.0,0.0,0.0,0.0,0.0,0.0,0.0,0.0,0.0,0.0,0.0,0.0,0.0,0.0,0.0,0.0,0.0
2025-10-30 04:30:00+00:00,63,960,0.0,0.0,0.0,0.0,0.0,0.0,0.0,0.0,0.0,0.0,0.0,0.0,0.0,0.0,0.0,0.0,0.0,0.0,0.0,0.0,0.0
2025-10-30 04:45:00+00:00,64,975,0.0,0.0,0.0,0.0,0.0,0.0,0.0,0.0,0.0,0.0,0.0,0.0,0.0,0.0,0.0,0.0,0.0,0.0,0.0,0.0,0.0
2025-10-30 05:00:00+00:00,65,990,0.0,0.0,0.0,0.0,0.0,0.0,0.0,0.0,0.0,0.0,0.0,0.0,0.0,0.0,0.0,0.0,0.0,0.0,0.0,0.0,0.0
2025-10-30 05:15:00+00:00,66,1005,0.0,0.0,0.0,0.0,0.0,0.0,0.0,0.0,0.0,0.0,0.0,0.0,0.0,0.0,0.0,0.0,0.0,0.0,0.0,0.0,0.0
2025-10-30 05:30:00+00:00,67,1020,0.0,0.0,0.0,0.0,0.0,0.0,0.0,0.0,0.0,0.0,0.0,0.0,0.0,0.0,0.0,0.0,0.0,0.0,0.0,0.0,0.0
2025-10-30 05:45:00+00:00,68,1035,0.0,0.0,0.0,0.0,0.0,0.0,0.0,0.0,0.0,0.0,0.0,0.0,0.0,0.0,0.0,0.0,0.0,0.0,0.0,0.0,0.0
2025-10-30 06:00:00+00:00,69,1050,0.0,0.0,0.0,0.0,0.0,0.0,0.0,3.6947105175772776e-07,1.0037296906084656e-05,1.9705122760411586e-05,2.9372948614738525e-05,3.904077446906546e-05,4.8708600323392385e-05,5.837642617771932e-05,6.804425203204623e-05,7.771207788637318e-05,0.0008621398071850368,0.0019310446576940852,0.0037375722268188707,0.023940968802345534,0.0005368994640600857
2025-10-30 06:15:00+00:00,70,1065,0.0,0.0,0.0,0.0,0.0,0.0,0.0,0.19994449394543037,0.430762770044199,0.6615810461429675,0.8923993222417363,1.123217598340505,1.3540358744392735,1.5848541505380425,9.129745497472697,19.512177777304462,34.437655356656386,54.72917957918772,87.5155583396655,453.88310789562394,14.727783853475072
2025-10-30 06:30:00+00:00,71,1080,0.0,0.0,0.0,0.0,0.0,0.023458288837310222,1.864933962566002,3.706409636294694,5.547885310023386,7.389360983752078,9.23083665748077,11.072312331209465,39.747121603174726,92.05369424820115,171.53652146408655,231.3265021618107,335.6259864027995,459.1278237029536,681.9484671512963,2832.577642116224,130.4460998946588
2025-10-30 06:45:00+00:00,72,1095,0.0,3.509897571212584,26.47047751622825,49.431057461243896,106.23912432434659,176.76282806416353,237.63658280698738,291.302167601833,357.40209061095874,428.2300717951224,553.394248763793,634.1949822698974,733.5851557682704,798.4156535629835,920.5492432550624,1194.4274845699122,1484.2183028525894,1917.3630318047844,2752.8288844439176,8209.768678316248,768.178623093654
2025-10-30 07:00:00+00:00,73,1110,7.732962986981849,62.91819884862506,181.81144037096152,313.02466840398245,430.6953255224253,541.4637492480634,630.3434279606942,701.907762519962,814.1675656452619,934.6444560572297,1101.7175002931692,1255.2107649171094,1373.3919257552343,1505.7100345402866,1711.4630098322332,2126.3389179290216,2559.6839442134888,3230.2840749958586,4530.41912265476,12687.943542378276,1415.777907934272
2025-10-30 07:15:00+00:00,74,1125,0.0,78.61761571605881,195.76684440443017,388.94167908739115,550.3785067565112,670.9520543447735,785.0756348635215,907.4413690779369,1059.4651250528839,1227.1254170084928,1437.673323220118,1676.2432174897529,1837.8665121080005,1986.9672039691136,2249.021053493754,2839.4992852591154,3439.9694030720498,4326.911502635226,6147.27407114161,17381.788389856294,1883.6325932977752
2025-10-30 07:30:00+00:00,75,1140,0.0,81.75807941859682,204.0115933057544,472.6920879002336,658.6008548420359,814.1984316008909,967.8895271045488,1119.655998644082,1320.9274658222935,1478.393849400705,1788.9863861908545,2019.865820856233,2279.6720855820477,2479.4314268898574,2785.74289053361,3496.478660339878,4254.897109835556,5288.363919588347,7439.773645964195,22037.554533914757,2318.089276697042
2025-10-30 07:45:00+00:00,76,1155,0.0,95.32539247684639,210.67078935910666,472.0004141439365,677.8720080662025,851.3967744900888,1040.5964193052002,1200.353403012372,1349.427226106613,1568.402408811417,1846.1815616422475,2161.9305645488857,2434.522505554894,2699.5939801845875,2959.024880470033,3327.312274326842,4013.822314604661,5029.859358418397,7605.851098326215,26412.401657685165,2439.1686860802215
2025-10-30 08:00:00+00:00,77,1170,9.372651704767938,132.84715025018886,314.11705854745946,685.6200502673707,920.3866778364595,1073.3020403571697,1302.374646765566,1532.4041866090895,1704.8788534161981,1915.7818238498278,2162.970509104182,2510.8943325078567,2845.3216968207794,3167.164975548459,3483.4011435868733,3969.213026590738,4711.123881656632,5743.107413028653,8444.901700296654,30581.509533869194,2868.239569883849
2025-10-30 08:15:00+00:00,78,1185,44.166948613230616,205.40291764707246,459.8756843513243,883.820335564319,1153.9805594239874,1371.7395393418813,1588.9552938726197,1806.9418529056782,2024.4466121095445,2269.7705613093626,2548.6950873862384,2953.95972229231,3291.949841871522,3669.8909950670277,4079.954658911486,4553.787258777647,5443.311323702564,6581.500444753609,9717.456130379005,34494.55447073509,3337.5712663082836
2025-10-30 08:30:00+00:00,79,1200,58.66654518700789,249.80593434467878,560.9464900404184,1023.7188295939529,1312.964963334574,1537.5727652224696,1775.4877648352278,2015.1402758761026,2259.3675702108208,2526.522057151688,2855.3500823532213,3294.3868839349734,3661.8828586837753,4140.826665117945,4571.192245545567,5063.126114519108,6056.442108431605,7444.5274991921515,10740.850504953656,38115.95776657326,3726.18260587896
2025-10-30 08:45:00+00:00,80,1215,66.7461157688065,362.3326985821685,761.8846213444068,1256.1367773322324,1513.1658490454859,1774.2548363895332,2091.095195790784,2304.9232078247283,2570.8923502831094,2882.6066404433327,3235.8030271645516,3773.58457839522,4169.897669535672,4611.282596930586,5151.84799167016,5607.149059351472,6754.751241852772,8193.01828648879,11604.339083085064,41419.12401929961,3943.5615429530517
2025-10-30 09:00:00+00:00,81,1230,77.61711915834776,267.8513132851172,673.9473688081914,1276.9566613254347,1633.4404881208786,1887.3577081400633,2232.596258359405,2499.9767451872417,2757.381154653642,3060.957537925913,3461.912485139541,4047.7065599546972,4475.745180583052,4944.263432981081,5465.623803300406,6118.376644127902,7290.991805559184,8810.107028450848,12077.201730674202,44523.91117272131,4266.759310234371
2025-10-30 09:15:00+00:00,82,1245,7.301453568252238,177.48148673597694,457.49622093837456,1088.0698996268925,1492.2930842771952,1787.374886862934,2154.1021096052195,2449.271620187816,2705.7281031891716,3116.6145639465344,3427.7714188420396,4189.644022268964,4667.896113542272,5279.614592705766,5862.236402523845,6729.423003997734,7866.1399737891425,9284.95373338457,12451.93482303852,47285.12971817011,4406.424853772565
2025-10-30 09:30:00+00:00,83,1260,0.0,107.9898103945468,246.63774492652854,925.3363533723343,1342.5656811710562,1609.9988074648825,2036.7222035900252,2335.8943280310677,2693.228712682096,3062.4681934598534,3628.907586800085,4355.435090620514,4964.83153288929,5504.782956785761,6084.054268396862,7380.726222582144,8717.471186872732,10637.129513709962,12904.079710313124,49585.9646070667,4595.099947019401
2025-10-30 09:45:00+00:00,84,1275,0.0,125.90838037725453,274.93275246439566,1038.4523664499504,1474.0891796123055,1859.45438132308,2272.9285832305404,2624.7320108051886,3037.4797727437485,3496.19137904883,4313.437155624843,4885.747961437826,5406.671365802977,5989.4583062326,6701.187469767793,7975.7086360711655,9616.608803113082,11561.893949084935,13770.973077882913,51494.13109759682,5015.141400058405
2025-10-30 10:00:00+00:00,85,1290,0.0,264.8455165512993,816.2934835898766,1301.0980528329687,1659.2811282381072,2058.733440148835,2540.784093538356,2977.9998487956286,3630.398543275304,4231.901121621614,4783.2482143540665,5228.368045450957,5807.939182472026,6358.59552350164,7748.172038037693,9125.972904796985,10343.60031056933,12510.09686384832,15418.696138535435,53002.51131324957,5776.891281251697
2025-10-30 10:15:00+00:00,86,1305,126.70240985613177,648.397637642186,1159.1540435446493,1578.3966169980793,1999.237182802674,2442.0415158578076,2872.366773531925,3897.7820260094186,4496.807883444137,4941.621604465162,5459.628044929734,6035.7950254447,7358.744699162431,8222.098395174033,9455.781073127051,11028.794178134001,12809.543084938865,14978.368949504755,18458.717357473128,54105.89883929047,6795.020964916344
2025-10-30 10:30:00+00:00,87,1320,126.41340558387958,526.2945116946755,979.7755597411142,1356.7371294657682,1889.0785842037683,2518.444711163485,3424.0741293097103,4026.840450094722,4532.030350046949,5253.535898590083,5882.54733911986,7112.205415714669,7785.196732479615,8934.737446876432,10177.191469757112,11806.822202056814,13521.658510931326,15944.416573045519,18992.89103293807,54800.92004139125,7136.2688036069185
2025-10-30 10:45:00+00:00,88,1335,412.4262784116854,1261.251129755117,1793.000126951491,2200.77581136839,2882.125284234617,3599.935856055938,4461.481696198366,5058.738322450215,5657.259640426772,6223.602434790337,7025.899623104291,8126.038940113565,9083.526523489834,10233.464258452344,11848.0411491215,12957.423373802265,14805.77795555831,17049.708153887423,19822.328967650403,55086.01544568853,8144.7243857584435
2025-10-30 11:00:00+00:00,89,1350,1253.7595453397005,2086.4861914040002,2691.828814896808,3202.786676972298,3856.233644878668,4495.6863788049795,5382.822694047412,5960.110309289695,6549.168915862223,7157.4299121789445,8382.41827720156,9004.532311812742,9914.231982918478,10958.602198896595,12433.575428970678,13539.480287174938,15184.856343056836,17350.79685065773,20637.441201154703,54961.45098374277,8941.170895867395
2025-10-30 11:15:00+00:00,90,1365,1651.4287684716555,2452.987507703391,3090.699711403058,3566.378533289126,4133.515210564095,4807.697334193681,5671.087974068533,6237.34216716354,6627.178202229008,7111.532937663886,7871.509383612544,9026.804202980247,9677.516978887485,10674.195490464039,11617.77023816253,13102.147187393874,14374.651043025882,16920.199309124193,19984.89113085619,54429.34358802597,8869.725739530342
2025-10-30 11:30:00+00:00,91,1380,1843.5741023245707,2673.231136643751,3376.230673558034,3854.6237372838864,4309.141856737574,4903.854591843923,5708.2635611301685,6354.03907077866,6766.932620883564,7127.470792877185,7743.463819713383,9128.027456761023,9802.896801667543,10483.729239904666,11391.26074026306,12872.011428002887,14150.589042657657,16155.409348793757,19607.01483303447,53493.69512476688,8804.270454926205
2025-10-30 11:45:00+00:00,92,1395,1533.6974145982679,2773.9435659113874,3494.269436762195,4060.9722927510234,4949.543604649409,5530.159616341989,6029.3367460618265,6511.234678414036,7044.635926385577,7868.658911352838,8839.011204258928,9469.740797865254,10249.987668089812,11181.740307976728,12346.036808184326,13191.532986552296,14495.966366092629,16474.55529629749,19309.633202286994,52160.43613044162,9121.917640998034
2025-10-30 12:00:00+00:00,93,1410,1251.9885020866723,2549.4796405393736,3260.4434334223633,3931.6280496135514,4407.285862866056,4930.466225942252,5400.961929515397,5927.30877400408,6442.268872837603,7589.9265663026035,8370.198459799885,8876.5412018904,9691.909423622425,10878.580269849128,11535.017271126022,12809.918971363544,14611.894913844204,16880.61591468387,21133.148139909954,50437.488257878395,9245.130468023834
2025-10-30 12:15:00+00:00,94,1425,2129.6689797189642,3388.47196214788,4106.823984217325,4655.467893991515,5196.524059023495,5874.918153367532,6314.822633344725,6869.618181576777,7605.486305156792,8291.323651554147,8936.464223508772,9702.941204372835,10358.192118629648,11306.41529443547,12091.24237997717,13754.898619514242,16317.308779854227,18300.87515010323,25416.493911202422,48334.863037180105,10031.246976775103
2025-10-30 12:30:00+00:00,95,1440,1521.0781130765956,2099.8935668493027,2926.1991370230216,3557.6815786653638,4035.9821001063788,4795.066523819184,5388.412522015727,5969.286752616333,6995.190356709638,7794.832930640958,8547.75360148568,9221.45557834021,10173.195268912717,11309.943905070908,13134.018921745557,15631.982974182956,16985.91160669515,21597.893116525083,24905.05973128554,45864.827508835835,9764.062635570992
2025-10-30 12:45:00+00:00,96,1455,1371.6187266068673,2073.4018156820534,2780.9934965406314,3449.8490760840155,3834.1263707244566,4140.776115599786,4749.6306982580445,5320.3535498798365,5991.014181521853,6745.068501975357,7978.66823231118,8760.81335298773,9890.9983958069,11001.307750753138,13138.027045266059,15162.854417684206,17417.703321322388,21384.250492912102,24689.40895609321,42990.28139727237,9376.562791417657
2025-10-30 13:00:00+00:00,97,1470,1313.3421006687483,2072.818422324176,2591.9803427805255,3288.4570376093966,3599.084884603846,3955.075470507534,4663.6366581228585,5313.504052891123,5737.449573212338,6609.072305269404,7666.523874112509,8591.793996850227,9829.517656187027,11896.330149484931,13953.638382740679,15090.358059587144,19171.050550912874,21811.7049472842,24898.94377378152,39744.10453366236,9420.586809723642
2025-10-30 13:15:00+00:00,98,1485,1564.428304188118,2019.38772300391,2485.673129318542,2970.1224116720286,3331.886861158243,3664.0404760757606,4445.812159182548,4951.156813415583,5363.818504476064,6496.235207017155,7227.934761912821,8317.139621023787,9699.398726747348,11812.394894023115,13108.98139991512,14971.688718312382,17863.538676990225,19686.165982909748,23015.535338510163,36369.0752913514,8899.441529253238
2025-10-30 13:30:00+00:00,99,1500,1557.5423329937894,1929.2052812994932,2394.9323595746628,2807.4250964716166,3229.1305733155036,3870.7380430381236,4475.024786342829,4828.0455208921085,5754.255052906699,6600.226908940501,7448.012094098983,8337.278169540308,9998.56829088382,11157.767890975936,12077.280521826744,14441.717250156615,16857.144373308987,18158.998265583712,21752.425494685576,32721.41612018503,8574.730728630102
2025-10-30 13:45:00+00:00,100,1515,1519.4960433606464,1879.2361407060105,2263.891893289084,2686.1691248058155,2991.1919081272204,3340.004857436239,3967.1733368304117,4389.29804650662,5021.650376247751,5849.64917904696,6464.85758787797,7319.757921798086,8743.440004361066,10040.144145750068,10693.287007860408,12900.301755463082,15004.187255012675,16327.439639073118,19345.820699475647,28834.355340336973,7638.873249534829
2025-10-30 14:00:00+00:00,101,1530,1521.2037285657784,1849.778925213375,2124.432807593105,2488.5601870105515,2749.970347023889,2967.1816992222866,3353.8086806635597,3699.822984244607,4005.623682112171,4476.168605626147,5303.082567505709,6019.426977147016,6872.188557728783,8258.917395666725,9072.609988147726,10586.08076036328,12689.554950823853,13887.821504726337,16347.968901235985,24750.063055028186,6453.307024736212
2025-10-30 14:15:00+00:00,102,1545,1224.2530608128811,1560.31554843114,1825.5054707924712,2172.4058989961222,2322.3420857637498,2480.050459013796,2762.992740547229,3072.1551115201178,3368.514407737773,3675.6619213529575,4257.279168181996,4902.88770866897,5647.756163181906,6793.765982373646,7545.292842827851,8918.885544459383,10594.25685840174,11580.977838529154,13561.489393197413,20524.357122717418,5364.414973684673
2025-10-30 14:30:00+00:00,103,1560,999.100316815046,1330.9622317507963,1493.19105578598,1759.687069072979,1944.344781737494,2064.050568812278,2276.0627836083763,2499.887720375508,2733.301905053554,2927.332243485358,3351.2919240980405,3704.6496848767683,4396.533495141989,5161.553533133245,6009.305661599811,6516.182280824708,8296.582029167064,9146.36078556526,10826.481743294687,16149.686704008727,4236.635744429251
2025-10-30 14:45:00+00:00,104,1575,820.4204440684609,1048.0895635200568,1225.3037770076612,1425.3778913750684,1518.5461034787343,1600.547147116844,1800.1007549530566,1955.3824822923184,2124.891073935869,2390.585426161024,2726.02788106652,3151.269560408093,3629.886594327323,4168.433784833238,4581.898581043582,5428.167124927233,6228.534065374286,6843.161990798779,8172.468283036742,11717.515489229641,3448.8994238392474
2025-10-30 15:00:00+00:00,105,1590,503.76846361158067,675.7931322883297,816.7039978883489,937.4900842683413,1022.7778780937701,1159.8334265782323,1300.2764024314922,1405.3506100647783,1593.359209016564,1747.8738912041451,2009.2138414533365,2286.6419487201774,2544.6515147235964,2921.3988349274346,3149.0739505515785,3677.0348949280433,4070.932784752287,4524.3946614653305,5229.467348570184,7636.433450648399,2348.910931953742
2025-10-30 15:15:00+00:00,106,1605,205.9795125753642,276.55182950827054,350.8961468972954,397.188286873372,423.83554520867114,485.6064340147635,528.9471471436523,586.0681081616632,669.6095718327452,764.8894141680386,849.9441252970996,944.9238319974253,1068.4452005125156,1192.7327425810913,1295.993343731094,1490.7384794070058,1679.8311621473333,1841.8623025266875,2096.1405319137484,3041.935136336769,965.4019058778814
2025-10-30 15:30:00+00:00,107,1620,41.07854424238374,55.712629076392986,72.7460882945781,80.09618486531308,89.08970414456253,97.4316944658293,108.28654161520579,120.26863411825744,135.4313167113333,156.7945505507689,175.86537189924638,195.07350974809015,223.9751173746575,238.7585128902975,277.1476391238305,299.28049283587984,332.4257908594042,358.0357925059847,406.23047285957614,587.5348562507082,194.09545052915072
2025-10-30 15:45:00+00:00,108,1635,0.01106467761078413,0.014192606261634707,0.01646663461275199,0.019032338763470973,0.0207597967164617,0.022442083768247804,0.025015815876985145,0.027197807377205098,0.030209126916418635,0.03498651437492063,0.03961287133799035,0.04441526306623943,0.050870201481883155,0.05675761735627881,0.06320158269221439,0.07022959600081136,0.078279770382409,0.08582319030947225,0.1002139938373797,0.14353603237614335,0.0457011823067097
2025-10-30 16:00:00+00:00,109,1650,0.0,0.0,0.0,0.0,0.0,0.0,0.0,0.0,0.0,0.0,0.0,0.0,0.0,0.0,0.0,0.0,0.0,0.0,0.0,0.0,0.0
2025-10-30 16:15:00+00:00,110,1665,0.0,0.0,0.0,0.0,0.0,0.0,0.0,0.0,0.0,0.0,0.0,0.0,0.0,0.0,0.0,0.0,0.0,0.0,0.0,0.0,0.0
2025-10-30 16:30:00+00:00,111,1680,0.0,0.0,0.0,0.0,0.0,0.0,0.0,0.0,0.0,0.0,0.0,0.0,0.0,0.0,0.0,0.0,0.0,0.0,0.0,0.0,0.0
2025-10-30 16:45:00+00:00,112,1695,0.0,0.0,0.0,0.0,0.0,0.0,0.0,0.0,0.0,0.0,0.0,0.0,0.0,0.0,0.0,0.0,0.0,0.0,0.0,0.0,0.0
2025-10-30 17:00:00+00:00,113,1710,0.0,0.0,0.0,0.0,0.0,0.0,0.0,0.0,0.0,0.0,0.0,0.0,0.0,0.0,0.0,0.0,0.0,0.0,0.0,0.0,0.0
2025-10-30 17:15:00+00:00,114,1725,0.0,0.0,0.0,0.0,0.0,0.0,0.0,0.0,0.0,0.0,0.0,0.0,0.0,0.0,0.0,0.0,0.0,0.0,0.0,0.0,0.0
2025-10-30 17:30:00+00:00,115,1740,0.0,0.0,0.0,0.0,0.0,0.0,0.0,0.0,0.0,0.0,0.0,0.0,0.0,0.0,0.0,0.0,0.0,0.0,0.0,0.0,0.0
2025-10-30 17:45:00+00:00,116,1755,0.0,0.0,0.0,0.0,0.0,0.0,0.0,0.0,0.0,0.0,0.0,0.0,0.0,0.0,0.0,0.0,0.0,0.0,0.0,0.0,0.0
2025-10-30 18:00:00+00:00,117,1770,0.0,0.0,0.0,0.0,0.0,0.0,0.0,0.0,0.0,0.0,0.0,0.0,0.0,0.0,0.0,0.0,0.0,0.0,0.0,0.0,0.0
2025-10-30 18:15:00+00:00,118,1785,0.0,0.0,0.0,0.0,0.0,0.0,0.0,0.0,0.0,0.0,0.0,0.0,0.0,0.0,0.0,0.0,0.0,0.0,0.0,0.0,0.0
2025-10-30 18:30:00+00:00,119,1800,0.0,0.0,0.0,0.0,0.0,0.0,0.0,0.0,0.0,0.0,0.0,0.0,0.0,0.0,0.0,0.0,0.0,0.0,0.0,0.0,0.0
2025-10-30 18:45:00+00:00,120,1815,0.0,0.0,0.0,0.0,0.0,0.0,0.0,0.0,0.0,0.0,0.0,0.0,0.0,0.0,0.0,0.0,0.0,0.0,0.0,0.0,0.0
2025-10-30 19:00:00+00:00,121,1830,0.0,0.0,0.0,0.0,0.0,0.0,0.0,0.0,0.0,0.0,0.0,0.0,0.0,0.0,0.0,0.0,0.0,0.0,0.0,0.0,0.0
2025-10-30 19:15:00+00:00,122,1845,0.0,0.0,0.0,0.0,0.0,0.0,0.0,0.0,0.0,0.0,0.0,0.0,0.0,0.0,0.0,0.0,0.0,0.0,0.0,0.0,0.0
2025-10-30 19:30:00+00:00,123,1860,0.0,0.0,0.0,0.0,0.0,0.0,0.0,0.0,0.0,0.0,0.0,0.0,0.0,0.0,0.0,0.0,0.0,0.0,0.0,0.0,0.0
2025-10-30 19:45:00+00:00,124,1875,0.0,0.0,0.0,0.0,0.0,0.0,0.0,0.0,0.0,0.0,0.0,0.0,0.0,0.0,0.0,0.0,0.0,0.0,0.0,0.0,0.0
2025-10-30 20:00:00+00:00,125,1890,0.0,0.0,0.0,0.0,0.0,0.0,0.0,0.0,0.0,0.0,0.0,0.0,0.0,0.0,0.0,0.0,0.0,0.0,0.0,0.0,0.0
2025-10-30 20:15:00+00:00,126,1905,0.0,0.0,0.0,0.0,0.0,0.0,0.0,0.0,0.0,0.0,0.0,0.0,0.0,0.0,0.0,0.0,0.0,0.0,0.0,0.0,0.0
2025-10-30 20:30:00+00:00,127,1920,0.0,0.0,0.0,0.0,0.0,0.0,0.0,0.0,0.0,0.0,0.0,0.0,0.0,0.0,0.0,0.0,0.0,0.0,0.0,0.0,0.0
2025-10-30 20:45:00+00:00,128,1935,0.0,0.0,0.0,0.0,0.0,0.0,0.0,0.0,0.0,0.0,0.0,0.0,0.0,0.0,0.0,0.0,0.0,0.0,0.0,0.0,0.0
2025-10-30 21:00:00+00:00,129,1950,0.0,0.0,0.0,0.0,0.0,0.0,0.0,0.0,0.0,0.0,0.0,0.0,0.0,0.0,0.0,0.0,0.0,0.0,0.0,0.0,0.0
2025-10-30 21:15:00+00:00,130,1965,0.0,0.0,0.0,0.0,0.0,0.0,0.0,0.0,0.0,0.0,0.0,0.0,0.0,0.0,0.0,0.0,0.0,0.0,0.0,0.0,0.0
2025-10-30 21:30:00+00:00,131,1980,0.0,0.0,0.0,0.0,0.0,0.0,0.0,0.0,0.0,0.0,0.0,0.0,0.0,0.0,0.0,0.0,0.0,0.0,0.0,0.0,0.0
2025-10-30 21:45:00+00:00,132,1995,0.0,0.0,0.0,0.0,0.0,0.0,0.0,0.0,0.0,0.0,0.0,0.0,0.0,0.0,0.0,0.0,0.0,0.0,0.0,0.0,0.0
2025-10-30 22:00:00+00:00,133,2010,0.0,0.0,0.0,0.0,0.0,0.0,0.0,0.0,0.0,0.0,0.0,0.0,0.0,0.0,0.0,0.0,0.0,0.0,0.0,0.0,0.0
2025-10-30 22:15:00+00:00,134,2025,0.0,0.0,0.0,0.0,0.0,0.0,0.0,0.0,0.0,0.0,0.0,0.0,0.0,0.0,0.0,0.0,0.0,0.0,0.0,0.0,0.0
2025-10-30 22:30:00+00:00,135,2040,0.0,0.0,0.0,0.0,0.0,0.0,0.0,0.0,0.0,0.0,0.0,0.0,0.0,0.0,0.0,0.0,0.0,0.0,0.0,0.0,0.0
2025-10-30 22:45:00+00:00,136,2055,0.0,0.0,0.0,0.0,0.0,0.0,0.0,0.0,0.0,0.0,0.0,0.0,0.0,0.0,0.0,0.0,0.0,0.0,0.0,0.0,0.0
2025-10-30 23:00:00+00:00,137,2070,0.0,0.0,0.0,0.0,0.0,0.0,0.0,0.0,0.0,0.0,0.0,0.0,0.0,0.0,0.0,0.0,0.0,0.0,0.0,0.0,0.0
2025-10-30 23:15:00+00:00,138,2085,0.0,0.0,0.0,0.0,0.0,0.0,0.0,0.0,0.0,0.0,0.0,0.0,0.0,0.0,0.0,0.0,0.0,0.0,0.0,0.0,0.0
2025-10-30 23:30:00+00:00,139,2100,0.0,0.0,0.0,0.0,0.0,0.0,0.0,0.0,0.0,0.0,0.0,0.0,0.0,0.0,0.0,0.0,0.0,0.0,0.0,0.0,0.0
2025-10-30 23:45:00+00:00,140,2115,0.0,0.0,0.0,0.0,0.0,0.0,0.0,0.0,0.0,0.0,0.0,0.0,0.0,0.0,0.0,0.0,0.0,0.0,0.0,0.0,0.0
2025-10-31 00:00:00+00:00,141,2130,0.0,0.0,0.0,0.0,0.0,0.0,0.0,0.0,0.0,0.0,0.0,0.0,0.0,0.0,0.0,0.0,0.0,0.0,0.0,0.0,0.0
2025-10-31 00:15:00+00:00,142,2145,0.0,0.0,0.0,0.0,0.0,0.0,0.0,0.0,0.0,0.0,0.0,0.0,0.0,0.0,0.0,0.0,0.0,0.0,0.0,0.0,0.0
2025-10-31 00:30:00+00:00,143,2160,0.0,0.0,0.0,0.0,0.0,0.0,0.0,0.0,0.0,0.0,0.0,0.0,0.0,0.0,0.0,0.0,0.0,0.0,0.0,0.0,0.0
2025-10-31 00:45:00+00:00,144,2175,0.0,0.0,0.0,0.0,0.0,0.0,0.0,0.0,0.0,0.0,0.0,0.0,0.0,0.0,0.0,0.0,0.0,0.0,0.0,0.0,0.0
2025-10-31 01:00:00+00:00,145,2190,0.0,0.0,0.0,0.0,0.0,0.0,0.0,0.0,0.0,0.0,0.0,0.0,0.0,0.0,0.0,0.0,0.0,0.0,0.0,0.0,0.0
2025-10-31 01:15:00+00:00,146,2205,0.0,0.0,0.0,0.0,0.0,0.0,0.0,0.0,0.0,0.0,0.0,0.0,0.0,0.0,0.0,0.0,0.0,0.0,0.0,0.0,0.0
2025-10-31 01:30:00+00:00,147,2220,0.0,0.0,0.0,0.0,0.0,0.0,0.0,0.0,0.0,0.0,0.0,0.0,0.0,0.0,0.0,0.0,0.0,0.0,0.0,0.0,0.0
2025-10-31 01:45:00+00:00,148,2235,0.0,0.0,0.0,0.0,0.0,0.0,0.0,0.0,0.0,0.0,0.0,0.0,0.0,0.0,0.0,0.0,0.0,0.0,0.0,0.0,0.0
2025-10-31 02:00:00+00:00,149,2250,0.0,0.0,0.0,0.0,0.0,0.0,0.0,0.0,0.0,0.0,0.0,0.0,0.0,0.0,0.0,0.0,0.0,0.0,0.0,0.0,0.0
2025-10-31 02:15:00+00:00,150,2265,0.0,0.0,0.0,0.0,0.0,0.0,0.0,0.0,0.0,0.0,0.0,0.0,0.0,0.0,0.0,0.0,0.0,0.0,0.0,0.0,0.0
2025-10-31 02:30:00+00:00,151,2280,0.0,0.0,0.0,0.0,0.0,0.0,0.0,0.0,0.0,0.0,0.0,0.0,0.0,0.0,0.0,0.0,0.0,0.0,0.0,0.0,0.0
2025-10-31 02:45:00+00:00,152,2295,0.0,0.0,0.0,0.0,0.0,0.0,0.0,0.0,0.0,0.0,0.0,0.0,0.0,0.0,0.0,0.0,0.0,0.0,0.0,0.0,0.0
2025-10-31 03:00:00+00:00,153,2310,0.0,0.0,0.0,0.0,0.0,0.0,0.0,0.0,0.0,0.0,0.0,0.0,0.0,0.0,0.0,0.0,0.0,0.0,0.0,0.0,0.0
2025-10-31 03:15:00+00:00,154,2325,0.0,0.0,0.0,0.0,0.0,0.0,0.0,0.0,0.0,0.0,0.0,0.0,0.0,0.0,0.0,0.0,0.0,0.0,0.0,0.0,0.0
2025-10-31 03:30:00+00:00,155,2340,0.0,0.0,0.0,0.0,0.0,0.0,0.0,0.0,0.0,0.0,0.0,0.0,0.0,0.0,0.0,0.0,0.0,0.0,0.0,0.0,0.0
2025-10-31 03:45:00+00:00,156,2355,0.0,0.0,0.0,0.0,0.0,0.0,0.0,0.0,0.0,0.0,0.0,0.0,0.0,0.0,0.0,0.0,0.0,0.0,0.0,0.0,0.0
2025-10-31 04:00:00+00:00,157,2370,0.0,0.0,0.0,0.0,0.0,0.0,0.0,0.0,0.0,0.0,0.0,0.0,0.0,0.0,0.0,0.0,0.0,0.0,0.0,0.0,0.0
2025-10-31 04:15:00+00:00,158,2385,0.0,0.0,0.0,0.0,0.0,0.0,0.0,0.0,0.0,0.0,0.0,0.0,0.0,0.0,0.0,0.0,0.0,0.0,0.0,0.0,0.0
2025-10-31 04:30:00+00:00,159,2400,0.0,0.0,0.0,0.0,0.0,0.0,0.0,0.0,0.0,0.0,0.0,0.0,0.0,0.0,0.0,0.0,0.0,0.0,0.0,0.0,0.0
2025-10-31 04:45:00+00:00,160,2415,0.0,0.0,0.0,0.0,0.0,0.0,0.0,0.0,0.0,0.0,0.0,0.0,0.0,0.0,0.0,0.0,0.0,0.0,0.0,0.0,0.0
2025-10-31 05:00:00+00:00,161,2430,0.0,0.0,0.0,0.0,0.0,0.0,0.0,0.0,0.0,0.0,0.0,0.0,0.0,0.0,0.0,0.0,0.0,0.0,0.0,0.0,0.0
2025-10-31 05:15:00+00:00,162,2445,0.0,0.0,0.0,0.0,0.0,0.0,0.0,0.0,0.0,0.0,0.0,0.0,0.0,0.0,0.0,0.0,0.0,0.0,0.0,0.0,0.0
2025-10-31 05:30:00+00:00,163,2460,0.0,0.0,0.0,0.0,0.0,0.0,0.0,0.0,0.0,0.0,0.0,0.0,0.0,0.0,0.0,0.0,0.0,0.0,0.0,0.0,0.0
2025-10-31 05:45:00+00:00,164,2475,0.0,0.0,0.0,0.0,0.0,0.0,0.0,0.0,0.0,0.0,0.0,0.0,0.0,0.0,0.0,0.0,0.0,0.0,0.0,0.0,0.0
2025-10-31 06:00:00+00:00,165,2490,0.0,0.0,0.0,0.0,0.0,0.0,0.0,2.516456473737218e-11,7.63107255347583e-11,1.2745688633214444e-10,1.786030471295306e-10,2.2974920792691677e-10,2.8089536872430286e-10,3.3204152952168903e-10,3.831876903190751e-10,2.1581840095497614e-09,6.532339735608828e-09,1.2197510525491153e-08,1.706971331701108e-08,6.851263343699301e-08,2.9508645465681353e-09
2025-10-31 06:15:00+00:00,166,2505,0.0,0.0,0.0,0.0,0.0,0.0,0.19115363879823685,0.5044054133733574,0.8176571879484781,1.1309089625235986,1.4441607370987197,1.7574125116738406,3.239621727970162,14.712440644068327,22.75170456728437,36.58370784349816,57.690437129952244,80.07096062017989,104.15457176367867,325.40070013108453,21.348736554011243
2025-10-31 06:30:00+00:00,167,2520,0.0,0.0,0.0,0.0,0.0,3.514102398947051,7.618259305179977,11.722416211412906,15.82657311764583,19.93073002387876,24.03488693011169,80.84318203702624,168.12086367323417,235.58612817053682,291.2533116334833,405.43018847349856,529.2198628953486,708.3327939927434,862.6690317354374,2254.5392028832775,227.93367108182358
2025-10-31 06:45:00+00:00,168,2535,43.277913772647075,238.10877992259614,442.58743731034014,614.3947235383476,723.9137222928535,971.5391475909113,1140.4850909524646,1334.219434084968,1481.8324403901759,1604.2403329656945,1721.6591274957616,1874.3721027219908,2087.822143458763,2348.0147608792836,2597.173638276497,2948.075334863969,3419.1522258568953,3863.3468064272115,4441.634575665075,7624.836281024297,1895.0847829808783
2025-10-31 07:00:00+00:00,169,2550,304.74946575601604,858.2742602150349,1246.6247365791182,1468.344352942397,1695.5799715156322,2006.52195612837,2288.8175473416736,2604.2254440144497,2805.513795669459,3003.535026817416,3239.779364820174,3671.703828191792,4066.744122489505,4443.257799150441,5049.642790762755,5661.508218279993,6252.59941862776,7048.111605055701,8313.317053319128,12146.694634590105,3631.2209454315916
2025-10-31 07:15:00+00:00,170,2565,1031.4815837564854,1682.8534316823877,2167.576719321603,2504.072397854585,2977.02558280206,3248.6747011171724,3642.6465810209065,3998.769312379271,4347.64971508752,4617.068078327453,5176.0826410234085,5764.846281954848,6331.9984314272415,6985.241164996225,7807.755475410387,8449.330206405006,9147.474215000728,10432.786099468083,11947.088626837423,16766.2989877328,5574.700245403206
2025-10-31 07:30:00+00:00,171,2580,2094.7235393198234,2942.124938718084,3479.266057447292,3988.303520173851,4404.683194451166,4917.90754514596,5353.543342023607,5818.0092625802445,6253.144930028634,7085.779661046558,7823.581192687326,8736.534541381621,9624.160474883323,10706.403531601703,11553.699774468367,12680.377846607593,13548.30799431252,14727.768360177555,15734.41448942997,21461.693273619592,8171.0222877857905
2025-10-31 07:45:00+00:00,172,2595,2954.064737238384,3398.493773284227,4075.8084737481813,4372.551919769756,4963.318877302136,5780.993177337114,6590.8495662432815,7201.011332505529,7666.602286504316,8148.460626368303,8744.74459646351,9689.26643885416,10566.996458113994,11607.654735060358,13118.10786456758,14542.463056192202,16616.589975151954,18002.466479869647,19350.826461047036,25834.950601391418,9636.189427489862
2025-10-31 08:00:00+00:00,173,2610,3673.4846751255855,4153.644220135983,5021.101426513794,5546.84044160503,6567.715462703184,7199.190937778284,8072.011891344396,8844.54002559852,9331.49284703966,9900.98680985559,10971.121741604444,12067.183467566261,13436.74233270953,15017.558669033719,16448.488609892065,17869.12547983193,19695.570793997456,21166.099165373744,22597.054031198102,30005.904975426558,11775.797636322535
2025-10-31 08:15:00+00:00,174,2625,4115.451228237454,4856.28759460863,5698.957396447531,6619.518892276368,7511.782681659902,8072.368140727582,9071.658511727901,9884.242486387393,10526.043242836402,11487.69166844031,12774.415795140872,14191.012234239011,15424.17881032329,17651.673861383762,19106.46896759269,20837.730622093022,22334.72301173259,23964.027382300916,25466.894136730534,33922.16287594728,13488.691279277306
2025-10-31 08:30:00+00:00,175,2640,4839.525635642708,6049.2738847579985,6868.215552616885,7953.386213100616,8703.827750579185,9807.073446826442,10620.328696369748,11228.47829218077,12392.635160411764,13537.272414533345,14691.346598602004,16194.237491583466,18404.166349705683,20137.749137814055,21545.791983597082,23527.78753766551,24835.684941650983,26437.294255168563,28024.943663245536,37547.10851903502,15429.762717465093
2025-10-31 08:45:00+00:00,176,2655,5312.772427571846,6738.220442696844,7810.374176987341,8865.178447755576,9634.91248898007,10946.902653378282,11727.858124508173,12759.673517387693,13905.632873305804,14985.210715302648,16341.461215124662,18254.89601462312,20434.441426028126,22218.47497266857,23431.375613638796,25115.821646495915,26842.51197375008,28496.83313114958,30279.964900301,40853.642915705226,16917.519052317897
2025-10-31 09:00:00+00:00,177,2670,6228.874012738802,7474.281292790714,8719.383739034198,9709.124567886332,10627.588116301786,11742.37877089134,12405.145236790133,13367.261976759546,14522.947063610183,15526.489986849412,16960.05122544597,19674.042729384102,21944.222333050464,23695.370212039812,24875.24569080901,27200.793288550165,28715.963110016448,30497.78447324994,32193.54550888584,43895.09414583309,17915.18189329957
2025-10-31 09:15:00+00:00,178,2685,6262.738614967774,7839.322620849379,9152.915061305688,10253.952780356118,11452.412475181802,12510.130355931464,13213.424566749589,14323.428255258113,15711.802752087948,16620.98103895373,18259.668991911505,21473.283061057922,23559.83160686774,25559.971206260947,26782.84334538491,29312.78799313735,30840.71996482485,32699.649996539625,34054.74580929284,46704.262452655545,19135.75187923187
2025-10-31 09:30:00+00:00,179,2700,6001.53810942677,7708.395674241601,9143.841332595244,10435.848329115446,12022.903367074585,13032.838137822951,13982.28603704044,15530.745579985893,16717.40624904138,17883.931310107782,20323.03221388964,22592.740540007875,24736.03711851947,26708.834118217717,28488.08242908259,30829.913140700257,32348.732963816135,33955.56456562956,35454.21091573111,49008.84088774507,20104.584936203762
2025-10-31 09:45:00+00:00,180,2715,6166.384477881753,8291.644557152147,9609.960304417018,11016.797519061585,12787.136788484033,14027.247656074911,15322.349329773382,17111.426913096715,18121.82635705917,19493.666252714167,21873.556666655153,24414.689503169728,26321.89636189991,27929.873388029853,30019.50003673958,32402.805237844877,33796.85049276652,35296.2247320733,37050.5329968259,50919.97750215711,21201.054267314026
2025-10-31 10:00:00+00:00,181,2730,6157.741898218098,8677.20571393779,10316.264066211068,11404.304889169654,13412.420826294145,14838.47887502744,16845.53324309473,17920.26435959111,19301.60497035816,21666.845767396044,23818.75660899624,26307.927471350984,28446.862541440158,30393.96555812517,33022.04836350036,34109.849683339504,35342.38499339795,36749.93030214263,37939.617470445875,52430.6262909868,22470.806438679618
2025-10-31 10:15:00+00:00,182,2745,7040.930214244196,9716.748746994694,11600.785135680071,13491.196725327749,14848.904079745827,17170.368283715932,18211.680562750753,19378.486671534953,20590.849860401886,23295.69727826829,25735.15237061525,28238.3417378142,29866.537744583933,32279.749202127663,34504.47314235841,35570.703059391824,36715.03703982453,38127.3247650869,38893.4181399579,53535.65670709292,23931.930126041043
2025-10-31 10:30:00+00:00,183,2760,7837.0153062180225,10435.47910862709,12225.989064883248,14804.612479382304,16568.94752437591,18278.754696985365,19087.36916554464,20799.636228471216,23249.830505214304,26122.484697921027,28486.527649038962,30316.56051574345,32508.30609406471,34831.370466721004,36044.60488110556,36870.31254524125,37733.19988349523,38945.85551170962,39626.739945267334,54231.764322757735,25475.454285382904
2025-10-31 10:45:00+00:00,184,2775,7061.340076969005,10040.675116186929,11968.3805388778,14536.563258816679,16569.4716646612,18102.46810510968,18938.101000664326,20204.04777823127,22637.864297688633,25116.96826906811,28349.544477446354,30298.338257794545,32671.010602123908,35218.228826022794,36399.39552794783,37221.162302132616,38149.18567994185,39118.615646816295,39863.64218077142,54517.44673870724,25359.023590686218
2025-10-31 11:00:00+00:00,185,2790,6545.026873522409,9893.326504841189,11654.793215682635,14103.92989326892,16136.528501068296,17727.267659702495,18631.13700438725,19976.99740621519,21799.238187387164,24481.322592546177,28572.266744419463,30470.994584798817,33540.26907002946,35556.50410166979,36579.6848201285,37409.39868768995,38411.5753242755,39054.51662398616,39755.20662481744,54393.0123567971,25242.010338921154
2025-10-31 11:15:00+00:00,186,2805,6268.008998584366,9279.884747558552,11151.8272157863,13485.598208732577,15804.762774906729,17349.710984331963,18239.73641629196,19946.530833661353,21759.57896510856,24817.71007947563,28742.169018191234,30962.87714235781,33780.45951520978,35288.32208463817,36101.949877900355,36949.84250885934,37907.57446730359,38377.72240984508,39122.8125306948,53860.60538079806,24956.448661836108
2025-10-31 11:30:00+00:00,187,2820,6090.348360659292,8733.095814259439,10856.049200367092,13002.396038551598,15370.566383243722,16824.364560496484,18010.749136952578,19578.428010296568,22624.14691071795,27237.701552018832,29106.735803547257,32294.53043680529,33880.34538105091,34920.060110627215,35443.46293022396,36361.3415676375,37109.4273898407,37642.54048471492,38442.06990978532,52924.24055776523,24910.428843162743
2025-10-31 11:45:00+00:00,188,2835,6058.9989274718955,8789.778014218467,10362.825138109254,11623.905420608186,13879.860748949903,16243.431462811426,17225.97702477556,18269.17792919438,19697.970034279588,22321.012188195058,26765.811820508472,28815.846744506707,31541.11494457626,33672.376423134105,34815.87473367141,35787.47848312301,36627.3673031298,37165.90812115512,38319.48468002118,51589.84912385515,23621.740154010728
2025-10-31 12:00:00+00:00,189,2850,5634.1706248442415,8066.045946686191,9290.906646346304,10839.23639435591,12759.197240208869,15001.978367066351,16406.27957906707,17402.9841962465,19024.555605597558,21293.040888523235,25074.623572626067,27181.345848472913,29308.650997230678,31709.705046721705,33319.529115857,34212.53810784035,35321.96559995572,35950.85077957741,37065.072276449326,49865.345307964126,22391.299879831717
2025-10-31 12:15:00+00:00,190,2865,5199.549564643342,8861.283740655319,10480.844468727013,11929.356742876806,12986.395135948356,14706.880699892698,15926.32690917812,17449.018608733117,18885.068544477184,21010.52107266204,23032.88596724423,25503.696107171578,27093.639169248137,28126.087422223343,30300.947512617873,31696.31603476633,33161.620038880115,34071.51283708977,36013.56783195025,47760.732019863484,22012.014572663975
2025-10-31 12:30:00+00:00,191,2880,5318.3360406989395,7444.608507199627,8532.521895577987,10039.259091773996,11651.803535257963,12432.065852680118,14329.334536496775,15593.010620532079,16701.69146404585,18550.14792072496,20462.240091015075,23135.036555700597,24935.20396400219,26215.119017040754,27117.34971303332,28659.69314567162,30570.31433760173,32065.12967567986,32968.494934799455,45288.27819774013,19298.875154129506
2025-10-31 12:45:00+00:00,192,2895,4893.146354706258,7008.989620354206,8038.328545175001,9285.148123115607,10729.31274971611,11580.418377751977,13209.025795432617,14323.816027598212,15410.50754922736,16640.42371697482,18982.696629892653,21455.228197761793,23174.494993263706,24300.373256305706,25312.232575553728,26758.977700283438,28457.041803411877,29851.22790177313,30757.519905341705,42364.96185382556,17970.86393845249
2025-10-31 13:00:00+00:00,193,2910,4526.546389990718,6561.506177781627,7365.27347378415,8531.580642400053,9803.956830522206,10600.713128496953,11782.649362349663,13002.95723149448,13984.87419453007,15182.417563785151,17101.495404757577,19470.787477500347,20846.460984823134,22308.174149149723,23255.64217946235,24513.60006286888,26230.268208255296,27401.82486642699,28244.266363423943,39184.78667136628,16426.18473282615
2025-10-31 13:15:00+00:00,194,2925,4139.966173550052,6062.923580141631,6749.5700933933185,7840.097605143055,8939.062301584561,9651.223080245789,10649.86013325922,11747.517764978273,12841.458421382433,13814.095647750892,15438.444342797362,17155.545634539667,18916.742761195128,20193.965591425585,21176.333448356294,22329.787673661267,23959.96012008419,24933.483638869682,25847.82102242155,35808.729023598986,14935.02075112906
2025-10-31 13:30:00+00:00,195,2940,3830.292240830493,5571.055273791266,6288.745144238025,7226.498532465711,8251.54326063798,8770.88653683138,10066.169757700076,11050.948227947398,11900.735791650972,12603.178092816996,14667.113346320966,16410.32591744431,17629.801893949025,18558.741001364924,19281.47424685304,20236.913283099795,21763.318536361563,22733.47676863078,23339.79453311192,32160.45635712242,13712.350273342017
2025-10-31 13:45:00+00:00,196,2955,3235.058676281943,4621.927059748103,5135.893779202605,5942.52449739862,6774.394033273513,7325.406488737088,8067.223403616926,9191.57555347852,9814.573175103731,10562.824438778138,11887.868749132585,13264.877687879965,14659.651599587447,15631.906722347208,16490.53793678114,17118.232657059994,18678.885734694268,19411.159396242,20072.228670658526,28273.747123741327,11507.2992061208
2025-10-31 14:00:00+00:00,197,2970,2439.505769739867,3659.3499472471167,4028.1805855967614,4815.929962226678,5329.080051691887,6068.988811853695,6417.105236222886,7503.9609712529955,8129.369829434751,8823.238273854904,9936.014531485424,10959.47269503677,12210.62983425105,13132.681703321661,13751.036937733972,14331.324622004264,15133.458465021062,16255.699677467246,16896.019440353815,24191.778899533154,9508.989335108508
2025-10-31 14:15:00+00:00,198,2985,1485.977669598115,2484.997160205492,3163.1790550321302,3729.0592478984513,4194.154827971706,4867.931284035656,5225.9272667549985,6020.439053350929,6509.40141628269,6979.944810068799,7412.6044138732705,8329.44332003357,9087.767451152515,10178.357383263681,10908.835220303778,11538.988309572664,12045.107496386956,13111.760427352317,13868.997635093277,19972.218845198608,7485.885240961282
2025-10-31 14:30:00+00:00,199,3000,1120.7863121209245,1648.8724085066458,2233.9718900996354,2587.350990725171,3149.525917476036,3400.4230009482776,3862.922652250794,4175.798883648936,4750.938478020896,5181.624809262668,5491.659219012775,5900.295140097037,6482.327821749547,7285.281562985474,8251.813451369217,8620.516026333087,9198.092573175132,10056.477519728078,10889.548015683991,15546.832982810136,5573.825061275516
2025-10-31 14:45:00+00:00,200,3015,664.2528022390411,948.1093701340202,1282.0515278081234,1700.0243049398657,1918.2854057599363,2344.681135693958,2585.0587871409334,2873.4330018444375,3145.5188590090615,3550.3503481804487,3864.7836815906867,4127.542431605613,4569.437184807119,5126.419576913498,5837.001224990666,6182.237190972669,6627.970269305013,7277.511410157522,8329.358651159413,11208.047256029042,3904.5107055430913
2025-10-31 15:00:00+00:00,201,3030,383.2235046568834,573.4920513305224,860.6351625881528,1104.9590109779879,1267.886893732667,1516.36991901111,1692.1766834660366,1835.0998833839174,2004.62044159224,2251.3769683561704,2443.918052997594,2600.921631557338,2938.687556671614,3251.4112715125857,3648.899921220708,3895.520446147261,4166.168239839718,4602.908414449676,5286.4438600878475,7112.123000838268,2479.5657226489798
2025-10-31 15:15:00+00:00,202,3045,111.39390740469352,198.54619915681576,310.77244460575776,384.8207792350326,429.723199066835,526.7757423295516,560.9845137168318,624.0662028115029,669.3788483959404,725.8090832283316,802.9375133809918,867.1906442321838,925.7456554252686,1049.5344269178077,1171.9314122141739,1313.1879952613467,1412.578498572706,1554.219625384563,1778.5070703762303,2508.7673933010205,828.5794193475624
2025-10-31 15:30:00+00:00,203,3060,18.415947141730598,35.92333824070283,53.15590627366537,65.51938843088104,72.99553699183791,87.10739909816151,95.45991214329342,103.41792426334227,114.74517882950958,124.53062090033096,132.50417214223364,146.221001820531,156.1659018307017,170.50088069787378,196.8506714026293,213.94409550259437,236.3881820504512,262.04082045153643,304.8489260243095,430.52129533735047,139.47199376105
2025-10-31 15:45:00+00:00,204,3075,0.0012414217564316367,0.0016596793800513691,0.0019586063098034076,0.0023182854269352708,0.0026202009998491493,0.0030874582223501994,0.003304856149120232,0.003598258432251294,0.003910881886875637,0.004240986003502326,0.004578942577861313,0.00509160076525256,0.005557200600817061,0.0063194006713669995,0.007012491324492349,0.007632516146558224,0.008204504284455147,0.008964407636895445,0.010118688142054877,0.014516956901147609,0.00491701997056492
2025-10-31 16:00:00+00:00,205,3090,0.0,0.0,0.0,0.0,0.0,0.0,0.0,0.0,0.0,0.0,0.0,0.0,0.0,0.0,0.0,0.0,0.0,0.0,0.0,0.0,0.0
2025-10-31 16:15:00+00:00,206,3105,0.0,0.0,0.0,0.0,0.0,0.0,0.0,0.0,0.0,0.0,0.0,0.0,0.0,0.0,0.0,0.0,0.0,0.0,0.0,0.0,0.0
2025-10-31 16:30:00+00:00,207,3120,0.0,0.0,0.0,0.0,0.0,0.0,0.0,0.0,0.0,0.0,0.0,0.0,0.0,0.0,0.0,0.0,0.0,0.0,0.0,0.0,0.0
2025-10-31 16:45:00+00:00,208,3135,0.0,0.0,0.0,0.0,0.0,0.0,0.0,0.0,0.0,0.0,0.0,0.0,0.0,0.0,0.0,0.0,0.0,0.0,0.0,0.0,0.0
2025-10-31 17:00:00+00:00,209,3150,0.0,0.0,0.0,0.0,0.0,0.0,0.0,0.0,0.0,0.0,0.0,0.0,0.0,0.0,0.0,0.0,0.0,0.0,0.0,0.0,0.0
2025-10-31 17:15:00+00:00,210,3165,0.0,0.0,0.0,0.0,0.0,0.0,0.0,0.0,0.0,0.0,0.0,0.0,0.0,0.0,0.0,0.0,0.0,0.0,0.0,0.0,0.0
2025-10-31 17:30:00+00:00,211,3180,0.0,0.0,0.0,0.0,0.0,0.0,0.0,0.0,0.0,0.0,0.0,0.0,0.0,0.0,0.0,0.0,0.0,0.0,0.0,0.0,0.0
2025-10-31 17:45:00+00:00,212,3195,0.0,0.0,0.0,0.0,0.0,0.0,0.0,0.0,0.0,0.0,0.0,0.0,0.0,0.0,0.0,0.0,0.0,0.0,0.0,0.0,0.0
2025-10-31 18:00:00+00:00,213,3210,0.0,0.0,0.0,0.0,0.0,0.0,0.0,0.0,0.0,0.0,0.0,0.0,0.0,0.0,0.0,0.0,0.0,0.0,0.0,0.0,0.0
2025-10-31 18:15:00+00:00,214,3225,0.0,0.0,0.0,0.0,0.0,0.0,0.0,0.0,0.0,0.0,0.0,0.0,0.0,0.0,0.0,0.0,0.0,0.0,0.0,0.0,0.0
2025-10-31 18:30:00+00:00,215,3240,0.0,0.0,0.0,0.0,0.0,0.0,0.0,0.0,0.0,0.0,0.0,0.0,0.0,0.0,0.0,0.0,0.0,0.0,0.0,0.0,0.0
2025-10-31 18:45:00+00:00,216,3255,0.0,0.0,0.0,0.0,0.0,0.0,0.0,0.0,0.0,0.0,0.0,0.0,0.0,0.0,0.0,0.0,0.0,0.0,0.0,0.0,0.0
2025-10-31 19:00:00+00:00,217,3270,0.0,0.0,0.0,0.0,0.0,0.0,0.0,0.0,0.0,0.0,0.0,0.0,0.0,0.0,0.0,0.0,0.0,0.0,0.0,0.0,0.0
2025-10-31 19:15:00+00:00,218,3285,0.0,0.0,0.0,0.0,0.0,0.0,0.0,0.0,0.0,0.0,0.0,0.0,0.0,0.0,0.0,0.0,0.0,0.0,0.0,0.0,0.0
2025-10-31 19:30:00+00:00,219,3300,0.0,0.0,0.0,0.0,0.0,0.0,0.0,0.0,0.0,0.0,0.0,0.0,0.0,0.0,0.0,0.0,0.0,0.0,0.0,0.0,0.0
2025-10-31 19:45:00+00:00,220,3315,0.0,0.0,0.0,0.0,0.0,0.0,0.0,0.0,0.0,0.0,0.0,0.0,0.0,0.0,0.0,0.0,0.0,0.0,0.0,0.0,0.0
2025-10-31 20:00:00+00:00,221,3330,0.0,0.0,0.0,0.0,0.0,0.0,0.0,0.0,0.0,0.0,0.0,0.0,0.0,0.0,0.0,0.0,0.0,0.0,0.0,0.0,0.0
2025-10-31 20:15:00+00:00,222,3345,0.0,0.0,0.0,0.0,0.0,0.0,0.0,0.0,0.0,0.0,0.0,0.0,0.0,0.0,0.0,0.0,0.0,0.0,0.0,0.0,0.0
2025-10-31 20:30:00+00:00,223,3360,0.0,0.0,0.0,0.0,0.0,0.0,0.0,0.0,0.0,0.0,0.0,0.0,0.0,0.0,0.0,0.0,0.0,0.0,0.0,0.0,0.0
2025-10-31 20:45:00+00:00,224,3375,0.0,0.0,0.0,0.0,0.0,0.0,0.0,0.0,0.0,0.0,0.0,0.0,0.0,0.0,0.0,0.0,0.0,0.0,0.0,0.0,0.0
2025-10-31 21:00:00+00:00,225,3390,0.0,0.0,0.0,0.0,0.0,0.0,0.0,0.0,0.0,0.0,0.0,0.0,0.0,0.0,0.0,0.0,0.0,0.0,0.0,0.0,0.0
2025-10-31 21:15:00+00:00,226,3405,0.0,0.0,0.0,0.0,0.0,0.0,0.0,0.0,0.0,0.0,0.0,0.0,0.0,0.0,0.0,0.0,0.0,0.0,0.0,0.0,0.0
2025-10-31 21:30:00+00:00,227,3420,0.0,0.0,0.0,0.0,0.0,0.0,0.0,0.0,0.0,0.0,0.0,0.0,0.0,0.0,0.0,0.0,0.0,0.0,0.0,0.0,0.0
2025-10-31 21:45:00+00:00,228,3435,0.0,0.0,0.0,0.0,0.0,0.0,0.0,0.0,0.0,0.0,0.0,0.0,0.0,0.0,0.0,0.0,0.0,0.0,0.0,0.0,0.0
2025-10-31 22:00:00+00:00,229,3450,0.0,0.0,0.0,0.0,0.0,0.0,0.0,0.0,0.0,0.0,0.0,0.0,0.0,0.0,0.0,0.0,0.0,0.0,0.0,0.0,0.0
2025-10-31 22:15:00+00:00,230,3465,0.0,0.0,0.0,0.0,0.0,0.0,0.0,0.0,0.0,0.0,0.0,0.0,0.0,0.0,0.0,0.0,0.0,0.0,0.0,0.0,0.0
2025-10-31 22:30:00+00:00,231,3480,0.0,0.0,0.0,0.0,0.0,0.0,0.0,0.0,0.0,0.0,0.0,0.0,0.0,0.0,0.0,0.0,0.0,0.0,0.0,0.0,0.0
2025-10-31 22:45:00+00:00,232,3495,0.0,0.0,0.0,0.0,0.0,0.0,0.0,0.0,0.0,0.0,0.0,0.0,0.0,0.0,0.0,0.0,0.0,0.0,0.0,0.0,0.0
2025-10-31 23:00:00+00:00,233,3510,0.0,0.0,0.0,0.0,0.0,0.0,0.0,0.0,0.0,0.0,0.0,0.0,0.0,0.0,0.0,0.0,0.0,0.0,0.0,0.0,0.0
2025-10-31 23:15:00+00:00,234,3525,0.0,0.0,0.0,0.0,0.0,0.0,0.0,0.0,0.0,0.0,0.0,0.0,0.0,0.0,0.0,0.0,0.0,0.0,0.0,0.0,0.0
2025-10-31 23:30:00+00:00,235,3540,0.0,0.0,0.0,0.0,0.0,0.0,0.0,0.0,0.0,0.0,0.0,0.0,0.0,0.0,0.0,0.0,0.0,0.0,0.0,0.0,0.0
2025-10-31 23:45:00+00:00,236,3555,0.0,0.0,0.0,0.0,0.0,0.0,0.0,0.0,0.0,0.0,0.0,0.0,0.0,0.0,0.0,0.0,0.0,0.0,0.0,0.0,0.0
2025-11-01 00:00:00+00:00,237,3570,0.0,0.0,0.0,0.0,0.0,0.0,0.0,0.0,0.0,0.0,0.0,0.0,0.0,0.0,0.0,0.0,0.0,0.0,0.0,0.0,0.0
2025-11-01 00:15:00+00:00,238,3585,0.0,0.0,0.0,0.0,0.0,0.0,0.0,0.0,0.0,0.0,0.0,0.0,0.0,0.0,0.0,0.0,0.0,0.0,0.0,0.0,0.0
2025-11-01 00:30:00+00:00,239,3600,0.0,0.0,0.0,0.0,0.0,0.0,0.0,0.0,0.0,0.0,0.0,0.0,0.0,0.0,0.0,0.0,0.0,0.0,0.0,0.0,0.0
2025-11-01 00:45:00+00:00,240,3615,0.0,0.0,0.0,0.0,0.0,0.0,0.0,0.0,0.0,0.0,0.0,0.0,0.0,0.0,0.0,0.0,0.0,0.0,0.0,0.0,0.0
2025-11-01 01:00:00+00:00,241,3630,0.0,0.0,0.0,0.0,0.0,0.0,0.0,0.0,0.0,0.0,0.0,0.0,0.0,0.0,0.0,0.0,0.0,0.0,0.0,0.0,0.0
2025-11-01 01:15:00+00:00,242,3645,0.0,0.0,0.0,0.0,0.0,0.0,0.0,0.0,0.0,0.0,0.0,0.0,0.0,0.0,0.0,0.0,0.0,0.0,0.0,0.0,0.0
2025-11-01 01:30:00+00:00,243,3660,0.0,0.0,0.0,0.0,0.0,0.0,0.0,0.0,0.0,0.0,0.0,0.0,0.0,0.0,0.0,0.0,0.0,0.0,0.0,0.0,0.0
2025-11-01 01:45:00+00:00,244,3675,0.0,0.0,0.0,0.0,0.0,0.0,0.0,0.0,0.0,0.0,0.0,0.0,0.0,0.0,0.0,0.0,0.0,0.0,0.0,0.0,0.0
2025-11-01 02:00:00+00:00,245,3690,0.0,0.0,0.0,0.0,0.0,0.0,0.0,0.0,0.0,0.0,0.0,0.0,0.0,0.0,0.0,0.0,0.0,0.0,0.0,0.0,0.0
2025-11-01 02:15:00+00:00,246,3705,0.0,0.0,0.0,0.0,0.0,0.0,0.0,0.0,0.0,0.0,0.0,0.0,0.0,0.0,0.0,0.0,0.0,0.0,0.0,0.0,0.0
2025-11-01 02:30:00+00:00,247,3720,0.0,0.0,0.0,0.0,0.0,0.0,0.0,0.0,0.0,0.0,0.0,0.0,0.0,0.0,0.0,0.0,0.0,0.0,0.0,0.0,0.0
2025-11-01 02:45:00+00:00,248,3735,0.0,0.0,0.0,0.0,0.0,0.0,0.0,0.0,0.0,0.0,0.0,0.0,0.0,0.0,0.0,0.0,0.0,0.0,0.0,0.0,0.0
2025-11-01 03:00:00+00:00,249,3750,0.0,0.0,0.0,0.0,0.0,0.0,0.0,0.0,0.0,0.0,0.0,0.0,0.0,0.0,0.0,0.0,0.0,0.0,0.0,0.0,0.0
2025-11-01 03:15:00+00:00,250,3765,0.0,0.0,0.0,0.0,0.0,0.0,0.0,0.0,0.0,0.0,0.0,0.0,0.0,0.0,0.0,0.0,0.0,0.0,0.0,0.0,0.0
2025-11-01 03:30:00+00:00,251,3780,0.0,0.0,0.0,0.0,0.0,0.0,0.0,0.0,0.0,0.0,0.0,0.0,0.0,0.0,0.0,0.0,0.0,0.0,0.0,0.0,0.0
2025-11-01 03:45:00+00:00,252,3795,0.0,0.0,0.0,0.0,0.0,0.0,0.0,0.0,0.0,0.0,0.0,0.0,0.0,0.0,0.0,0.0,0.0,0.0,0.0,0.0,0.0
2025-11-01 04:00:00+00:00,253,3810,0.0,0.0,0.0,0.0,0.0,0.0,0.0,0.0,0.0,0.0,0.0,0.0,0.0,0.0,0.0,0.0,0.0,0.0,0.0,0.0,0.0
2025-11-01 04:15:00+00:00,254,3825,0.0,0.0,0.0,0.0,0.0,0.0,0.0,0.0,0.0,0.0,0.0,0.0,0.0,0.0,0.0,0.0,0.0,0.0,0.0,0.0,0.0
2025-11-01 04:30:00+00:00,255,3840,0.0,0.0,0.0,0.0,0.0,0.0,0.0,0.0,0.0,0.0,0.0,0.0,0.0,0.0,0.0,0.0,0.0,0.0,0.0,0.0,0.0
2025-11-01 04:45:00+00:00,256,3855,0.0,0.0,0.0,0.0,0.0,0.0,0.0,0.0,0.0,0.0,0.0,0.0,0.0,0.0,0.0,0.0,0.0,0.0,0.0,0.0,0.0
2025-11-01 05:00:00+00:00,257,3870,0.0,0.0,0.0,0.0,0.0,0.0,0.0,0.0,0.0,0.0,0.0,0.0,0.0,0.0,0.0,0.0,0.0,0.0,0.0,0.0,0.0
2025-11-01 05:15:00+00:00,258,3885,0.0,0.0,0.0,0.0,0.0,0.0,0.0,0.0,0.0,0.0,0.0,0.0,0.0,0.0,0.0,0.0,0.0,0.0,0.0,0.0,0.0
2025-11-01 05:30:00+00:00,259,3900,0.0,0.0,0.0,0.0,0.0,0.0,0.0,0.0,0.0,0.0,0.0,0.0,0.0,0.0,0.0,0.0,0.0,0.0,0.0,0.0,0.0
2025-11-01 05:45:00+00:00,260,3915,0.0,0.0,0.0,0.0,0.0,0.0,0.0,0.0,0.0,0.0,0.0,0.0,0.0,0.0,0.0,0.0,0.0,0.0,0.0,0.0,0.0
2025-11-01 06:00:00+00:00,261,3930,0.0,0.0,0.0,0.0,0.0,0.0,0.0,0.0,0.0,0.0,0.0,0.0,0.0,0.0,0.0,0.0,0.0,0.0,0.0,0.0,0.0
2025-11-01 06:15:00+00:00,262,3945,0.0,0.0,0.0,0.3149903663931296,0.8113388225277575,1.307687278662386,2.091013573996455,5.669512777014933,9.252217303665892,14.3706472158699,20.342898357696562,29.693118022538343,36.84476643445412,46.222613658927614,55.768132816024085,63.485179758292624,76.2673015678311,91.9765144752787,109.24855749698362,227.60203000745238,32.562195747766964
2025-11-01 06:30:00+00:00,263,3960,0.0,0.0,4.486274579550916,9.74837107887379,16.022433437428003,41.25909375929364,88.36478907571014,116.96566024509171,145.58609588001462,188.2855151774089,241.72094269443159,312.4300764808595,366.4312648921797,451.89800703240286,542.6816776922358,628.0109783614961,750.6392589964297,891.7375031862562,952.4291541057773,1806.8535942827837,323.75091024135855
2025-11-01 06:45:00+00:00,264,3975,115.69863901778616,396.5827782541584,521.4450978643936,685.6232486475155,807.7692457077542,930.3832378457427,1092.4553495301157,1275.6952221278966,1439.9310067014446,1616.5894120284852,1789.7478760493425,2013.085613840228,2366.3929254988648,2631.3441086500443,2939.3041225915254,3309.0429344668783,3624.1663876105554,3906.951866938517,4226.596250226459,6960.4918720687665,1932.5731061488252
2025-11-01 07:00:00+00:00,265,3990,426.76986495046907,835.3843206119001,1120.3609651840152,1433.243724635875,1609.3396143414964,1932.7293291152423,2293.508901591618,2626.245915801325,2923.2648181912245,3193.552032083305,3612.99405883243,4084.805822522246,4568.918609914583,5059.729407630997,5565.5662285614835,6093.765442656607,6594.764226905288,6790.448293955661,8099.748759410603,11606.375956966504,3769.8786360596696
2025-11-01 07:15:00+00:00,266,4005,708.3216077667735,1274.599401138122,1799.1992081384028,2144.387037258706,2658.438636613142,3044.4409401495463,3561.6906162603323,4059.131160277088,4548.818458655874,5196.031310934431,5822.03087295675,6396.681456585963,6946.920506119349,7590.029039395303,8300.764585997937,9144.580566835635,9404.265330868733,10149.057630351304,11895.312313538823,16151.420152423538,5679.477889910393
2025-11-01 07:30:00+00:00,267,4020,1270.2183468340827,2099.5393752182213,2807.124682519764,3128.9022296980925,3639.218662815468,4127.284887554817,4614.596375488773,5323.694099092405,5861.425834806077,6992.98693864449,7878.692585025855,8717.936616756722,9444.58827239244,10319.20465898259,11091.278520981872,11855.31316017601,12242.445567027102,13415.506624081821,15601.72645520882,20884.383359626005,7601.391888771514
2025-11-01 07:45:00+00:00,268,4035,2323.935789848764,4000.6903587841857,4804.780703200441,5302.38729835615,6343.606052095195,7376.789987076587,8629.024579990346,9783.132114075675,10563.977986188866,11484.569941603646,12700.271503629889,13229.121435377763,14026.699743308935,14690.328223876242,15090.722542512098,15767.70213801402,16834.675935918476,17750.573289728574,19517.820533523416,25255.389388648782,11205.244128312292
2025-11-01 08:00:00+00:00,269,4050,3462.116252432327,4666.683682245502,5622.08087483046,6200.791245281326,7286.832896905149,8732.744342341117,10406.830549510052,12115.355778003408,13321.78316711948,14835.33121827181,15435.355457964808,16339.664923373246,17068.66776808427,17881.922999495626,18512.83107956098,19353.30989577668,20264.154407291986,20892.17620295608,22140.885350545264,29427.97765018066,13537.724409181286
2025-11-01 08:15:00+00:00,270,4065,3280.178418503858,5628.102031136497,6691.148764996527,8251.303287888151,9786.90176781621,11887.215287572237,13931.658770797896,15901.111481580128,17314.640872948472,18182.20154162631,18953.14980162336,19565.965472214677,20354.87399085971,21092.41913773035,22158.68496091315,22904.03845879693,23708.276377493265,24620.403060563185,26479.587021445077,33347.47980378838,16457.655117466504
2025-11-01 08:30:00+00:00,271,4080,3477.366712819584,6274.525150477822,7696.359515480409,9089.744952190991,10888.661658474357,13264.235323369481,15572.308369693657,17859.05395563246,19181.101538451312,20225.94536306959,21055.71345998999,22035.34730196616,22924.231060466795,24332.339874981597,25135.05895623913,26105.4737347686,27083.180136301085,28021.81248902137,30240.08283047767,36976.13544786078,18429.62744562558
2025-11-01 08:45:00+00:00,272,4095,3243.768224166733,6427.5179165922,8010.286631086458,9594.868087758881,11527.382303776601,13949.7921058092,16276.591276424202,19143.13083543424,20649.586177786376,21850.782367272674,22748.65341528082,23978.340812879764,24744.375023441582,26105.416465798604,27293.03009716197,28297.359017850406,29225.986998685243,30288.90740563246,32187.964301275664,40286.284166466445,19702.49884790398
2025-11-01 09:00:00+00:00,273,4110,3815.804704771761,6729.2488746805975,8260.032812116136,10116.024194608079,11837.01709456303,13689.349568841106,15593.911231242968,18283.011641349472,21111.26687414781,22307.83541897457,23820.177032808355,24959.037395024632,26071.175226047108,27514.902177310538,28996.767957691132,30216.69727490433,30879.512388193558,32052.379832474264,34693.36905071061,43270.773713405026,20524.180903938824
2025-11-01 09:15:00+00:00,274,4125,4938.563553731221,7755.807950750478,9372.001436649529,10547.66878801943,12281.26297004699,13673.4146127049,15665.064445851065,17709.436379774474,21628.542125707794,23273.441600801154,24404.300350756504,25588.09194308497,27372.653079578206,28563.561076226462,30373.315910656034,31241.299693280063,32627.696239888064,33604.00132571309,35250.68528862426,46121.45937869679,21357.99552886788
2025-11-01 09:30:00+00:00,275,4140,6015.546217597976,8104.895376823772,9887.93924600079,10482.728153913478,11989.117483322645,13291.525936033384,15232.945990181843,16954.094886734383,18642.59160007058,21138.135116273937,24541.715415109877,25561.99780907436,26814.667974629698,29101.442911341,30691.06468448483,32519.101728099784,34047.51572316062,34781.02634830152,36604.765436024245,48430.15257395089,21425.660136670565
2025-11-01 09:45:00+00:00,276,4155,5686.270735765959,8890.337875429104,10425.910977205864,11194.404167937193,12881.643947485418,14181.631156403064,15908.730155352716,17763.429702603255,18925.512889010177,21346.29538263162,24446.612757348776,26517.897291311077,27687.03571722204,29087.88634718222,30921.92755429413,33169.122609961974,34285.020812701325,35864.61749456841,36608.44443089489,50344.639884113916,21926.954002757375
2025-11-01 10:00:00+00:00,277,4170,5540.180410064492,9502.675018022786,11184.93150595939,12015.029568592126,13522.174364318711,14758.743806389037,16647.77724320251,18010.926873546585,19150.611698813966,21106.78498393508,24398.42725143694,26409.752489797578,27642.849057459604,29116.326597675336,30756.58690218323,32181.95741024278,34428.26191341772,35538.48929218387,37305.60370226598,51857.94081268012,22178.143525741234
2025-11-01 10:15:00+00:00,278,4185,5676.548250243135,9076.472343258949,11065.612320228667,11868.976836322536,13087.982845518316,14440.462311773346,15593.595882575342,17378.56504791867,18606.688073688736,19729.93939635179,21902.982003220768,25268.920472748876,27235.59244877851,28713.56581518501,30275.186809726543,31819.6277097796,33760.65499708069,35693.04765300889,37529.32222929045,52964.99663345287,21571.511484447103
2025-11-01 10:30:00+00:00,279,4200,5731.069401739151,8842.074954120271,10834.287146017119,11827.487221423336,12839.64179644825,14286.249919995153,15652.592236675644,17393.81026432957,18350.271791992483,19503.822496076307,20947.75863672325,24065.339474704735,26852.348224121106,28540.228213092112,30277.85454852212,31920.27748718719,33372.05988623023,35914.140320021426,37164.47862399261,53662.569339762194,21357.68099552533
2025-11-01 10:45:00+00:00,280,4215,5639.749808080371,8774.630285080562,10461.42855143161,11468.143066044417,12583.166869238948,13710.020992754691,15252.337515475136,16775.123780930113,18192.698211623847,19461.111725336934,20980.60237388081,23797.917776345726,26598.097853965053,28526.089968538945,30306.99812138266,32056.69107999931,34285.43138506767,36123.22524251125,38201.85436833235,53949.211496801145,21307.611347410024
2025-11-01 11:00:00+00:00,281,4230,5694.787055798893,8642.89652378064,10187.578801647109,11454.294128984135,12237.87217033057,13600.059341432328,14860.127097727032,16493.323375040967,17916.616075912676,18983.752518888396,20451.153773854498,23227.97172734376,25973.279182843387,28422.285136755836,30163.143469066512,31892.083970970598,33961.152796030256,36066.9035770687,38073.6424073351,53825.27223250015,21096.706311413956
2025-11-01 11:15:00+00:00,282,4245,5567.599813754739,8359.123677629002,9820.243262959226,11062.240914779282,11894.143900763567,13162.269542737631,14324.292053791134,15985.562407028481,17457.62003205048,18402.326351829026,20172.241076405935,22828.202147074513,25315.87669033382,27850.671883505667,29522.827690949074,31405.866236102862,33391.957044536946,35550.3129738044,37537.675484061656,53292.921506246785,20644.901508003262
2025-11-01 11:30:00+00:00,283,4260,5603.976786560864,8194.726952483186,9578.019158285775,10812.58663821913,11693.208042739621,12988.401380577006,13816.962213109746,15491.41571058277,16915.317262854285,18239.711840785596,19988.150357943177,22777.304722274235,25044.998562876302,27788.09704239485,29352.415746473696,31309.078073641846,33509.248547561045,35399.57988377793,36881.72460118865,52356.18564691931,20363.25598023578
2025-11-01 11:45:00+00:00,284,4275,5066.093324660969,7104.154494453792,8575.433712496935,10133.080978851463,10960.373223500763,12049.358343065333,13067.79661945198,14004.492970043644,16045.071670916946,17130.660069423826,18410.69449481866,21448.480891253497,23260.25581220017,26116.972127302804,27952.214176381156,29625.541611782726,32019.17628448215,34243.24728375194,35737.70104931849,51020.99561097949,19207.18470383373
2025-11-01 12:00:00+00:00,285,4290,5184.801175680007,6930.018076528414,8183.524470696561,9118.243786104811,10182.611062108484,11206.302911327264,12506.31406375852,14067.730975270886,15539.604273050989,16503.508143862695,17966.84715940762,19986.878316412127,22349.772378535512,25085.08749972352,26450.161551636633,28311.227858051312,30978.08141098669,32722.6240113005,34282.23929352418,49295.257783875335,19052.359614282606
2025-11-01 12:15:00+00:00,286,4305,2718.8859274140254,4888.06241758539,6151.737890855737,7475.97002036187,8432.299965422964,9509.375034354425,10246.195735590205,11404.483373478291,12432.025800276424,13949.251873521029,15501.086244960978,16473.085205327792,18016.866956395075,20618.755211328,24596.026426352397,27908.85648027958,31183.039732924248,32984.67838050395,34363.871813785685,47188.967040964686,16490.314203192363
2025-11-01 12:30:00+00:00,287,4320,2487.862855753394,4085.363597335944,5662.86767871048,7145.7269030741145,8100.694412618877,9090.851274432418,9719.924831118618,10649.980479110262,11567.379929202925,12170.432819936133,14166.449685052983,15254.657169108461,16360.002448534657,18058.724050966495,21667.647720214834,24208.645973538274,27744.0913128598,30390.24667400765,31972.448336925765,44714.396592343815,15023.029644997368
2025-11-01 12:45:00+00:00,288,4335,2294.9098271013077,3937.37965194055,5485.95442910599,6814.578580981214,7508.907458882136,8336.042232364827,9087.331618992148,9998.720834129917,10946.920499101156,11670.221430194651,13070.483149848054,14140.222079628184,15299.72184282629,16662.53027472617,19750.293864390325,22695.382154491173,25589.573308968244,27978.26359411691,29841.582660980457,41748.83694266468,13959.083727908657
2025-11-01 13:00:00+00:00,289,4350,1898.1573053104244,3350.358195063504,4581.551064366334,5728.191930867961,6687.0266125739945,7254.023917821827,8119.731008294675,8785.469656507583,9846.568024125263,10402.521223223252,11641.985477593198,12696.290390249998,13651.532042969431,14836.922630899126,16749.159446912643,20225.750425908922,22973.868484586663,25309.69319388412,27359.651827980266,38629.27097779241,12438.470467031393
2025-11-01 13:15:00+00:00,290,4365,1464.8633660262824,2822.779552340092,3742.7724350636304,4685.398502116618,5559.178906812739,6220.834009498134,6771.295303965857,7463.169070309372,8134.641133538678,9077.151184177372,9579.182849988287,10722.032059739413,11781.565255271462,13119.569501902362,14223.148786983813,16372.279557916694,19081.753738053227,21623.03607850291,23839.894892490884,35252.49054805485,10574.87126269046
2025-11-01 13:30:00+00:00,291,4380,1795.4788665027284,3268.6200230380955,3978.5547422306977,4743.039101676864,5353.3184353898205,5828.342144212781,6432.811982922734,7144.012428798715,7511.509189937715,8107.502903214632,8676.84862458557,9099.417764888927,10021.557889569403,10967.59944672332,12180.304983729953,13585.91294057228,16511.21655500124,19172.231992889334,21673.159178513277,31603.93683367524,9508.965198106987
2025-11-01 13:45:00+00:00,292,4395,1564.9314343944443,2675.4184950162603,3356.1313996306194,4095.1535813121645,4563.856793121524,5080.546121563466,5564.718719146968,6082.307268913918,6454.200634640568,7119.44996478341,7530.068709023716,8035.101264636927,8770.342362448779,9851.574591262926,10766.438225576263,11757.261436394649,14671.396154023312,17152.437785547965,18925.911443939713,27717.97591522751,8312.370725160514
2025-11-01 14:00:00+00:00,293,4410,1544.3223730177554,2290.8572048383253,2946.907642756422,3508.619644402355,3832.2783399325144,4247.35320418021,4595.618424500085,5134.273723547154,5435.029020325416,5973.934692740008,6268.105278689723,6678.226893921466,7355.894019036176,8099.749694301977,8930.599737960392,9769.916600251534,11880.399779186033,14221.464118927683,16025.624730293826,23638.864235421628,6980.096250203588
2025-11-01 14:15:00+00:00,294,4425,1116.4109157270636,1535.4960993925818,2173.5295193182137,2702.046074419818,3046.0918655059772,3452.697443831907,3861.8591736701396,4156.005726375626,4633.965813990517,4976.902411750182,5253.902151522509,5839.336216843419,6387.47166805024,7087.572390981577,7845.767348810971,8779.220636075099,10459.19066101354,11642.99713817116,13051.716844836941,19426.255326940736,5839.757840542969
2025-11-01 14:30:00+00:00,295,4440,822.7785472155226,1108.4812723278187,1553.9072136381808,1960.6779068093338,2267.7933070893714,2564.244956250488,2917.765675160101,3172.732873133637,3565.9609060041867,3809.635636151967,4102.325465274702,4512.476529356744,4975.52682127338,5476.8137695133855,6034.572930544222,7040.648352494186,8076.353364929292,9149.668230645266,10310.710263107581,14974.264945161824,4505.941684867026
2025-11-01 14:45:00+00:00,296,4455,715.8892823970765,903.8777196835755,1125.0720520672603,1432.091444990791,1673.37549915695,1887.8200744961475,2099.811330378784,2369.1615441525605,2564.1968255411384,2831.231317179852,2972.098338914539,3253.645821501154,3621.0990566234714,3866.4166506888237,4354.755161666803,4973.5970253064625,5902.719360703432,6658.273038750807,7475.449957359038,10706.70563318627,3260.9022764882498
2025-11-01 15:00:00+00:00,297,4470,500.67656327463544,634.6726373903898,761.630551782451,921.0342018864395,1063.8640287566077,1208.4411168283755,1328.8252127972232,1531.3577043352432,1661.3031669208092,1823.6449320817742,1914.215949687377,2082.9272710784558,2313.2963737865807,2457.242526589433,2743.158445553375,3183.538675884037,3695.0663470066165,4108.447042852897,4661.403561354306,6564.927142355017,2073.9919234750705
2025-11-01 15:15:00+00:00,298,4485,156.24945646062403,206.30661980863943,228.72142879810158,254.78270434302715,306.6228310507287,347.7306476666064,396.25780806236446,454.8661442714184,504.8005516765722,562.9294052293197,597.6123412041384,638.627018013297,698.3016061532775,768.6414861140645,843.9593413147629,931.1187646934367,1063.9211387060352,1267.524508164641,1435.1506607626116,2037.5031212364402,629.1154091219219
2025-11-01 15:30:00+00:00,299,4500,26.468247467650453,32.96103580835066,36.681889046473316,40.00656841384345,45.30231098760399,51.97093264720407,59.04537155483476,65.52546407487961,73.95331296095567,80.11583576089458,89.96865337486001,95.12992641773187,104.57881387823609,113.93839363583767,125.8453431582807,137.66966189469656,158.069680724956,183.67866245756028,210.9956616841637,305.04165488483994,93.66120151246484
2025-11-01 15:45:00+00:00,300,4515,0.0,0.0,0.0,0.0,0.0,0.0,0.0,0.0,0.0,0.0,0.0,0.0,0.0,0.0,0.0,0.0,0.0,0.0,0.0,0.0,0.0
2025-11-01 16:00:00+00:00,301,4530,0.0,0.0,0.0,0.0,0.0,0.0,0.0,0.0,0.0,0.0,0.0,0.0,0.0,0.0,0.0,0.0,0.0,0.0,0.0,0.0,0.0
2025-11-01 16:15:00+00:00,302,4545,0.0,0.0,0.0,0.0,0.0,0.0,0.0,0.0,0.0,0.0,0.0,0.0,0.0,0.0,0.0,0.0,0.0,0.0,0.0,0.0,0.0
2025-11-01 16:30:00+00:00,303,4560,0.0,0.0,0.0,0.0,0.0,0.0,0.0,0.0,0.0,0.0,0.0,0.0,0.0,0.0,0.0,0.0,0.0,0.0,0.0,0.0,0.0
2025-11-01 16:45:00+00:00,304,4575,0.0,0.0,0.0,0.0,0.0,0.0,0.0,0.0,0.0,0.0,0.0,0.0,0.0,0.0,0.0,0.0,0.0,0.0,0.0,0.0,0.0
2025-11-01 17:00:00+00:00,305,4590,0.0,0.0,0.0,0.0,0.0,0.0,0.0,0.0,0.0,0.0,0.0,0.0,0.0,0.0,0.0,0.0,0.0,0.0,0.0,0.0,0.0
2025-11-01 17:15:00+00:00,306,4605,0.0,0.0,0.0,0.0,0.0,0.0,0.0,0.0,0.0,0.0,0.0,0.0,0.0,0.0,0.0,0.0,0.0,0.0,0.0,0.0,0.0
2025-11-01 17:30:00+00:00,307,4620,0.0,0.0,0.0,0.0,0.0,0.0,0.0,0.0,0.0,0.0,0.0,0.0,0.0,0.0,0.0,0.0,0.0,0.0,0.0,0.0,0.0
2025-11-01 17:45:00+00:00,308,4635,0.0,0.0,0.0,0.0,0.0,0.0,0.0,0.0,0.0,0.0,0.0,0.0,0.0,0.0,0.0,0.0,0.0,0.0,0.0,0.0,0.0
2025-11-01 18:00:00+00:00,309,4650,0.0,0.0,0.0,0.0,0.0,0.0,0.0,0.0,0.0,0.0,0.0,0.0,0.0,0.0,0.0,0.0,0.0,0.0,0.0,0.0,0.0
2025-11-01 18:15:00+00:00,310,4665,0.0,0.0,0.0,0.0,0.0,0.0,0.0,0.0,0.0,0.0,0.0,0.0,0.0,0.0,0.0,0.0,0.0,0.0,0.0,0.0,0.0
2025-11-01 18:30:00+00:00,311,4680,0.0,0.0,0.0,0.0,0.0,0.0,0.0,0.0,0.0,0.0,0.0,0.0,0.0,0.0,0.0,0.0,0.0,0.0,0.0,0.0,0.0
2025-11-01 18:45:00+00:00,312,4695,0.0,0.0,0.0,0.0,0.0,0.0,0.0,0.0,0.0,0.0,0.0,0.0,0.0,0.0,0.0,0.0,0.0,0.0,0.0,0.0,0.0
2025-11-01 19:00:00+00:00,313,4710,0.0,0.0,0.0,0.0,0.0,0.0,0.0,0.0,0.0,0.0,0.0,0.0,0.0,0.0,0.0,0.0,0.0,0.0,0.0,0.0,0.0
2025-11-01 19:15:00+00:00,314,4725,0.0,0.0,0.0,0.0,0.0,0.0,0.0,0.0,0.0,0.0,0.0,0.0,0.0,0.0,0.0,0.0,0.0,0.0,0.0,0.0,0.0
2025-11-01 19:30:00+00:00,315,4740,0.0,0.0,0.0,0.0,0.0,0.0,0.0,0.0,0.0,0.0,0.0,0.0,0.0,0.0,0.0,0.0,0.0,0.0,0.0,0.0,0.0
2025-11-01 19:45:00+00:00,316,4755,0.0,0.0,0.0,0.0,0.0,0.0,0.0,0.0,0.0,0.0,0.0,0.0,0.0,0.0,0.0,0.0,0.0,0.0,0.0,0.0,0.0
2025-11-01 20:00:00+00:00,317,4770,0.0,0.0,0.0,0.0,0.0,0.0,0.0,0.0,0.0,0.0,0.0,0.0,0.0,0.0,0.0,0.0,0.0,0.0,0.0,0.0,0.0
2025-11-01 20:15:00+00:00,318,4785,0.0,0.0,0.0,0.0,0.0,0.0,0.0,0.0,0.0,0.0,0.0,0.0,0.0,0.0,0.0,0.0,0.0,0.0,0.0,0.0,0.0
2025-11-01 20:30:00+00:00,319,4800,0.0,0.0,0.0,0.0,0.0,0.0,0.0,0.0,0.0,0.0,0.0,0.0,0.0,0.0,0.0,0.0,0.0,0.0,0.0,0.0,0.0
2025-11-01 20:45:00+00:00,320,4815,0.0,0.0,0.0,0.0,0.0,0.0,0.0,0.0,0.0,0.0,0.0,0.0,0.0,0.0,0.0,0.0,0.0,0.0,0.0,0.0,0.0
2025-11-01 21:00:00+00:00,321,4830,0.0,0.0,0.0,0.0,0.0,0.0,0.0,0.0,0.0,0.0,0.0,0.0,0.0,0.0,0.0,0.0,0.0,0.0,0.0,0.0,0.0
2025-11-01 21:15:00+00:00,322,4845,0.0,0.0,0.0,0.0,0.0,0.0,0.0,0.0,0.0,0.0,0.0,0.0,0.0,0.0,0.0,0.0,0.0,0.0,0.0,0.0,0.0
2025-11-01 21:30:00+00:00,323,4860,0.0,0.0,0.0,0.0,0.0,0.0,0.0,0.0,0.0,0.0,0.0,0.0,0.0,0.0,0.0,0.0,0.0,0.0,0.0,0.0,0.0
2025-11-01 21:45:00+00:00,324,4875,0.0,0.0,0.0,0.0,0.0,0.0,0.0,0.0,0.0,0.0,0.0,0.0,0.0,0.0,0.0,0.0,0.0,0.0,0.0,0.0,0.0
2025-11-01 22:00:00+00:00,325,4890,0.0,0.0,0.0,0.0,0.0,0.0,0.0,0.0,0.0,0.0,0.0,0.0,0.0,0.0,0.0,0.0,0.0,0.0,0.0,0.0,0.0
2025-11-01 22:15:00+00:00,326,4905,0.0,0.0,0.0,0.0,0.0,0.0,0.0,0.0,0.0,0.0,0.0,0.0,0.0,0.0,0.0,0.0,0.0,0.0,0.0,0.0,0.0
2025-11-01 22:30:00+00:00,327,4920,0.0,0.0,0.0,0.0,0.0,0.0,0.0,0.0,0.0,0.0,0.0,0.0,0.0,0.0,0.0,0.0,0.0,0.0,0.0,0.0,0.0
2025-11-01 22:45:00+00:00,328,4935,0.0,0.0,0.0,0.0,0.0,0.0,0.0,0.0,0.0,0.0,0.0,0.0,0.0,0.0,0.0,0.0,0.0,0.0,0.0,0.0,0.0
2025-11-01 23:00:00+00:00,329,4950,0.0,0.0,0.0,0.0,0.0,0.0,0.0,0.0,0.0,0.0,0.0,0.0,0.0,0.0,0.0,0.0,0.0,0.0,0.0,0.0,0.0
2025-11-01 23:15:00+00:00,330,4965,0.0,0.0,0.0,0.0,0.0,0.0,0.0,0.0,0.0,0.0,0.0,0.0,0.0,0.0,0.0,0.0,0.0,0.0,0.0,0.0,0.0
2025-11-01 23:30:00+00:00,331,4980,0.0,0.0,0.0,0.0,0.0,0.0,0.0,0.0,0.0,0.0,0.0,0.0,0.0,0.0,0.0,0.0,0.0,0.0,0.0,0.0,0.0
2025-11-01 23:45:00+00:00,332,4995,0.0,0.0,0.0,0.0,0.0,0.0,0.0,0.0,0.0,0.0,0.0,0.0,0.0,0.0,0.0,0.0,0.0,0.0,0.0,0.0,0.0
2025-11-02 00:00:00+00:00,333,5010,0.0,0.0,0.0,0.0,0.0,0.0,0.0,0.0,0.0,0.0,0.0,0.0,0.0,0.0,0.0,0.0,0.0,0.0,0.0,0.0,0.0
2025-11-02 00:15:00+00:00,334,5025,0.0,0.0,0.0,0.0,0.0,0.0,0.0,0.0,0.0,0.0,0.0,0.0,0.0,0.0,0.0,0.0,0.0,0.0,0.0,0.0,0.0
2025-11-02 00:30:00+00:00,335,5040,0.0,0.0,0.0,0.0,0.0,0.0,0.0,0.0,0.0,0.0,0.0,0.0,0.0,0.0,0.0,0.0,0.0,0.0,0.0,0.0,0.0
2025-11-02 00:45:00+00:00,336,5055,0.0,0.0,0.0,0.0,0.0,0.0,0.0,0.0,0.0,0.0,0.0,0.0,0.0,0.0,0.0,0.0,0.0,0.0,0.0,0.0,0.0
2025-11-02 01:00:00+00:00,337,5070,0.0,0.0,0.0,0.0,0.0,0.0,0.0,0.0,0.0,0.0,0.0,0.0,0.0,0.0,0.0,0.0,0.0,0.0,0.0,0.0,0.0
2025-11-02 01:15:00+00:00,338,5085,0.0,0.0,0.0,0.0,0.0,0.0,0.0,0.0,0.0,0.0,0.0,0.0,0.0,0.0,0.0,0.0,0.0,0.0,0.0,0.0,0.0
2025-11-02 01:30:00+00:00,339,5100,0.0,0.0,0.0,0.0,0.0,0.0,0.0,0.0,0.0,0.0,0.0,0.0,0.0,0.0,0.0,0.0,0.0,0.0,0.0,0.0,0.0
2025-11-02 01:45:00+00:00,340,5115,0.0,0.0,0.0,0.0,0.0,0.0,0.0,0.0,0.0,0.0,0.0,0.0,0.0,0.0,0.0,0.0,0.0,0.0,0.0,0.0,0.0
2025-11-02 02:00:00+00:00,341,5130,0.0,0.0,0.0,0.0,0.0,0.0,0.0,0.0,0.0,0.0,0.0,0.0,0.0,0.0,0.0,0.0,0.0,0.0,0.0,0.0,0.0
2025-11-02 02:15:00+00:00,342,5145,0.0,0.0,0.0,0.0,0.0,0.0,0.0,0.0,0.0,0.0,0.0,0.0,0.0,0.0,0.0,0.0,0.0,0.0,0.0,0.0,0.0
2025-11-02 02:30:00+00:00,343,5160,0.0,0.0,0.0,0.0,0.0,0.0,0.0,0.0,0.0,0.0,0.0,0.0,0.0,0.0,0.0,0.0,0.0,0.0,0.0,0.0,0.0
2025-11-02 02:45:00+00:00,344,5175,0.0,0.0,0.0,0.0,0.0,0.0,0.0,0.0,0.0,0.0,0.0,0.0,0.0,0.0,0.0,0.0,0.0,0.0,0.0,0.0,0.0
2025-11-02 03:00:00+00:00,345,5190,0.0,0.0,0.0,0.0,0.0,0.0,0.0,0.0,0.0,0.0,0.0,0.0,0.0,0.0,0.0,0.0,0.0,0.0,0.0,0.0,0.0
2025-11-02 03:15:00+00:00,346,5205,0.0,0.0,0.0,0.0,0.0,0.0,0.0,0.0,0.0,0.0,0.0,0.0,0.0,0.0,0.0,0.0,0.0,0.0,0.0,0.0,0.0
2025-11-02 03:30:00+00:00,347,5220,0.0,0.0,0.0,0.0,0.0,0.0,0.0,0.0,0.0,0.0,0.0,0.0,0.0,0.0,0.0,0.0,0.0,0.0,0.0,0.0,0.0
2025-11-02 03:45:00+00:00,348,5235,0.0,0.0,0.0,0.0,0.0,0.0,0.0,0.0,0.0,0.0,0.0,0.0,0.0,0.0,0.0,0.0,0.0,0.0,0.0,0.0,0.0
2025-11-02 04:00:00+00:00,349,5250,0.0,0.0,0.0,0.0,0.0,0.0,0.0,0.0,0.0,0.0,0.0,0.0,0.0,0.0,0.0,0.0,0.0,0.0,0.0,0.0,0.0
2025-11-02 04:15:00+00:00,350,5265,0.0,0.0,0.0,0.0,0.0,0.0,0.0,0.0,0.0,0.0,0.0,0.0,0.0,0.0,0.0,0.0,0.0,0.0,0.0,0.0,0.0
2025-11-02 04:30:00+00:00,351,5280,0.0,0.0,0.0,0.0,0.0,0.0,0.0,0.0,0.0,0.0,0.0,0.0,0.0,0.0,0.0,0.0,0.0,0.0,0.0,0.0,0.0
2025-11-02 04:45:00+00:00,352,5295,0.0,0.0,0.0,0.0,0.0,0.0,0.0,0.0,0.0,0.0,0.0,0.0,0.0,0.0,0.0,0.0,0.0,0.0,0.0,0.0,0.0
2025-11-02 05:00:00+00:00,353,5310,0.0,0.0,0.0,0.0,0.0,0.0,0.0,0.0,0.0,0.0,0.0,0.0,0.0,0.0,0.0,0.0,0.0,0.0,0.0,0.0,0.0
2025-11-02 05:15:00+00:00,354,5325,0.0,0.0,0.0,0.0,0.0,0.0,0.0,0.0,0.0,0.0,0.0,0.0,0.0,0.0,0.0,0.0,0.0,0.0,0.0,0.0,0.0
2025-11-02 05:30:00+00:00,355,5340,0.0,0.0,0.0,0.0,0.0,0.0,0.0,0.0,0.0,0.0,0.0,0.0,0.0,0.0,0.0,0.0,0.0,0.0,0.0,0.0,0.0
2025-11-02 05:45:00+00:00,356,5355,0.0,0.0,0.0,0.0,0.0,0.0,0.0,0.0,0.0,0.0,0.0,0.0,0.0,0.0,0.0,0.0,0.0,0.0,0.0,0.0,0.0
2025-11-02 06:00:00+00:00,357,5370,0.0,0.0,0.0,0.0,0.0,0.0,0.0,0.0,0.0,0.0,0.0,0.0,0.0,0.0,0.0,0.0,0.0,0.0,0.0,0.0,0.0
2025-11-02 06:15:00+00:00,358,5385,0.0,0.0,0.0,0.0,0.026653172098416607,0.23188259725622548,0.43711202241403413,0.6423414475718427,0.8475708727296514,1.311757213999667,5.259651571860723,8.751711527043712,12.159491551237581,16.490549605458973,20.37486000046484,26.81842176542688,37.24382000800374,52.10352588867589,68.13464481204426,147.22451117814938,15.114397139613997
2025-11-02 06:30:00+00:00,359,5400,0.0,0.0,0.0,0.34975458506670465,2.914621542222532,5.479488499378362,8.04435545653419,14.058419229611228,42.66981767113314,81.43265948756697,115.16431611027271,140.97102137830873,179.64626401270533,216.596162641267,256.55049240355896,344.0180923339433,445.58079725176253,552.8352346901235,700.9281245534487,1410.2295188926155,181.1251536530622
2025-11-02 06:45:00+00:00,360,5415,70.32692036829809,135.92455889862953,210.6940444676512,266.37027028901235,328.9105620001369,381.1199244917208,449.2611282907257,586.595269045521,685.8388850432127,775.7278571918484,916.3659884344032,1049.155010598444,1177.8323332266934,1335.4203988261202,1561.5321229271203,1793.5191960372563,2062.9298086550675,2563.564851939186,3243.696984854188,6246.6691569561835,1100.5140559119063
2025-11-02 07:00:00+00:00,361,5430,241.38836135823948,346.820862640769,487.78869764937707,615.0077708675312,721.8641342091686,840.2395025200161,965.8619935462123,1230.7236076221532,1400.7299806329345,1613.3669545252087,1801.8009152666257,2066.9031512791157,2336.397873904842,2722.670720698466,2973.569072415343,3304.1543454916837,3766.579272378272,4394.213027625446,5673.368335687485,11067.64220353275,2094.4643848351575
2025-11-02 07:15:00+00:00,362,5445,309.3757464238896,461.4673087203453,681.1738323524129,827.6895563336146,1045.3240471803824,1203.5370518694824,1445.060527843001,1754.2381632109712,1987.8530435372643,2282.872062168765,2700.9803412403403,3031.7261684553114,3535.673156679114,3943.39747111768,4289.13242472723,4789.652703707478,5498.1660940278425,6534.451712838446,8238.455123476017,15510.44792062882,3047.826754602465
2025-11-02 07:30:00+00:00,363,5460,325.1776120120461,496.87192448561103,761.2229106795859,936.9273723500906,1182.5202188811754,1409.7572909115047,1706.9174668653895,2206.942509560133,2531.1565403132054,3063.6391976163372,3594.9522622362524,4133.309723084939,4817.262190906334,5282.306292010861,5762.586440929799,6398.714153414198,7257.376767657846,9167.472346641878,11279.045750622334,20306.096750788554,4030.3970060902443
2025-11-02 07:45:00+00:00,364,5475,662.934768675685,983.5931673392477,1354.2116785689834,1814.3385847894879,2174.7950272376966,2791.720440769478,3102.8747745399755,3440.9707418964877,4004.626572650784,4387.578674244843,4755.368735897612,5093.990197357475,5738.170852568404,6350.450910774987,6827.876951537251,7550.1172263552235,8755.245337184746,10495.430704133974,13349.181101249676,24674.1060769887,5198.17077190167
2025-11-02 08:00:00+00:00,365,5490,803.3701893308207,1238.4736584439866,1704.7125084870045,2239.3886232134855,2647.930802812661,3407.407561703188,3726.7442984696977,4235.790788223498,4766.27544506279,5168.924116069172,5609.826555901503,6079.667013040884,6772.283629011776,7425.534474950287,8065.37852393692,9033.340062780446,10747.756226509755,12719.691099611025,16187.649952965838,28848.07106681412,6233.150299403696
2025-11-02 08:15:00+00:00,366,5505,1068.2250920834122,1752.0667931591395,2419.921307847233,3004.592555510032,3763.9485498785434,4107.223326018556,4578.136286823897,5233.296705601949,5784.734696245766,6226.203030510783,6706.891832040235,7393.225725282973,8237.328410464022,8888.982240780197,9665.703144420257,10707.531578004156,13006.68505205776,15919.379093470745,19482.247980871958,32770.825395583845,7556.800692846952
2025-11-02 08:30:00+00:00,367,5520,1449.0560350349067,2326.8687544108584,3041.6820697698313,3752.4316920327633,4321.48352828371,4813.601567798922,5582.524826187401,6127.7221353934165,6619.8025653271725,7189.012273489774,7974.426959462979,8702.252587481753,9322.599049367478,10115.0309262204,11393.881543491376,12863.235641532397,15344.565530265992,19578.893922163206,22037.484485565536,36403.34716915328,8858.989733209462
2025-11-02 08:45:00+00:00,368,5535,1978.6352882689112,2821.0205299092213,3566.3283196192656,4481.403710912293,4901.991902712087,5392.9294333055,6198.076981542578,6852.689283448802,7348.94534273996,8019.6719689261245,8777.222403665524,9562.8714538959,10179.451572126185,11039.436601761596,12547.337308629056,14924.401723115088,17450.65450809829,21696.610317114137,25072.324184756384,39717.35159722923,9931.60244857649
2025-11-02 09:00:00+00:00,369,5550,2207.5501384525946,3217.747575240463,3875.412586437026,4887.21944292441,5336.269421880934,6156.581819873884,6970.701214952512,7612.328150818922,8230.933657929118,8760.51531980872,9573.402820439178,10391.786551751171,11192.642334791948,12235.806509566366,13783.138713848946,16976.66153334393,19683.483053481228,23798.66514230764,28626.942998612543,42691.33606630003,11102.059264790225
2025-11-02 09:15:00+00:00,370,5565,2462.4929331207018,3556.276997053418,4368.878235969553,5394.510831541993,5910.231275729755,6894.211923836148,7679.690844512701,8243.542144009729,8947.07873368205,9585.876938161668,10431.166762204573,11367.111886655675,12214.887835610634,13303.37334341116,14886.460978493165,18065.51502038912,21046.769562825983,25618.452125935684,31324.159266939903,45497.34738015469,12055.807761453172
2025-11-02 09:30:00+00:00,371,5580,2626.4014676737343,3655.421162062425,4472.675039407329,5597.202928973165,6216.1894095136795,7372.259978833593,8229.156533108371,8769.101702406544,9526.72764963713,10303.117466896318,11191.204398440786,12211.490274830365,13033.873962229862,14244.261472212514,16173.17379791413,18954.965090743633,21459.14878122903,26847.63212359745,32704.726304969092,47850.2144346533,12725.096012649094
2025-11-02 09:45:00+00:00,372,5595,3050.689201440295,4232.766250135063,5482.286945872695,6374.401782592517,7242.797489488462,8195.657749553198,8925.15531389684,9488.759142091458,10217.41811915704,11086.429214292373,11934.570152968938,12825.45011771485,13528.018658455814,14923.220323114456,16845.747541553552,19666.252904350906,21760.990613520025,27074.153757518612,33558.14168057587,49768.43558808975,13450.740713903404
2025-11-02 10:00:00+00:00,373,5610,3496.147683164202,4873.076581007349,6147.267956472861,7109.474304838319,8032.084602556001,8862.121142870863,9539.072962933158,10355.519140547436,10854.774896257111,11779.799023948812,12779.556114087662,13552.093473643332,14716.2428510316,15946.772084203145,17547.37880821075,20539.261308377325,23281.540116379612,29324.670038733257,34149.007237713275,51284.77582969852,14311.197264696673
2025-11-02 10:15:00+00:00,374,5625,3610.005801897,5075.123638749875,6374.402673770514,7501.387597379202,8386.201195332105,9276.36093970903,9894.803501300565,10710.091569007163,11544.894774226786,12402.429290118427,13289.97296161422,13853.384639243988,15033.312194141987,16156.98198033137,17824.54704220142,21106.43295182607,23784.277303455747,29534.214914735767,34655.04051094781,52394.2438161297,14681.426290612177
2025-11-02 10:30:00+00:00,375,5640,3678.4043125261715,5346.7624745526455,6467.110864935715,7505.5771790077115,8366.944077912369,9403.187541896383,10094.499048347063,10935.303318016717,11822.353598274909,12817.208844078366,13746.223658964658,14295.924430578129,15522.677340316643,16790.569617143126,18244.705782036777,21533.633844552976,24902.497430314554,30346.184300458903,35709.41007029018,53093.664938120906,15078.937796975331
2025-11-02 10:45:00+00:00,376,5655,3576.639035462408,5021.417015471217,6407.721145108436,7461.274533411372,8275.697166680853,9282.730088719658,10017.342549287732,10863.332072584324,11577.933841951717,12783.60914927548,13717.987635742518,14154.702131535907,15525.75927817414,16898.94204953622,18464.587602172003,21689.676679028184,25129.170299464797,30061.47871626361,35393.22521950551,53381.644479684684,15018.890319458873
2025-11-02 11:00:00+00:00,377,5670,3368.560121515777,5001.33497266322,6322.11439016329,7198.456725007508,7953.0830238797125,8791.10395045261,9676.293042736816,10525.736590063945,11199.81915538016,12102.41947143187,13213.733929702765,13881.17816593854,14657.240947553273,15961.657252092875,17617.00962446426,20657.53965426933,24495.645384509688,29346.03222131647,35172.321392463244,53258.57048897741,14541.64261811085
2025-11-02 11:15:00+00:00,378,5685,3122.8874138187325,4909.93706996983,5956.149529697619,6820.004455279318,7611.909465254084,8199.466878420611,8925.803566589704,9814.844742980473,10882.74831963264,11548.605032726216,12317.869625809833,13388.848965461748,14144.138389358295,15493.409213185081,17033.585201801157,18821.131199440522,22982.74943431372,28810.437871809885,34835.01280775283,52726.63716329636,13974.228439825216
2025-11-02 11:30:00+00:00,379,5700,3181.1448935857934,4908.791418315384,5833.393062982247,6738.371554812855,7473.711870990084,7993.328427489383,8626.983338606362,9492.587758689002,10485.782994731435,11275.8910669081,11925.108596890812,12952.308087942025,13700.878768920838,14582.223089589064,15985.230504387999,18076.30674783176,21629.822802055052,27222.291780645395,34081.19089820737,51789.8811663501,13483.944382098642
2025-11-02 11:45:00+00:00,380,5715,3240.9809839034733,4546.764607104746,5236.165087668432,6265.582021790751,6973.20806153247,7600.343226761811,8158.846455904059,8936.740050339055,9771.147929534385,10751.360178187013,11336.211143634095,12128.100871342456,13066.435498126322,13738.172862989846,14801.718306181825,16690.682885060967,19322.0033567733,23130.280143355343,29892.49960626792,50454.2323029075,12335.440673024088
2025-11-02 12:00:00+00:00,381,5730,3503.8069343728707,4458.755515755499,5177.554270201787,5739.487008027161,6621.969006674299,7329.257399981238,8011.062314565256,8586.901934355583,9402.964392116195,10359.592491880658,11214.397047136747,11979.090871292952,12934.129287910051,13553.485344426515,14672.80726552486,16640.88384279836,18842.707258533883,22708.563406814614,28782.584024682747,48727.58887079405,12070.162721632836
2025-11-02 12:15:00+00:00,382,5745,2736.0029454536034,4073.3022220241464,4906.810811009137,5578.769758230095,5972.095883982186,6679.48864777759,7889.242238439304,8905.423879533453,9540.894912443033,10287.161485851528,11568.275454013608,12539.12918413796,13460.49400008702,14815.039909541332,15981.59565987824,21845.825624522833,26487.71850464416,31172.571970908233,33667.67741627467,46619.93856136383,13321.998808343955
2025-11-02 12:30:00+00:00,383,5760,2341.501457298889,3467.025608471609,4227.187133958876,5030.521831052865,5592.684152237281,6174.114169185007,7267.479123187599,8283.684423286793,8980.137744376147,9775.339485122511,10746.617077345169,11856.773179202692,12688.923924900257,14089.712650859512,15354.060851114578,19860.082914048267,25085.197502802977,29531.342321490538,31886.131798763185,44116.65043808987,12737.722767023002
2025-11-02 12:45:00+00:00,384,5775,1568.9153251767973,3113.738380626365,3936.2685980576493,4673.930639896679,5166.684640627093,5738.777272455812,6706.043806815127,7525.657944565372,8233.219864175991,9005.392488158643,9768.669214441892,11085.918122249876,11747.252789894113,13191.749075791096,14447.835864877447,18259.610573170543,23094.54387131321,27258.90866437644,29795.13510161193,41155.855959227214,11760.836781715976
2025-11-02 13:00:00+00:00,385,5790,1196.9439075223636,2530.4658783704,3349.2516671298276,3965.9663198022145,4514.339948656645,5107.841734381954,5742.2016358393485,6510.168545011318,7245.9580938594645,7794.593500524833,8572.436957078735,9326.125089463601,10544.069236998195,11573.20329072591,12779.088652510898,15289.74992663083,19321.31994461014,22552.539551987793,27500.666325009784,38077.93028019209,10245.945243988745
2025-11-02 13:15:00+00:00,386,5805,344.45408919299604,1989.2986471878287,2822.2583598182628,3429.594041670626,4124.034979329369,4624.077591773021,5067.162523502523,5769.623526057254,6585.644489948692,7096.251175904182,7720.660073979385,8470.798606586539,9528.115498804795,10304.932617437473,11490.834877410323,13593.316258497654,16663.980114778326,19704.800083257283,23088.34084482365,34700.741250584906,9022.43734067599
2025-11-02 13:30:00+00:00,387,5820,314.30972572968983,1660.153903281395,2459.5800106426764,3049.567352575076,3641.8707598261394,4077.6262372531355,4462.574992465867,5006.823078767578,5942.4276270860155,6429.25331407101,6929.200468693014,7526.477149622374,8335.657978810066,9054.524621485521,10261.608368838737,11888.447540778649,14624.708405645235,17692.619017508052,19148.46342744931,31052.25055005391,7943.950580689346
2025-11-02 13:45:00+00:00,388,5835,302.3471495630538,1257.0103096184282,2016.8621090459756,2592.2852276429653,3168.382034796274,3527.908481823757,3847.0314654460417,4290.149966025898,5184.851060575198,5568.816129380139,6038.005226757458,6651.849890465139,7260.421498004094,7843.127301651597,9019.132185709728,10651.913100191974,13053.780441401177,15587.396122083554,16927.29655722848,27167.451609553675,6955.762938527625
2025-11-02 14:00:00+00:00,389,5850,271.29479151599776,1013.2426224073363,1646.8273720968639,2157.9287973284413,2698.850880881171,3028.6506264926415,3269.3114047145673,3719.2867614753864,4340.21973074736,4636.342768858495,4938.629733610993,5467.952370327971,6259.74566057783,6696.002663559815,7595.209435518109,9363.683305310278,11030.400310191964,13174.582671965583,15341.449274629307,23091.755295366405,5922.2655548524535
2025-11-02 14:15:00+00:00,390,5865,172.16551265195304,656.8026990144572,1185.1560901144255,1591.0459090174184,2129.430678322663,2385.7960725075463,2667.9712758278133,2955.870464122225,3329.6380409382555,3665.11949678388,3908.6185606543636,4316.432360093116,4886.08818162204,5463.336410466086,6617.323301650085,7885.4458201818015,9089.307774380484,10711.833171317434,12433.367844154896,18886.94654175207,4780.685847251426
2025-11-02 14:30:00+00:00,391,5880,118.34342640492378,387.24209941966194,712.4540311467935,1006.0965820859034,1322.293460045493,1696.2612838719103,1908.2219924754318,2111.9545434666215,2382.2644321796947,2740.4813718282016,2916.23684742492,3288.777621173844,3686.626849117691,4087.0647951829437,4736.460400398326,5824.7605255076405,6754.695951720534,8166.702927313021,9485.929673890789,14410.031661174016,3530.601996199931
2025-11-02 14:45:00+00:00,392,5895,60.2742146278588,228.71166759361233,465.67319087487874,688.5001920264472,980.9083700608113,1194.54389808991,1335.4174492757124,1549.7580903412609,1736.6372727530934,1938.2132237255178,2108.2141693442545,2334.319993757743,2632.2424693330336,2976.760338124643,3597.183614228533,4108.886744690755,4688.719910786706,5638.699294141729,6075.857285722802,10214.023643511633,2473.759045317831
2025-11-02 15:00:00+00:00,393,5910,30.28898332537479,116.2745418575611,228.085074736303,365.3016896554662,509.86455264380874,659.0900488323683,761.4384061591393,860.3224567692415,967.0746171508989,1121.777957309829,1238.0621934246938,1362.941561763384,1542.7640223284284,1810.3876828367681,2251.002535199019,2546.598970685107,2773.10223551144,3324.043920750649,3854.2291112612465,5978.858302837763,1466.0629955706418
2025-11-02 15:15:00+00:00,394,5925,6.2979662384866,24.40960036165381,53.76333436977745,76.17019159830727,100.94144364430177,132.46769599065757,161.14400592410357,189.00659606140647,212.54107409212514,249.31008075395135,290.11249695099076,314.84382532918886,350.9530882425887,388.36355698154773,440.896451283192,558.996668495679,704.2237416701711,843.7847078768419,937.6253336120304,1646.9429396200671,342.84575687473574
2025-11-02 15:30:00+00:00,395,5940,0.36670720060809037,1.7294092670653145,5.227814542071775,8.429226645906361,11.493554612639754,15.733803087941068,19.239526087366254,23.01378609145946,26.42865569942902,30.787686879420747,35.59928072029905,38.722246437598564,43.43142353448985,49.42478903443229,54.86116611990832,73.72389509566936,88.32441124043467,105.39630123836189,116.20508577365838,206.16247206731182,42.52510417305631
2025-11-02 15:45:00+00:00,396,5955,0.0,0.0,0.0,0.0,0.0,0.0,0.0,0.0,0.0,0.0,0.0,0.0,0.0,0.0,0.0,0.0,0.0,0.0,0.0,0.0,0.0
2025-11-02 16:00:00+00:00,397,5970,0.0,0.0,0.0,0.0,0.0,0.0,0.0,0.0,0.0,0.0,0.0,0.0,0.0,0.0,0.0,0.0,0.0,0.0,0.0,0.0,0.0
2025-11-02 16:15:00+00:00,398,5985,0.0,0.0,0.0,0.0,0.0,0.0,0.0,0.0,0.0,0.0,0.0,0.0,0.0,0.0,0.0,0.0,0.0,0.0,0.0,0.0,0.0
2025-11-02 16:30:00+00:00,399,6000,0.0,0.0,0.0,0.0,0.0,0.0,0.0,0.0,0.0,0.0,0.0,0.0,0.0,0.0,0.0,0.0,0.0,0.0,0.0,0.0,0.0
2025-11-02 16:45:00+00:00,400,6015,0.0,0.0,0.0,0.0,0.0,0.0,0.0,0.0,0.0,0.0,0.0,0.0,0.0,0.0,0.0,0.0,0.0,0.0,0.0,0.0,0.0
2025-11-02 17:00:00+00:00,401,6030,0.0,0.0,0.0,0.0,0.0,0.0,0.0,0.0,0.0,0.0,0.0,0.0,0.0,0.0,0.0,0.0,0.0,0.0,0.0,0.0,0.0
2025-11-02 17:15:00+00:00,402,6045,0.0,0.0,0.0,0.0,0.0,0.0,0.0,0.0,0.0,0.0,0.0,0.0,0.0,0.0,0.0,0.0,0.0,0.0,0.0,0.0,0.0
2025-11-02 17:30:00+00:00,403,6060,0.0,0.0,0.0,0.0,0.0,0.0,0.0,0.0,0.0,0.0,0.0,0.0,0.0,0.0,0.0,0.0,0.0,0.0,0.0,0.0,0.0
2025-11-02 17:45:00+00:00,404,6075,0.0,0.0,0.0,0.0,0.0,0.0,0.0,0.0,0.0,0.0,0.0,0.0,0.0,0.0,0.0,0.0,0.0,0.0,0.0,0.0,0.0
2025-11-02 18:00:00+00:00,405,6090,0.0,0.0,0.0,0.0,0.0,0.0,0.0,0.0,0.0,0.0,0.0,0.0,0.0,0.0,0.0,0.0,0.0,0.0,0.0,0.0,0.0
2025-11-02 18:15:00+00:00,406,6105,0.0,0.0,0.0,0.0,0.0,0.0,0.0,0.0,0.0,0.0,0.0,0.0,0.0,0.0,0.0,0.0,0.0,0.0,0.0,0.0,0.0
2025-11-02 18:30:00+00:00,407,6120,0.0,0.0,0.0,0.0,0.0,0.0,0.0,0.0,0.0,0.0,0.0,0.0,0.0,0.0,0.0,0.0,0.0,0.0,0.0,0.0,0.0
2025-11-02 18:45:00+00:00,408,6135,0.0,0.0,0.0,0.0,0.0,0.0,0.0,0.0,0.0,0.0,0.0,0.0,0.0,0.0,0.0,0.0,0.0,0.0,0.0,0.0,0.0
2025-11-02 19:00:00+00:00,409,6150,0.0,0.0,0.0,0.0,0.0,0.0,0.0,0.0,0.0,0.0,0.0,0.0,0.0,0.0,0.0,0.0,0.0,0.0,0.0,0.0,0.0
2025-11-02 19:15:00+00:00,410,6165,0.0,0.0,0.0,0.0,0.0,0.0,0.0,0.0,0.0,0.0,0.0,0.0,0.0,0.0,0.0,0.0,0.0,0.0,0.0,0.0,0.0
2025-11-02 19:30:00+00:00,411,6180,0.0,0.0,0.0,0.0,0.0,0.0,0.0,0.0,0.0,0.0,0.0,0.0,0.0,0.0,0.0,0.0,0.0,0.0,0.0,0.0,0.0
2025-11-02 19:45:00+00:00,412,6195,0.0,0.0,0.0,0.0,0.0,0.0,0.0,0.0,0.0,0.0,0.0,0.0,0.0,0.0,0.0,0.0,0.0,0.0,0.0,0.0,0.0
2025-11-02 20:00:00+00:00,413,6210,0.0,0.0,0.0,0.0,0.0,0.0,0.0,0.0,0.0,0.0,0.0,0.0,0.0,0.0,0.0,0.0,0.0,0.0,0.0,0.0,0.0
2025-11-02 20:15:00+00:00,414,6225,0.0,0.0,0.0,0.0,0.0,0.0,0.0,0.0,0.0,0.0,0.0,0.0,0.0,0.0,0.0,0.0,0.0,0.0,0.0,0.0,0.0
2025-11-02 20:30:00+00:00,415,6240,0.0,0.0,0.0,0.0,0.0,0.0,0.0,0.0,0.0,0.0,0.0,0.0,0.0,0.0,0.0,0.0,0.0,0.0,0.0,0.0,0.0
2025-11-02 20:45:00+00:00,416,6255,0.0,0.0,0.0,0.0,0.0,0.0,0.0,0.0,0.0,0.0,0.0,0.0,0.0,0.0,0.0,0.0,0.0,0.0,0.0,0.0,0.0
2025-11-02 21:00:00+00:00,417,6270,0.0,0.0,0.0,0.0,0.0,0.0,0.0,0.0,0.0,0.0,0.0,0.0,0.0,0.0,0.0,0.0,0.0,0.0,0.0,0.0,0.0
2025-11-02 21:15:00+00:00,418,6285,0.0,0.0,0.0,0.0,0.0,0.0,0.0,0.0,0.0,0.0,0.0,0.0,0.0,0.0,0.0,0.0,0.0,0.0,0.0,0.0,0.0
2025-11-02 21:30:00+00:00,419,6300,0.0,0.0,0.0,0.0,0.0,0.0,0.0,0.0,0.0,0.0,0.0,0.0,0.0,0.0,0.0,0.0,0.0,0.0,0.0,0.0,0.0
2025-11-02 21:45:00+00:00,420,6315,0.0,0.0,0.0,0.0,0.0,0.0,0.0,0.0,0.0,0.0,0.0,0.0,0.0,0.0,0.0,0.0,0.0,0.0,0.0,0.0,0.0
2025-11-02 22:00:00+00:00,421,6330,0.0,0.0,0.0,0.0,0.0,0.0,0.0,0.0,0.0,0.0,0.0,0.0,0.0,0.0,0.0,0.0,0.0,0.0,0.0,0.0,0.0
2025-11-02 22:15:00+00:00,422,6345,0.0,0.0,0.0,0.0,0.0,0.0,0.0,0.0,0.0,0.0,0.0,0.0,0.0,0.0,0.0,0.0,0.0,0.0,0.0,0.0,0.0
2025-11-02 22:30:00+00:00,423,6360,0.0,0.0,0.0,0.0,0.0,0.0,0.0,0.0,0.0,0.0,0.0,0.0,0.0,0.0,0.0,0.0,0.0,0.0,0.0,0.0,0.0
2025-11-02 22:45:00+00:00,424,6375,0.0,0.0,0.0,0.0,0.0,0.0,0.0,0.0,0.0,0.0,0.0,0.0,0.0,0.0,0.0,0.0,0.0,0.0,0.0,0.0,0.0
2025-11-02 23:00:00+00:00,425,6390,0.0,0.0,0.0,0.0,0.0,0.0,0.0,0.0,0.0,0.0,0.0,0.0,0.0,0.0,0.0,0.0,0.0,0.0,0.0,0.0,0.0
2025-11-02 23:15:00+00:00,426,6405,0.0,0.0,0.0,0.0,0.0,0.0,0.0,0.0,0.0,0.0,0.0,0.0,0.0,0.0,0.0,0.0,0.0,0.0,0.0,0.0,0.0
2025-11-02 23:30:00+00:00,427,6420,0.0,0.0,0.0,0.0,0.0,0.0,0.0,0.0,0.0,0.0,0.0,0.0,0.0,0.0,0.0,0.0,0.0,0.0,0.0,0.0,0.0
2025-11-02 23:45:00+00:00,428,6435,0.0,0.0,0.0,0.0,0.0,0.0,0.0,0.0,0.0,0.0,0.0,0.0,0.0,0.0,0.0,0.0,0.0,0.0,0.0,0.0,0.0
2025-11-03 00:00:00+00:00,429,6450,0.0,0.0,0.0,0.0,0.0,0.0,0.0,0.0,0.0,0.0,0.0,0.0,0.0,0.0,0.0,0.0,0.0,0.0,0.0,0.0,0.0
2025-11-03 00:15:00+00:00,430,6465,0.0,0.0,0.0,0.0,0.0,0.0,0.0,0.0,0.0,0.0,0.0,0.0,0.0,0.0,0.0,0.0,0.0,0.0,0.0,0.0,0.0
2025-11-03 00:30:00+00:00,431,6480,0.0,0.0,0.0,0.0,0.0,0.0,0.0,0.0,0.0,0.0,0.0,0.0,0.0,0.0,0.0,0.0,0.0,0.0,0.0,0.0,0.0
2025-11-03 00:45:00+00:00,432,6495,0.0,0.0,0.0,0.0,0.0,0.0,0.0,0.0,0.0,0.0,0.0,0.0,0.0,0.0,0.0,0.0,0.0,0.0,0.0,0.0,0.0
2025-11-03 01:00:00+00:00,433,6510,0.0,0.0,0.0,0.0,0.0,0.0,0.0,0.0,0.0,0.0,0.0,0.0,0.0,0.0,0.0,0.0,0.0,0.0,0.0,0.0,0.0
2025-11-03 01:15:00+00:00,434,6525,0.0,0.0,0.0,0.0,0.0,0.0,0.0,0.0,0.0,0.0,0.0,0.0,0.0,0.0,0.0,0.0,0.0,0.0,0.0,0.0,0.0
2025-11-03 01:30:00+00:00,435,6540,0.0,0.0,0.0,0.0,0.0,0.0,0.0,0.0,0.0,0.0,0.0,0.0,0.0,0.0,0.0,0.0,0.0,0.0,0.0,0.0,0.0
2025-11-03 01:45:00+00:00,436,6555,0.0,0.0,0.0,0.0,0.0,0.0,0.0,0.0,0.0,0.0,0.0,0.0,0.0,0.0,0.0,0.0,0.0,0.0,0.0,0.0,0.0
2025-11-03 02:00:00+00:00,437,6570,0.0,0.0,0.0,0.0,0.0,0.0,0.0,0.0,0.0,0.0,0.0,0.0,0.0,0.0,0.0,0.0,0.0,0.0,0.0,0.0,0.0
2025-11-03 02:15:00+00:00,438,6585,0.0,0.0,0.0,0.0,0.0,0.0,0.0,0.0,0.0,0.0,0.0,0.0,0.0,0.0,0.0,0.0,0.0,0.0,0.0,0.0,0.0
2025-11-03 02:30:00+00:00,439,6600,0.0,0.0,0.0,0.0,0.0,0.0,0.0,0.0,0.0,0.0,0.0,0.0,0.0,0.0,0.0,0.0,0.0,0.0,0.0,0.0,0.0
2025-11-03 02:45:00+00:00,440,6615,0.0,0.0,0.0,0.0,0.0,0.0,0.0,0.0,0.0,0.0,0.0,0.0,0.0,0.0,0.0,0.0,0.0,0.0,0.0,0.0,0.0
2025-11-03 03:00:00+00:00,441,6630,0.0,0.0,0.0,0.0,0.0,0.0,0.0,0.0,0.0,0.0,0.0,0.0,0.0,0.0,0.0,0.0,0.0,0.0,0.0,0.0,0.0
2025-11-03 03:15:00+00:00,442,6645,0.0,0.0,0.0,0.0,0.0,0.0,0.0,0.0,0.0,0.0,0.0,0.0,0.0,0.0,0.0,0.0,0.0,0.0,0.0,0.0,0.0
2025-11-03 03:30:00+00:00,443,6660,0.0,0.0,0.0,0.0,0.0,0.0,0.0,0.0,0.0,0.0,0.0,0.0,0.0,0.0,0.0,0.0,0.0,0.0,0.0,0.0,0.0
2025-11-03 03:45:00+00:00,444,6675,0.0,0.0,0.0,0.0,0.0,0.0,0.0,0.0,0.0,0.0,0.0,0.0,0.0,0.0,0.0,0.0,0.0,0.0,0.0,0.0,0.0
2025-11-03 04:00:00+00:00,445,6690,0.0,0.0,0.0,0.0,0.0,0.0,0.0,0.0,0.0,0.0,0.0,0.0,0.0,0.0,0.0,0.0,0.0,0.0,0.0,0.0,0.0
2025-11-03 04:15:00+00:00,446,6705,0.0,0.0,0.0,0.0,0.0,0.0,0.0,0.0,0.0,0.0,0.0,0.0,0.0,0.0,0.0,0.0,0.0,0.0,0.0,0.0,0.0
2025-11-03 04:30:00+00:00,447,6720,0.0,0.0,0.0,0.0,0.0,0.0,0.0,0.0,0.0,0.0,0.0,0.0,0.0,0.0,0.0,0.0,0.0,0.0,0.0,0.0,0.0
2025-11-03 04:45:00+00:00,448,6735,0.0,0.0,0.0,0.0,0.0,0.0,0.0,0.0,0.0,0.0,0.0,0.0,0.0,0.0,0.0,0.0,0.0,0.0,0.0,0.0,0.0
2025-11-03 05:00:00+00:00,449,6750,0.0,0.0,0.0,0.0,0.0,0.0,0.0,0.0,0.0,0.0,0.0,0.0,0.0,0.0,0.0,0.0,0.0,0.0,0.0,0.0,0.0
2025-11-03 05:15:00+00:00,450,6765,0.0,0.0,0.0,0.0,0.0,0.0,0.0,0.0,0.0,0.0,0.0,0.0,0.0,0.0,0.0,0.0,0.0,0.0,0.0,0.0,0.0
2025-11-03 05:30:00+00:00,451,6780,0.0,0.0,0.0,0.0,0.0,0.0,0.0,0.0,0.0,0.0,0.0,0.0,0.0,0.0,0.0,0.0,0.0,0.0,0.0,0.0,0.0
2025-11-03 05:45:00+00:00,452,6795,0.0,0.0,0.0,0.0,0.0,0.0,0.0,0.0,0.0,0.0,0.0,0.0,0.0,0.0,0.0,0.0,0.0,0.0,0.0,0.0,0.0
2025-11-03 06:00:00+00:00,453,6810,0.0,0.0,0.0,0.0,0.0,0.0,0.0,0.0,0.0,0.0,0.0,0.0,0.0,0.0,0.0,0.0,0.0,0.0,0.0,0.0,0.0
2025-11-03 06:15:00+00:00,454,6825,0.0,0.0,0.0,0.0,0.0503778938657002,0.24181389055536093,0.4332498872450215,0.624685883934682,0.8161218806243425,1.598515082623168,4.38820801693178,7.457375068358888,10.152458121185532,13.949107932200398,20.434633067151736,25.286556922873725,30.42405474073097,37.14913152694333,44.516427810420296,86.74925948104223,12.241946007084728
2025-11-03 06:30:00+00:00,455,6840,0.0,0.0,0.0,0.0,2.679429117347355,5.528085336842966,8.376741556338574,11.22539777583418,31.25928613075456,73.97001427733622,106.22002712396389,147.9014450327708,181.66015556232017,239.05208479575867,331.83126021780714,403.165299890136,477.0966948982185,553.0328511270856,700.8959763178393,1169.4473236640001,196.5036418870104
2025-11-03 06:45:00+00:00,456,6855,0.0,0.0,22.672661298768222,47.11411177687296,128.20189498017533,222.2060702030277,361.6809811496639,534.6303756508348,673.383414020551,871.974211459605,1032.605810784695,1310.0056674208824,1692.9681758375598,1941.5298830184654,2265.3159576730454,2493.948480274304,2830.7751279250897,3242.0586343468945,3669.1648801175493,5485.457699755761,1325.6616619348663
2025-11-03 07:00:00+00:00,457,6870,0.0,18.617556705297762,82.93275259632632,195.74017562213697,410.3664043200946,645.6210857860178,886.091924371244,1124.8886689299604,1408.974902680799,1716.0319195559587,2064.007720919759,2553.08493247603,3250.169191667875,3820.1066579041367,4574.486797363956,5116.829178872729,5736.03335757319,6511.7307382535655,7212.362142994243,10522.843431263958,2676.9141350551295
2025-11-03 07:15:00+00:00,458,6885,0.0,62.19477267523389,162.76504338412275,467.3638606889119,838.3573769879946,1055.2508640346673,1342.473248846191,1722.5763906384032,2058.639586533602,2474.6040899609065,2924.078895061814,3307.297831047397,4064.819091454711,5211.356279123559,5858.218034257739,7017.502658230199,7883.425163201677,9242.521985136655,10393.78522228335,14897.899752478343,3746.5068052116662
2025-11-03 07:30:00+00:00,459,6900,0.0,121.60997623155622,350.1862187318149,774.6560008900306,1241.9377299784082,1497.2864729543603,1855.8206001157855,2308.0822337608447,2775.9981327613223,3222.927384339441,3780.8233320554737,4342.900142011447,5118.744182643587,6416.220744949571,7375.505842527891,8763.447888657265,10163.418116302282,11763.779130603947,13455.08137936632,19727.318125669426,4906.252916253456
2025-11-03 07:45:00+00:00,460,6915,26.923466617093684,202.78525920108868,585.519562153726,1142.242920783289,1647.126214713963,1969.997215479975,2273.442172315518,2885.98904331676,3426.696252339253,3876.8722288096646,4436.48341359434,5227.560959580349,6082.043069653632,7664.385155828846,8937.75712986141,10821.363885383504,12276.732764546143,14446.830259624332,16650.098550264305,24091.494945827453,6014.462348389353
2025-11-03 08:00:00+00:00,461,6930,76.65446510577912,298.5437955034725,851.5241442234964,1557.8497529054857,2170.028355080931,2500.865614161916,2862.2662720546105,3463.1966073160365,4125.63794301681,4551.332264555913,5162.2891037999225,6141.057236530052,6967.40342905004,8206.960547675031,10206.129213903952,12063.016284506464,14361.10631065254,16854.367614844825,19356.30024573307,28266.531347183212,6648.112469209828
2025-11-03 08:15:00+00:00,462,6945,194.80578191817116,577.3878783033718,1670.9399388301492,2445.090067661434,2932.951294448981,3397.0217220480463,4057.706504304543,4580.526687235313,5117.002469230905,5661.444372345099,6369.164445806383,7369.717514938076,8385.243930364028,10519.127620790705,12192.093173401612,14446.20381802057,17159.185452655445,19702.838211991937,22446.52162008072,32192.520472957625,8100.5585956460845
2025-11-03 08:30:00+00:00,463,6960,286.9847356975596,883.2737087037941,2029.7500405385308,2862.167440221687,3429.806971302293,3986.215685919573,4686.0156418771585,5263.598587161919,5939.95684517442,6517.991190543899,7355.005078525833,8471.237537303772,10012.846413715873,12482.682065490206,13944.689527386166,16826.89226625337,19748.479130588945,22341.709931521393,25673.939174036594,35829.051784469186,9387.447024256426
2025-11-03 08:45:00+00:00,464,6975,498.9379322936976,1477.782946823741,2309.7756970535947,3397.2675295653203,3941.9154138631907,4807.714524284678,5538.112410073743,6353.911972678435,6901.278702144428,7703.7606683612,9069.967193280727,10991.701732330632,13661.962221995853,15381.592714915301,18430.337086977906,21418.767692239133,23874.609595963553,26363.272636398142,28310.670545091063,39147.14780945927,11341.379269548945
2025-11-03 09:00:00+00:00,465,6990,636.8995954183887,1930.9663096456795,2796.714234042683,3742.46847759217,4364.991616369934,5242.184191382096,6171.878864321551,7068.797258766742,7991.2479543613135,9591.226407684659,12154.521871478317,14638.556973346678,16824.720389793238,20633.839012304445,23091.77896757078,24324.92962995927,26870.326743332604,28852.7485530198,31167.859914918758,42124.97691980928,13272.611124483865
2025-11-03 09:15:00+00:00,466,7005,1009.0525038750071,2341.017161510238,3337.576438279378,4223.858616672497,4981.05250960372,5669.477580719109,6875.867432853449,8019.800091764238,9101.980903403291,10821.867619874187,14994.941811615165,17187.719666556914,20710.4905506646,24059.745508479555,25071.230807845393,27584.24321169396,29046.409280223063,30893.41759303623,33664.66176705273,44850.97228794512,14940.8134988327
2025-11-03 09:30:00+00:00,467,7020,1144.8885473280889,2938.640691088355,3722.6831215499733,4737.142378665768,5377.490628382851,5994.923976234363,7273.666925864558,8633.619717142803,10294.443091233656,12193.545628689779,16658.892093071456,19968.606797632103,23776.576906860442,26109.962184703047,27127.213870568274,29771.180774073433,31165.749278940893,32449.902046687344,35278.92728192372,47269.34086101012,16248.173317178356
2025-11-03 09:45:00+00:00,468,7035,2196.88580803641,3245.038604276779,3831.5892398372134,4804.424715782991,5503.66333978205,6059.3828816978075,7235.605195996832,8961.5200180742,10542.683799738266,12957.642131857227,17515.399813954453,21393.7469045963,24945.768010957923,27312.39090803215,28243.761155274766,30829.610839856286,32136.393787494486,33291.73403823831,35051.40839735321,49191.68142023376,16839.15818588498
2025-11-03 10:00:00+00:00,469,7050,2809.857553884461,3565.7439297106694,4143.746315352324,5274.290985695071,5970.328363162562,6631.701224938421,8557.90907605751,10396.486972351517,12805.141938216262,17887.42411565121,20540.967020662534,25007.283550341093,27321.560058870433,28794.84839220169,30069.551799502387,32677.881954313074,33541.9805540945,34461.67444317454,35722.22603544032,50711.45169984744,18388.81984067461
2025-11-03 10:15:00+00:00,470,7065,2869.1542655204407,3672.5851486636107,4213.30843863716,5227.532630925556,5984.886901588427,6602.890234930023,8105.591516724346,10168.457328460387,13123.56264551626,18568.843699024117,22360.565692442888,25945.243859322454,28416.831445284177,29569.47686011265,32073.457298314377,33615.18108969233,34367.72874152591,35102.96354157079,36218.910754063414,51823.72288464259,18854.85606268607
2025-11-03 10:30:00+00:00,471,7080,3204.3269655323406,3961.567553368813,4490.591144632878,5442.6172954896465,6317.901532333583,7102.142497807391,9812.978849677585,11629.386866137507,15940.21453211815,20442.751796507793,24684.620364000017,26902.85542672084,29238.150662234155,30315.032156534202,33035.48690315658,34516.93824147452,35109.908013194,36101.89967263275,37007.08427242829,52525.38048515873,19774.73895122619
2025-11-03 10:45:00+00:00,472,7095,3267.309936195232,3992.5076408744526,4462.390503097949,5244.882412911115,6216.171138912583,6961.822102429151,8515.002645249771,11945.35923367232,16723.119101668955,21364.887800879318,25657.047684286543,28237.12921328808,29755.352251915032,30807.724420804367,33998.38264605651,34953.94422262324,35441.51440961809,36278.70791721447,37310.01588194124,52815.080114852826,20075.252694758627
2025-11-03 11:00:00+00:00,473,7110,3483.469288791299,4227.462275473605,4670.565553096471,5610.17595396009,6450.664401340423,7773.229194867986,10339.230028338936,13757.932973566994,17255.2097472527,21625.194812242054,25714.145388370824,28076.195283394736,29733.56031408556,31129.827426769665,34285.74816262021,35110.99523074925,35614.8329457856,36544.03194805362,37446.058613832734,52693.246870210955,20462.14779818785
2025-11-03 11:15:00+00:00,474,7125,3416.3971360031296,4162.080498259984,4618.321780020982,5659.289855208777,6548.639947870656,7985.749784462512,10378.345847357501,13678.020869862909,16736.74705061715,21190.769289757245,25278.87486112011,27777.866271830604,29441.290110987597,30830.211565222668,33834.6282121508,34751.051443809956,35313.29584312532,36228.9275689549,37217.39115018902,52162.09766456681,20261.16632778858
2025-11-03 11:30:00+00:00,475,7140,3254.565724135257,4045.7966088200833,4541.805006782166,5700.165509562653,6741.5370259699275,8250.515002490116,11777.17041348452,14251.074843660459,17313.476523391637,21164.29249902759,25495.152238718318,27546.909607238023,28985.468016278228,30250.962179748352,32718.225760268615,33989.38536017523,34559.040628768744,35696.209182564264,36872.56119916338,51225.67830120322,20151.16669577191
2025-11-03 11:45:00+00:00,476,7155,3108.95313806703,4018.8362612940487,4537.334854232258,5695.317746257829,6635.349477077955,8426.282312142373,11854.501831982554,13727.125738767072,16838.705745541083,20682.243491852045,25041.843324169247,27120.141679508608,28430.435091821117,29950.41428484933,32375.45193453049,33302.14337705245,33969.60935784378,35196.73168317069,36462.037639780756,49889.91667204462,19834.4946964656
2025-11-03 12:00:00+00:00,477,7170,3089.735178426554,3909.960870854134,4528.6433630077545,5549.555163358036,7110.055695226319,9306.896046864744,12041.294115659815,14781.421030649803,17195.440081488872,20852.696712342695,24489.20463212583,26285.491365563576,27668.103168753983,29776.86662798763,31688.703508390317,32531.749292931574,33548.97253425076,34420.36969687422,35733.86629606351,48162.70292007361,19711.90813564318
2025-11-03 12:15:00+00:00,478,7185,2075.990483620878,2886.9029436502597,4346.184033839894,5726.90103993483,6574.866532251108,8227.315605157337,11032.052111062609,13290.572422900817,15631.044090168976,19786.48047708415,23247.286856931107,25330.930472164167,28774.956642403024,30598.429094629082,31386.742205557646,31808.49255576195,32758.278833130742,33853.13878834202,34691.47953091846,46054.01866975559,19007.577628445964
2025-11-03 12:30:00+00:00,479,7200,1912.2533762894807,2674.1623161665334,4096.760491827742,5325.523400841924,5892.620410862893,7311.492454798495,9435.58631295834,11522.973054056549,13636.28901333538,17109.74673385399,20813.715216470115,22743.776644993344,24537.049357785978,28153.007887667405,29461.798378574942,29933.71032879996,30688.355450708706,31805.077783754678,32597.364253240557,43500.18128835543,17338.047143294007
2025-11-03 12:45:00+00:00,480,7215,1711.9549117159856,2337.4728818678805,3746.0800469989504,4934.640105371852,5430.281819254247,6362.931804094865,8481.380086586443,10710.39871349281,12692.303369777113,14415.930219677179,18235.931673780524,20510.12740806869,22441.113156605246,25948.37078902289,27328.187955362075,27883.93766000053,28550.691405703194,29677.883599696204,30419.16165340507,40609.293975706394,15886.671494665514
2025-11-03 13:00:00+00:00,481,7230,1537.0050849042832,2020.021431911347,3518.2403060039014,4537.960115561145,5042.061124206906,6348.6537927285035,7886.599913256287,9863.823846137911,11653.360744946274,13165.359326235428,16494.02023733138,18801.2712641414,20112.633965685214,23230.608230549093,24913.713790198824,25610.70459266272,26203.79262924462,27373.12620044319,28060.486624140536,37531.13824676521,14552.73694233281
2025-11-03 13:15:00+00:00,482,7245,1353.6111275483174,1736.790427825664,2776.8142432674276,3990.136763436826,4546.235551311399,5405.4675749724365,7018.997701075081,8933.897878250245,10356.965264791465,11598.98760940443,13792.689307426816,16732.56576787528,18064.191138931714,20509.632799249768,22085.650649906496,23173.3829638806,23665.333000207796,24475.89328512085,25489.00479288429,34153.86379431165,12952.093606560686
2025-11-03 13:30:00+00:00,483,7260,1051.6433914913885,1467.2757818593184,2616.3866140142995,3532.830130962813,4053.8008244582797,5118.6246811126575,6517.3838868693,8029.219278900657,9224.662252609325,10168.411908035503,12298.17061965515,14702.32307482934,15891.740087916842,16972.86418656322,19322.75114730981,20341.25936156918,20847.2994284565,21437.309366114485,22651.280147777223,30505.79223183438,11407.07504486084
2025-11-03 13:45:00+00:00,484,7275,963.0329816465539,1286.8310181225913,2059.66376137897,2680.38489544008,3359.294249832583,3893.976455023128,5169.747467229724,6232.43793975399,7349.571580729307,8155.498490020502,9265.93085666166,11080.487626290465,13051.401583397821,13926.839934320113,14841.454224815392,17054.635333524377,17943.78241579203,18492.606136678758,19475.842937176974,26622.586264335896,9333.83264853061
2025-11-03 14:00:00+00:00,485,7290,790.3821517623569,1106.124421924534,1765.186903150534,2218.394541168948,2725.4016257958724,3181.3069893331185,3992.801685086272,4948.30060591378,5768.948711243499,6619.127815731992,7272.049560489131,8966.117629340482,10662.324199231238,11677.84880113229,12440.976706777346,13868.263540258358,14880.41593692254,15393.628934441205,15969.515591812653,22550.890852085213,7651.843042443151
2025-11-03 14:15:00+00:00,486,7305,579.4690131121264,805.463058263056,1271.0345919213917,1650.790254946166,1960.392681175353,2352.2134794309854,2990.586797586586,3853.2095722719373,4520.51156595706,5335.276660356377,5896.712803321222,6636.000338428727,8026.124203615941,9283.035931447997,9730.773492447517,10849.824541699409,11798.460804928449,12402.195577965125,12823.312676359574,18354.7751798581,5995.032040931528
2025-11-03 14:30:00+00:00,487,7320,396.507202342105,582.3490502394487,871.0508403069089,1166.7333899290227,1341.043257719952,1760.06656772939,2283.962301479764,2864.687361262937,3308.7407046048793,4073.0357322504565,4479.303241179907,5109.10103810985,6134.113992304827,6857.937827583624,7241.772690045118,7667.01314863705,8377.742774108236,9206.980280952046,9653.9874234445,13831.065987110362,4449.292249340253
