horizon,horizon_num,horizon_minutes,p_05,p_10,p_15,p_20,p_25,p_30,p_35,p_40,p_45,p_50,p_55,p_60,p_65,p_70,p_75,p_80,p_85,p_90,p_95,clear_sky,deterministic
2025-07-27 04:15:00+00:00,0,15,133.45537186979993,193.87188175837372,237.03190479155316,270.7785892406971,300.4505027606702,334.4401258066761,370.0514085073109,406.8261343748726,457.57219859821083,504.2697234705754,550.0805089942528,634.7071937014117,716.4781856752784,803.7121826406533,942.7088231405843,1109.6861843514093,1279.5728483426951,1432.0245420449678,1817.9886169638926,3383.4174335277307,753.0253022655359
2025-07-27 04:30:00+00:00,1,30,194.0124113596342,263.67526926456276,352.3375327784867,407.5935408704445,456.1837663713186,528.3906014004205,603.8202553162332,687.6948865030212,762.5710395597295,861.4401436818576,1018.6831407692613,1211.1577423374729,1352.7559027251891,1592.8182991779174,1760.712000875889,1989.6382112296997,2294.294468903142,2594.6133985839815,3153.40483084576,4855.355382553456,1268.2554747659703
2025-07-27 04:45:00+00:00,2,45,285.61156306878314,466.21663490639054,623.753635553021,759.1235975359084,963.4373212973236,1129.8525307926366,1390.1001119645493,1539.0049138484828,1767.4655360120569,1997.1016498654012,2265.817042537592,2446.791876906304,2690.4139458092586,2867.9253106306805,3032.3546798186403,3472.50057161276,3751.237985490091,4004.512784475757,4753.911999939644,7555.13687978334,2207.31113617346
2025-07-27 05:00:00+00:00,3,60,496.02404304384123,735.3946852185297,963.6988125124939,1265.1566465714284,1569.636885282319,1951.2477892166896,2133.4808940815346,2473.4296482912882,2826.3785476579224,3152.088811563942,3371.2257713218664,3732.438946539621,4033.8998989278507,4276.408557680152,4806.489501973877,5209.614696844683,5689.061736689753,6493.092546541438,7297.967538044632,10752.865451968744,3507.003171163046
2025-07-27 05:15:00+00:00,4,75,328.2643943335753,659.5557466817365,1107.082427074219,1713.842711147056,2241.8158258143726,2593.5897983956143,3158.6463130853963,3459.9870355549315,3901.348667994905,4156.974508573514,4634.26712946906,4972.989404430632,5287.323304268433,5752.834063106358,6266.573289834061,6893.886907756982,7836.085602254772,8751.782019443637,10064.814436951137,14334.898957401057,4685.9989426782595
2025-07-27 05:30:00+00:00,5,90,344.7352395348142,810.7662974299711,1583.3421769669712,2415.2489327755648,2865.4147093110023,3534.079879294983,4062.3811592559264,4622.095467416132,4960.05981604166,5382.0656660141485,5842.142357344566,6209.068698683291,6556.338626120008,7152.394001728195,7741.327974068577,8662.181686032145,9881.621394477244,11041.325308762489,12197.078190604596,18223.64535736014,5920.75658575645
2025-07-27 05:45:00+00:00,6,105,511.2269729061442,1193.9847970050291,2169.2484461725285,3147.978409308808,3813.172888238896,4682.548491799999,5321.75656887923,5708.238250434265,6094.510439883079,6621.824367607103,7149.183801637409,7578.717512923238,8048.81906156646,8957.342295349325,9743.94122769625,10612.891407919577,12086.799746056511,13831.637814946462,15299.579586795917,22460.97629717663,7400.390249589856
2025-07-27 06:00:00+00:00,7,120,587.1651245828816,1345.4883530653794,2546.3836165695725,3685.910710082324,4542.381969749454,5613.414433114467,6294.476251159154,6791.286790144087,7224.514217061195,7660.86099201067,8372.905732473335,8818.29943328019,9470.708410835197,10321.42553702995,11390.155517586629,12465.314432889983,14248.23489091456,16343.257566550528,17804.848892116763,26825.576020881883,8696.770621969867
2025-07-27 06:15:00+00:00,8,135,692.0815646431248,1643.8239013280806,2908.5651981064657,4220.228535555568,5015.673211986513,5962.4019880041,6857.495662276464,7590.412443132826,8227.654366340112,8626.626337400001,9408.982231637476,10073.652435239439,10586.666320283912,11545.811562140818,12821.85365475991,14605.749896332049,16813.201980012578,19044.82872217426,21160.92844302948,31252.59775233972,9964.515132190467
2025-07-27 06:30:00+00:00,9,150,1036.0022492883204,1890.0078482603517,3103.108090160221,4844.159120528701,5620.368546376508,6522.674274522917,7696.052042338318,8679.345700881273,9370.573786976076,9850.113604343349,10713.18483623975,11536.308442870037,12048.284313230872,13100.52144605091,14478.012125187182,16628.885249302723,18935.000041431213,21573.60828403066,23713.248011041178,35740.666538581856,11299.117750375499
2025-07-27 06:45:00+00:00,10,165,1317.8290137708577,2184.668407142812,3280.085001029117,5646.828291162801,6386.784294209364,7513.048539170164,9016.449319727957,9986.154384324722,10847.221121407232,11519.836614229213,12433.357219687428,13306.24513787342,14026.270433297352,15044.731871576532,17009.746948068307,19092.33631305079,21558.793430752277,24294.93153520306,26608.11486264456,40239.7755416462,12945.398602802388
2025-07-27 07:00:00+00:00,11,180,1870.1371700873567,2620.7389513546727,3570.3925769723883,5293.478069972851,7319.890396896294,8345.576699165313,10014.610781866211,11201.52919174029,12187.92449836949,13060.714964822731,14018.240124549131,15309.647288486405,16303.662667939092,17532.166784994963,19629.105729113762,21514.376310613618,24515.652926870847,27557.473386588965,29815.181076244153,44705.54565950328,14640.073557092941
2025-07-27 07:15:00+00:00,12,195,2408.687116945438,3365.3546215255146,4212.310568290097,6218.513516353014,7914.085458480868,8720.202273743467,10087.357828897557,11628.263702469223,12996.411455284975,14335.240091827513,15510.893247474336,16622.349238263087,17711.24477995023,18967.99464676969,21559.31977061408,22677.476142327036,27117.526991826053,30181.721623299796,32965.07118060593,49098.260639431646,15981.581562692814
2025-07-27 07:30:00+00:00,13,210,3148.917115253484,4219.661300872426,4987.972687808745,6898.432171837798,8693.90197999685,9759.14459134204,10855.136833156053,11860.678953834124,13562.708144212662,15661.045732315786,16995.249352034043,18503.652706708657,20106.38577373478,21759.75242507998,24239.5622327413,26547.49356429315,30008.396861597448,33308.44057370909,36651.38901091412,53382.0893498652,17176.209009921567
2025-07-27 07:45:00+00:00,14,225,3672.9254545128106,5057.788950093803,6133.618291224753,7933.405081484357,9594.973599709487,10639.773501871909,11425.95885365062,12858.343755274222,14724.378912873839,16831.039006135652,18371.650668326838,19941.09093638579,22107.69271852964,23912.070220586913,26520.969345837704,27746.275136191904,32297.691782880327,35812.20127988469,39349.78525654854,57437.10775522234,18639.46191944545
2025-07-27 08:00:00+00:00,15,240,4167.462110380516,5529.05999306729,6578.221364648478,8778.136899671268,10535.360343595828,11401.357035310708,12272.960132962362,13868.63429133798,15588.804194632927,17648.052698052634,19663.771503578806,21329.89545907757,22903.123000596766,25079.146833484985,28243.912064780605,29717.28194855142,32661.3646604474,37975.29230939577,41163.99877794231,61333.429634964785,19781.910493859938
2025-07-27 08:15:00+00:00,16,255,4408.074369149779,5878.753248127805,7122.0712507314975,9145.322601984137,10976.208244153415,12148.640197337321,13092.174106986982,14806.57380594891,16778.427627348698,19237.252332807384,22039.406551631557,23949.26571306177,26086.948982205497,28893.95119466073,30670.835749411926,33652.64942111278,36716.742264006854,40476.0234562565,44062.609745943424,65085.203334898986,21614.068748688926
2025-07-27 08:30:00+00:00,17,270,4505.987828126023,5904.590688035186,7449.62470965662,9404.314298255053,10845.381340114714,12409.680601112834,13349.09395404857,15290.983579222144,17373.90942438133,19695.582900000085,21264.164315974063,23479.21677551603,25719.205828864353,28573.262195863936,31249.260997861977,34613.84062912876,38230.25454706972,40910.54469749722,44259.134861481085,68613.50210694276,21807.165287247833
2025-07-27 08:45:00+00:00,18,285,3721.010562906148,5412.01893757183,6504.679623873087,8473.386428902557,10400.961924827488,12438.363404006803,13966.647839178,15914.572811939548,18345.246947349966,20570.403967747647,22385.644544211667,24947.8058206513,26823.514774220956,29645.613191929722,32719.860958886926,34746.859935668566,38861.54037074526,42063.745117194725,46802.411620759965,71895.76470830201,22421.27865037764
2025-07-27 09:00:00+00:00,19,300,3333.6496838631774,4937.865104660409,6920.785398070509,9345.915417536935,10395.389205111813,12528.565009372473,13754.31672077663,14991.50115681528,18133.470950820105,19354.252251104983,22669.575161641933,25119.508913816375,27578.495762940274,29790.247776804674,32479.97099285699,36094.31264093273,40014.61088081025,45218.93510516938,49199.52006982772,74911.55032160117,22829.82960624181
2025-07-27 09:15:00+00:00,20,315,2361.5925843082778,4220.9600408823535,6998.583451359284,9237.711792224596,11107.846455653116,12353.976986186017,15029.881956121337,17653.354703414116,19450.40088368016,21495.111567868265,23827.47317299196,25449.35750184378,27855.33831936214,30619.975800742894,33188.47527602605,36989.38666596189,41615.22992998899,47018.657739635535,49957.35791374276,77642.46685473186,24519.84918858388
2025-07-27 09:30:00+00:00,21,330,2262.1348180263108,4151.212557959826,7098.323566850417,9201.747557078668,11266.410204215881,12391.677008396467,15334.990352094233,17944.229787957363,19904.183645271838,21917.831113285494,23851.47437693014,25863.015606741807,27776.239322594054,30907.188363550413,33453.44454611693,36850.074296253435,41819.095085741596,46696.96935803207,51174.88973822411,80072.13069537474,24773.60882290479
2025-07-27 09:45:00+00:00,22,345,2335.1884763319986,4288.605795407764,7164.094172342795,9321.817398418838,11532.166221001338,12628.755892093193,15531.256816922749,17647.895825214462,20224.486676871304,22165.98698102446,24184.45364678874,26483.709229235217,29017.919819225295,31913.356678069464,34765.516572290806,38480.01156680834,43275.21714626963,47915.7644493023,52519.77923307599,82186.1497051331,25423.90505764937
2025-07-27 10:00:00+00:00,23,360,2006.2813818549585,4753.891789307036,7485.116457141571,9450.290504793542,11721.064212650495,13762.782427496773,16664.843715675906,19367.871844227622,21120.611260940896,23050.452631453983,25305.89876217456,27629.9944048204,30726.36179744511,33791.288025892005,35698.15079695477,40270.4724972434,44203.58189835545,48633.799261491986,53093.15565393768,83972.12368777287,26411.47823305872
2025-07-27 10:15:00+00:00,24,375,2117.489376775846,5610.8273170654675,8075.968297969578,10684.223128221465,12254.773978789799,15337.612845478838,18427.342499309387,21157.531466634668,23423.534299663595,26090.23708681112,28507.869749989644,31967.45860712758,34531.56506992471,36445.82544147753,42242.69410942698,44939.394050929186,47985.93271088487,51649.99988204891,54134.15482769238,85419.6575709989,27660.187045683462
2025-07-27 10:30:00+00:00,25,390,2211.462363857974,6057.101005982097,8601.195717363962,10939.612886988463,12647.63338520961,15748.350223674897,18970.680345204353,21737.39872309367,24147.070963974194,26712.949325809746,29934.56246535216,32494.893953257488,35113.57520707903,37164.668017758835,41239.566009189984,44962.42359397247,47880.91636819833,51955.08036548927,53809.52804444563,86520.38343027193,28004.500800887203
2025-07-27 10:45:00+00:00,26,405,1798.6808767915509,6452.032046878961,9261.355170440362,11965.726217924477,14444.149471340917,18239.92204545018,21242.38302811023,23517.79004375928,26310.866358707233,28858.124648305246,32285.055052759566,35083.70848698433,37071.04081783238,40760.45944042641,44533.91691512034,47287.53997751444,49590.71851032607,53239.4653961311,54919.677808193475,87267.98740065341,29746.34767027154
2025-07-27 11:00:00+00:00,27,420,4207.480516374721,7781.192376216428,11671.78856432464,14522.135573761958,17749.464321761126,21931.687388255687,23925.45253631964,25788.763883263025,27758.829911907444,30905.98651661868,35033.22426269664,37520.681518132165,40990.54082530293,43359.567868062215,46514.72765617103,49398.970785401216,52429.58294311266,54610.78117610395,56623.31152433284,87658.23673084941,32062.053620519517
2025-07-27 11:15:00+00:00,28,435,4286.9812801463595,8732.017045547633,13088.384898652526,17702.26942453739,22025.5335780876,23965.09056705585,25402.846910258322,27691.729156807054,30094.37168891115,32947.91530312309,36253.09896160792,39032.950269651075,42801.88895752396,45170.24151337284,47927.713503434155,50561.127936012774,53977.39109065692,55370.99407869676,58302.60711650737,87689.00208914216,33705.3911518937
2025-07-27 11:30:00+00:00,29,450,5072.507045327869,9294.242967452543,15116.57055453228,20149.999008263105,23368.5932265492,25451.606808139506,27173.342328538274,29577.79140730546,32429.072060326685,35006.9365003587,37845.16898699007,41086.434996273376,43694.40474344597,45547.894617278645,48575.025216822534,51044.18642261619,53643.01109934073,55754.26463475089,58613.008029902194,87360.27056946642,34879.26468362482
2025-07-27 11:45:00+00:00,30,465,6058.390168789262,11492.152126362325,16624.56765921954,21937.07049746753,24172.66758828462,26188.009139482285,27791.810061652825,29949.31637734917,32890.147751957425,35790.132747606025,38538.09632279808,41591.63150431989,44003.623142414646,45892.27970406154,48911.092378733745,51659.50868865971,55057.34949923477,55979.27338216339,57794.19618932873,86674.14632446514,35200.63825416819
2025-07-27 12:00:00+00:00,31,480,8626.425578819782,13658.507166464657,18690.58875410953,23011.401400340368,24990.77880255295,26868.08679894359,29677.119835529946,31630.22712233921,33932.30519322821,37483.873050824055,39415.487658230006,42332.08579027658,44808.48829544688,47193.76366642149,49601.94707821375,52542.8281673086,55008.01721138942,56790.63506056357,57812.64083600061,85634.83850678577,36482.96064898174
2025-07-27 12:15:00+00:00,32,495,8797.308409281533,14003.102037495402,19974.030182168146,22816.165668401783,24855.543351880682,26315.27210103193,28966.849981435098,31531.21739463747,34524.09199151806,38002.04287395408,41585.913333821074,43228.241347634685,45334.67034064473,48743.97996907668,50887.18698179237,52916.53409129076,54181.9409606841,55532.72739434841,56874.27975055199,84248.6389040601,36585.57201696516
2025-07-27 12:30:00+00:00,33,510,9083.729404523487,13373.9309238943,19292.568901468512,22530.973104868357,24563.480280894448,26149.37476784897,28444.68877153906,30973.523900411725,34181.60907213505,37287.26912156009,41736.97846757748,43029.04390281992,45885.84058564726,48410.82188334213,50290.784035216915,52170.15207539837,53487.4820068805,54921.83398369195,56464.132984193835,82523.89386787936,36104.83433858795
2025-07-27 12:45:00+00:00,34,525,9371.223739794352,14736.716285993101,19823.03816568071,22310.40863507411,24236.91754977837,26405.70747123287,28568.69920704474,31076.04430544456,34678.016999886364,38273.28131665041,41024.08684480571,43210.20931004806,46921.95051042579,48934.017312156684,50550.26941976105,51477.72226213376,53116.94582525664,54018.72406294948,55787.26677218684,80470.97605251077,36180.161059735496
2025-07-27 13:00:00+00:00,35,540,9846.276340118626,14898.132071807937,19918.339696813367,22278.979482336745,24266.948085521202,27364.480235417617,29620.472502467623,32735.400152008722,35509.72474310833,39404.70933226852,41175.55731164231,44410.851674532336,46576.6685494847,48226.99329772284,49805.69611674563,50820.902066280265,52325.22798481932,53351.203376704914,54525.21310809259,78102.26092539118,36246.68843758982
2025-07-27 13:15:00+00:00,36,555,11871.53657782198,16598.39935939214,19711.01809814153,22570.647208906234,24547.913287723375,28145.112488659797,31586.576449695982,34754.37891732699,37995.93452674375,39388.46376232342,42160.0748016389,44700.08227464208,46332.711223100894,47809.7122697162,48607.93354327697,49633.19769884138,50606.8132701046,51416.46088320711,52763.25091782621,75432.11237049717,36568.03498422813
2025-07-27 13:30:00+00:00,37,570,12090.406972118035,16517.794026616408,19656.105774241478,21894.897318282427,23987.434534564818,27093.72685091569,30409.382887032254,33389.720592549675,36563.58198989714,37852.83422596272,40019.974700791565,43251.98576201721,44853.64575150863,46430.916495893376,47397.079434041625,48325.61960859703,48849.85523714622,50064.867156116416,50907.50043331656,72476.88093331174,35445.75427097581
2025-07-27 13:45:00+00:00,38,585,11463.506388749749,15496.513899308482,17813.752431693247,19598.682178912248,20985.82408151125,22937.275426748634,25999.51169123383,29054.183361946394,31577.301244007955,34358.25473480204,36107.519954096504,39190.909432419845,41664.95864037824,44185.5330625876,45196.29591651,46043.12527080257,46594.29477045728,47515.36209835603,48560.616592978535,69254.91783871931,32565.207227301267
2025-07-27 14:00:00+00:00,39,600,9826.126273656859,13397.75153925701,16524.57309681286,18049.877362787673,19550.610225059467,21265.135509722506,23957.103094478054,27397.89392742766,30273.195541526205,33074.38473855252,34418.953909033575,37477.42502632569,40503.88251741581,42292.14490979027,43183.006852419865,44052.81478329844,44647.54023778158,45515.992837527025,46792.13900335754,65786.60903619406,30990.901927523544
2025-07-27 14:15:00+00:00,40,615,8510.626975408484,12195.675977631696,15362.080666281785,16913.158390699486,18303.688273332955,19900.510472732778,21981.35366742944,25228.32382732519,27883.088721972956,31178.280133481792,32565.97356795245,35351.60602775215,37540.25710578568,39954.06396532397,40913.92157822157,41780.84398552497,42390.322624996916,43260.18573621884,44625.14816052238,62094.43498031902,29102.534649062687
2025-07-27 14:30:00+00:00,41,630,7743.029305659812,11314.927036881652,14374.22691149671,16254.600260799982,17348.179972971506,18662.496590405524,21366.63218392602,24309.223532995835,26916.185314614566,29369.05625069344,30731.810833356525,33217.492855152836,35177.509237908445,37347.77594184816,38303.13343694147,39154.849290526334,39727.04807516491,40474.83064350309,41736.033447466805,58203.06389413064,27401.286334112297
2025-07-27 14:45:00+00:00,42,645,7564.144053127702,10724.355185073235,13956.887785655395,15433.887100532289,16770.15222888681,18445.737535021268,21945.912944244683,24093.925079266774,26338.59289199413,27945.54925372115,28998.47762871893,31354.957673351393,33110.910622384574,34880.03534250479,36030.79148106004,36629.3438388933,37212.8621314625,37970.97545197345,39216.661584684196,54152.33024876226,26410.34163029302
2025-07-27 15:00:00+00:00,43,660,7862.279833199855,10299.197760576628,13103.799721999756,14376.74026642259,15863.920650717477,19262.58757699042,21299.44159901052,23370.08776042935,25054.501460925996,26051.651399031976,27151.0730239835,29160.505932889417,30226.809139795972,31678.890170358998,32881.736978057525,33783.61278248443,34347.44267784592,35063.268542244565,36253.31766368358,49981.687401467854,24721.890902484334
2025-07-27 15:15:00+00:00,44,675,6973.431429360371,9574.409064478921,12232.905512493327,13255.260973584722,15000.009804598094,17359.843605186783,18689.712590259285,20628.242994747125,21846.923732117637,23228.335417431994,24126.91442359846,25346.229931595783,26892.85891965995,28138.169206838385,29603.570854594807,30783.21685265666,31328.684433518276,32207.185100971834,33204.02175868329,45638.395055380926,22279.48120767417
2025-07-27 15:30:00+00:00,45,690,5618.333208247043,8119.737091591892,10025.308181959792,11549.848344991231,12466.495859413084,14333.856789872576,16320.63064053496,17637.382969731312,19105.95627343321,20145.5336405067,21615.938485460738,22307.474290349586,23615.540466217873,25214.814050781773,26524.069274277907,27702.85301356864,28563.297815606813,29468.000625043696,30529.86072838596,41219.18872364211,19579.228617202323
2025-07-27 15:45:00+00:00,46,705,4737.610887080107,6959.117818488785,8975.60635379964,9827.572407214797,10979.933269732152,11729.540827939474,13514.01480709578,14664.748265506949,15660.80249010871,16738.51299588317,17881.928472761127,18854.96429608653,20505.538056522288,22020.744098309104,23267.653869727226,24658.583169837926,25767.14184747457,26533.259669730414,27590.01772465616,36762.45000564474,16926.10434638102
2025-07-27 16:00:00+00:00,47,720,3767.5728997976416,5528.485920057097,7033.108190313641,8548.87920620054,9621.762446179133,10123.714060959,11492.026487323403,12637.47465268265,13428.580247307733,14393.864562759549,15426.849431120909,16337.662610086987,17813.010257432514,19260.302826057832,20371.309057189963,21330.591603296492,22489.037150447566,23501.43039474622,24616.452690110626,32310.589123346177,14666.24824387808
2025-07-27 16:15:00+00:00,48,735,3813.060016249983,4839.747637165752,5840.753504600867,7099.4406536783,8041.146973044182,8686.780763426143,9529.614409871023,10149.088452155927,11116.842808256506,11948.003547438622,12690.346217850054,13800.641113329733,14822.699949436954,15867.08405700115,17119.861297448904,17844.996670970806,18785.28375783203,20238.951692473765,21168.59595211684,27910.79666246888,12312.141772371711
2025-07-27 16:30:00+00:00,49,750,2852.9638227880737,3957.5730978163606,4805.521944510036,5616.020424517828,6581.008738725685,7324.81879747251,7863.841895563627,8518.730012100688,9218.69710776009,9789.131298576744,10449.488027344254,11456.860130383835,12019.90152965324,13337.41057485705,14019.118891414824,14989.686910539544,16012.51581876469,17330.687020261128,18002.498518498207,23615.935805699577,10255.172219163516
2025-07-27 16:45:00+00:00,50,765,2716.638780244067,3322.4515329255296,3843.6245635414994,4400.347395859528,5233.7025734875615,5766.78623222596,6369.4972224111125,6810.164624101053,7507.040870296152,7868.2594528667405,8389.819847677201,9327.214601184927,9708.497580804524,10677.78511422869,11253.67359783297,11920.743668411962,12892.746451450184,13963.224018207593,14550.105442577547,19463.699616650647,8268.245193511813
2025-07-27 17:00:00+00:00,51,780,1586.582872176076,2352.2842423048746,2877.5665043772187,3460.6396780858154,4025.262877919791,4430.827610351038,4879.9422851113295,5269.038479051007,5764.383153416516,6097.839001414555,6528.091374146709,7156.665171037281,7468.499539109085,8000.755501219153,8601.113623157598,9068.037232546521,9783.253566261274,10816.345355326775,11326.278418796723,15406.79493623559,6321.159265186261
2025-07-27 17:15:00+00:00,52,795,1139.5535720214382,1732.7597632731984,2066.2050581808453,2484.4389380698403,2895.8144169782177,3250.8094629322436,3544.8520455232665,4051.2188132240685,4343.906800064994,4595.945282298544,4937.499356525377,5415.45519873684,5621.363227672892,5990.8480721294145,6405.164575823816,6678.76161774129,7204.384271889317,7981.980357527046,8473.813110877161,11763.972502569892,4713.818270424219
2025-07-27 17:30:00+00:00,53,810,802.4313538880181,1184.154034899869,1389.9946502116877,1661.2151951882604,1960.1993254824897,2217.931201443625,2494.998583681622,2827.6030422446256,3020.4854654010023,3178.204499616748,3358.6130093198594,3637.9739027536343,3913.7222216761747,4174.694314933177,4366.260294200674,4616.37408580167,4920.307602674644,5366.028248743537,5853.059086780293,8471.494838335488,3240.9122718141207
2025-07-27 17:45:00+00:00,54,825,512.184745976883,725.5551746608623,872.3692555869461,1103.0858178692345,1275.626124266354,1434.2564612638514,1636.912939380731,1828.0995727581737,1960.4023886311902,2044.5501798340447,2168.7672203510033,2342.1905921517764,2519.3703671851463,2704.3864672719815,2875.919864257159,3027.480616882326,3224.437853055192,3508.8689767122405,3861.7644663741403,5661.487303488898,2109.5619346565513
2025-07-27 18:00:00+00:00,55,840,377.0631000441349,527.6082519150032,673.1448678358856,839.6349364167068,960.5379256008613,1091.5796710041536,1269.7795418190767,1409.7425157922205,1506.299435260124,1590.9842433664837,1671.8795786964847,1795.2349055644106,1925.1599696527926,2098.5235587920997,2201.0334619044643,2314.1987527637207,2481.489934337742,2696.129439917529,2974.9625995997158,4424.779760449655,1619.521458764086
2025-07-27 18:15:00+00:00,56,855,189.10197293087518,416.0086411750584,548.6103915300324,666.5343901318455,807.7097063177275,931.6820591308426,1055.6091127988993,1131.009317032021,1211.691883061656,1308.4723773734806,1387.2294138594143,1465.8949396291835,1558.0026230419849,1633.3606164593427,1739.9728269000916,1865.9189531727357,2003.4758919226967,2106.02433829997,2367.777304677449,3547.1071534886364,1298.260176809233
2025-07-27 18:30:00+00:00,57,870,165.30290591875047,313.0628694589218,409.8207628075831,515.0313414877802,591.6796686173568,654.6790552193829,734.5890647456405,791.6085928324628,844.0009490010307,903.2678987800214,956.9246836070726,1027.3838072663368,1081.7865784950163,1134.204772099606,1194.9767126028041,1292.6367811627447,1372.0358648739023,1453.0024360163432,1638.488332286081,2466.589357299109,907.6493632635623
2025-07-27 18:45:00+00:00,58,885,11.329934258111969,100.80105630585957,200.27546493568363,298.9428890279272,347.4051740328035,421.14744781290193,460.6829562745794,482.7841488937324,520.6848485162998,554.0618174869201,587.9409393275217,622.8532206338,644.7694655355964,692.5940000598337,717.4441667959878,746.4223902599396,765.968511298533,828.2127736643023,922.8176349429335,1443.0862945210042,527.9827923289082
2025-07-27 19:00:00+00:00,59,900,5.338050404516497,18.187628295177102,32.93301815668101,47.870196274533804,59.12201174769724,68.61734408391584,78.39485652214346,86.14648204937582,93.17949235382534,100.91214420633132,107.84985178121416,114.46084363227095,120.8072082715813,125.41313361888677,134.5215348580293,141.19637718046965,146.75500588850977,158.03391362115272,182.4308384899911,280.80188987042453,97.25346157236322
2025-07-27 19:15:00+00:00,60,915,,,,,,,,,,,,,,,,,,,,1.892924306658067e-05,
2025-07-27 19:30:00+00:00,61,930,0.0,0.0,0.0,0.0,0.0,0.0,0.0,0.0,0.0,0.0,0.0,0.0,0.0,0.0,0.0,0.0,0.0,0.0,0.0,0.0,0.0
2025-07-27 19:45:00+00:00,62,945,0.0,0.0,0.0,0.0,0.0,0.0,0.0,0.0,0.0,0.0,0.0,0.0,0.0,0.0,0.0,0.0,0.0,0.0,0.0,0.0,0.0
2025-07-27 20:00:00+00:00,63,960,0.0,0.0,0.0,0.0,0.0,0.0,0.0,0.0,0.0,0.0,0.0,0.0,0.0,0.0,0.0,0.0,0.0,0.0,0.0,0.0,0.0
2025-07-27 20:15:00+00:00,64,975,0.0,0.0,0.0,0.0,0.0,0.0,0.0,0.0,0.0,0.0,0.0,0.0,0.0,0.0,0.0,0.0,0.0,0.0,0.0,0.0,0.0
2025-07-27 20:30:00+00:00,65,990,0.0,0.0,0.0,0.0,0.0,0.0,0.0,0.0,0.0,0.0,0.0,0.0,0.0,0.0,0.0,0.0,0.0,0.0,0.0,0.0,0.0
2025-07-27 20:45:00+00:00,66,1005,0.0,0.0,0.0,0.0,0.0,0.0,0.0,0.0,0.0,0.0,0.0,0.0,0.0,0.0,0.0,0.0,0.0,0.0,0.0,0.0,0.0
2025-07-27 21:00:00+00:00,67,1020,0.0,0.0,0.0,0.0,0.0,0.0,0.0,0.0,0.0,0.0,0.0,0.0,0.0,0.0,0.0,0.0,0.0,0.0,0.0,0.0,0.0
2025-07-27 21:15:00+00:00,68,1035,0.0,0.0,0.0,0.0,0.0,0.0,0.0,0.0,0.0,0.0,0.0,0.0,0.0,0.0,0.0,0.0,0.0,0.0,0.0,0.0,0.0
2025-07-27 21:30:00+00:00,69,1050,0.0,0.0,0.0,0.0,0.0,0.0,0.0,0.0,0.0,0.0,0.0,0.0,0.0,0.0,0.0,0.0,0.0,0.0,0.0,0.0,0.0
2025-07-27 21:45:00+00:00,70,1065,0.0,0.0,0.0,0.0,0.0,0.0,0.0,0.0,0.0,0.0,0.0,0.0,0.0,0.0,0.0,0.0,0.0,0.0,0.0,0.0,0.0
2025-07-27 22:00:00+00:00,71,1080,0.0,0.0,0.0,0.0,0.0,0.0,0.0,0.0,0.0,0.0,0.0,0.0,0.0,0.0,0.0,0.0,0.0,0.0,0.0,0.0,0.0
2025-07-27 22:15:00+00:00,72,1095,0.0,0.0,0.0,0.0,0.0,0.0,0.0,0.0,0.0,0.0,0.0,0.0,0.0,0.0,0.0,0.0,0.0,0.0,0.0,0.0,0.0
2025-07-27 22:30:00+00:00,73,1110,0.0,0.0,0.0,0.0,0.0,0.0,0.0,0.0,0.0,0.0,0.0,0.0,0.0,0.0,0.0,0.0,0.0,0.0,0.0,0.0,0.0
2025-07-27 22:45:00+00:00,74,1125,0.0,0.0,0.0,0.0,0.0,0.0,0.0,0.0,0.0,0.0,0.0,0.0,0.0,0.0,0.0,0.0,0.0,0.0,0.0,0.0,0.0
2025-07-27 23:00:00+00:00,75,1140,0.0,0.0,0.0,0.0,0.0,0.0,0.0,0.0,0.0,0.0,0.0,0.0,0.0,0.0,0.0,0.0,0.0,0.0,0.0,0.0,0.0
2025-07-27 23:15:00+00:00,76,1155,0.0,0.0,0.0,0.0,0.0,0.0,0.0,0.0,0.0,0.0,0.0,0.0,0.0,0.0,0.0,0.0,0.0,0.0,0.0,0.0,0.0
2025-07-27 23:30:00+00:00,77,1170,0.0,0.0,0.0,0.0,0.0,0.0,0.0,0.0,0.0,0.0,0.0,0.0,0.0,0.0,0.0,0.0,0.0,0.0,0.0,0.0,0.0
2025-07-27 23:45:00+00:00,78,1185,0.0,0.0,0.0,0.0,0.0,0.0,0.0,0.0,0.0,0.0,0.0,0.0,0.0,0.0,0.0,0.0,0.0,0.0,0.0,0.0,0.0
2025-07-28 00:00:00+00:00,79,1200,0.0,0.0,0.0,0.0,0.0,0.0,0.0,0.0,0.0,0.0,0.0,0.0,0.0,0.0,0.0,0.0,0.0,0.0,0.0,0.0,0.0
2025-07-28 00:15:00+00:00,80,1215,0.0,0.0,0.0,0.0,0.0,0.0,0.0,0.0,0.0,0.0,0.0,0.0,0.0,0.0,0.0,0.0,0.0,0.0,0.0,0.0,0.0
2025-07-28 00:30:00+00:00,81,1230,0.0,0.0,0.0,0.0,0.0,0.0,0.0,0.0,0.0,0.0,0.0,0.0,0.0,0.0,0.0,0.0,0.0,0.0,0.0,0.0,0.0
2025-07-28 00:45:00+00:00,82,1245,0.0,0.0,0.0,0.0,0.0,0.0,0.0,0.0,0.0,0.0,0.0,0.0,0.0,0.0,0.0,0.0,0.0,0.0,0.0,0.0,0.0
2025-07-28 01:00:00+00:00,83,1260,0.0,0.0,0.0,0.0,0.0,0.0,0.0,0.0,0.0,0.0,0.0,0.0,0.0,0.0,0.0,0.0,0.0,0.0,0.0,0.0,0.0
2025-07-28 01:15:00+00:00,84,1275,0.0,0.0,0.0,0.0,0.0,0.0,0.0,0.0,0.0,0.0,0.0,0.0,0.0,0.0,0.0,0.0,0.0,0.0,0.0,0.0,0.0
2025-07-28 01:30:00+00:00,85,1290,0.0,0.0,0.0,0.0,0.0,0.0,0.0,0.0,0.0,0.0,0.0,0.0,0.0,0.0,0.0,0.0,0.0,0.0,0.0,0.0,0.0
2025-07-28 01:45:00+00:00,86,1305,0.0,0.0,0.0,0.0,0.0,0.0,0.0,0.0,0.0,0.0,0.0,0.0,0.0,0.0,0.0,0.0,0.0,0.0,0.0,0.0,0.0
2025-07-28 02:00:00+00:00,87,1320,0.0,0.0,0.0,0.0,0.0,0.0,0.0,0.0,0.0,0.0,0.0,0.0,0.0,0.0,0.0,0.0,0.0,0.0,0.0,0.0,0.0
2025-07-28 02:15:00+00:00,88,1335,0.0,0.0,0.0,0.0,0.0,0.0,0.0,0.0,0.0,0.0,0.0,0.0,0.0,0.0,0.0,0.0,0.0,0.0,0.0,0.0,0.0
2025-07-28 02:30:00+00:00,89,1350,0.0,0.0,0.0,0.0,0.0,0.0,0.0,0.0,0.0,0.0,0.0,0.0,0.0,0.0,0.0,0.0,0.0,0.0,0.0,0.0,0.0
2025-07-28 02:45:00+00:00,90,1365,0.0,0.0,0.0,0.0,0.0,0.0,0.0,0.0,0.0,0.0,0.0,0.0,0.0,0.0,0.0,0.0,0.0,0.0,0.0,0.0,0.0
2025-07-28 03:00:00+00:00,91,1380,0.0,0.0,0.0,0.0,0.0,0.0,0.0,0.0,0.0,0.0,0.0,0.0,0.0,0.0,0.0,0.0,0.0,0.0,0.0,0.0,0.0
2025-07-28 03:15:00+00:00,92,1395,0.0,0.0,0.0,0.0,0.0,0.0,0.0,0.0,0.0,0.0,0.0,0.0,0.0,0.0,0.0,0.0,0.0,0.0,0.0,0.0,0.0
2025-07-28 03:30:00+00:00,93,1410,0.0,0.0,0.0,0.0,0.22074372695292302,0.4856361992964309,0.7505286716399386,1.0154211439834462,2.489872070937279,8.539092161782659,11.62291707669022,17.360054491845542,26.969793150457747,31.75078415681076,37.30888903949259,42.944830313242335,47.23899000994023,53.223199424220105,60.69142544759051,128.52659003952465,19.957328253409777
2025-07-28 03:45:00+00:00,94,1425,0.0,0.0,4.353421276450584,9.447850429743816,26.37740959083089,43.03161948644962,62.485525685300324,83.5478549637558,110.93284884839954,134.58854547852272,179.48600166898117,202.2337359290716,234.50536514394375,265.0329424259453,321.82546852856524,352.86972636441686,431.5163353842695,532.0474223450516,721.1557200179134,1132.0901478300439,217.40829472033158
2025-07-28 04:00:00+00:00,95,1440,0.0,10.46092841124399,27.34285462734904,77.80982517111458,134.24163810469662,167.8503225520046,220.14500646971226,255.65039093163995,305.12016224114274,344.2236168006163,397.7576056799928,469.28368270546144,510.29824583187667,585.0812621611207,670.8581356064045,760.7537870071187,899.9623523032362,1091.2100249635223,1459.6266309595221,2212.276939977429,483.3996258516542
2025-07-28 04:15:00+00:00,96,1455,0.0,21.875974638904783,91.37801270197987,152.9128444241829,232.6201578238312,283.37007615556115,354.00217547504263,398.34211791525973,464.6723557358915,524.9466557586627,591.0709159488621,694.570429430434,746.3945039280505,840.8393287193419,922.0040105971779,1121.918595513608,1300.0460103231833,1530.4754775610515,2089.8759146524794,3292.4212263967274,706.9058902319829
2025-07-28 04:30:00+00:00,97,1470,1.8179529136104442,37.39788850855764,104.3580147461845,185.95598872663084,302.9041728880618,384.29987537612726,478.05130385339857,540.7726857755157,631.8772691725528,696.6019638813012,764.847279015389,918.3774447872294,1034.33579333964,1141.7147172598802,1261.9259310782782,1480.3751438465656,1739.3096545500825,2127.5950575540014,2968.252815026537,4735.040356910075,967.3203494046983
2025-07-28 04:45:00+00:00,98,1485,273.2755371808677,586.8391823527393,851.7107981498079,1118.5272441043767,1276.691255635971,1397.5484031593157,1699.8186740649928,1822.3162959142733,2024.3389066742209,2113.522951915803,2210.0208410684645,2429.9788877465617,2575.474496951644,2738.7291506742345,2960.847018697617,3418.686726227724,4235.9738903314255,4604.438007873375,4969.153135268434,7404.920842485788,2349.437278913238
2025-07-28 05:00:00+00:00,99,1500,477.44670012537256,1042.3987952868706,1401.402821397991,1710.0234618190611,1891.8470540822323,2211.864501599267,2487.43458787723,2618.2291290920084,2853.548412602526,3016.6264455953437,3151.412179623538,3462.355248124238,3719.010803946083,3939.1330726343535,4221.482912704329,5127.737707476835,6117.490298151456,6666.325827088165,7498.969803554876,10590.04068590485,3443.087603847498
2025-07-28 05:15:00+00:00,100,1515,1032.135302230283,1691.82397259258,2108.2735453226196,2473.9713504037272,2866.600938647335,3253.788455868327,3472.291596269792,3736.8381660795217,3980.296025700449,4131.7222093826185,4524.984004673272,4933.735952311175,5149.534412342063,5558.461131160278,6365.730205760183,7548.553479628991,8308.670441864733,9065.320109250355,10174.676704863448,14164.218834071942,4868.312795947446
2025-07-28 05:30:00+00:00,101,1530,853.6395877436689,1721.146666800366,2339.049153133656,2843.599203742559,3464.750448956421,4001.245508219316,4280.365424099051,4678.685548546953,4990.333950974272,5280.759138484522,5767.531191089206,6231.734340231504,6531.345823058787,7249.354216050535,8453.823895480753,10138.417197362114,11091.202692812365,11846.661200299463,13106.40829949919,18049.045375856884,6160.0205538284
2025-07-28 05:45:00+00:00,102,1545,1435.3298849480311,2292.1595853190365,2827.816756204841,3533.119854299042,4347.476609691625,4895.741181530405,5281.835797575117,5861.06876331469,6160.481677986551,6571.999864316627,7131.044546997617,7656.877643388514,8092.923563824594,9150.900287957198,10476.893586482578,12676.196809824698,13870.823645057328,15091.735721061295,16802.047575946584,22273.973120021346,7984.3947048578275
2025-07-28 06:00:00+00:00,103,1560,2075.8879363533556,2936.5500610668105,3761.010463115288,4470.194603724281,5563.382118595181,6000.621141642977,6393.717787295988,7171.009110811762,7468.019108473834,8008.5442975992755,8683.604938053339,9276.654368267846,9774.231740369265,10958.639105035823,12411.334528280448,14667.94080614962,16638.340329963758,18052.85022295338,20184.089485385375,26651.033667210715,9655.681197277916
2025-07-28 06:15:00+00:00,104,1575,2512.4085928888803,3370.1572775157138,4732.72345353239,5713.087543106472,6791.733011108004,7245.3057835001855,7897.684970043688,8472.987976997623,8944.389881763245,9680.133636212633,10383.544619772261,10992.165161316563,12034.182807644756,13054.645786795023,15475.677637764084,17966.937335245504,20241.704761237004,22101.901561994946,24789.16957968451,31081.36954495255,11706.07931538356
2025-07-28 06:30:00+00:00,105,1590,2777.247215516382,3602.905587653874,5205.299720150768,6566.801160904656,7728.38860198078,8347.596628689596,9138.94178281106,9650.14279824016,10091.848972555763,11091.264791309033,11891.014484151314,12512.45512055794,13641.886721337352,14953.100304410684,18723.147784314944,21692.95404136108,23739.265184173528,25599.371719951265,27024.252029865384,35574.009477222506,13453.394005529308
2025-07-28 06:45:00+00:00,106,1605,3223.6401590009837,4228.968605265923,6576.281259928509,7898.894439610014,9147.666080024685,9609.189815899252,10622.353964876438,11195.819803581342,12049.377696012449,13069.272757193436,13925.522403424999,14601.618486520816,16116.31663894908,17643.34047725422,22041.358172779113,24592.863791440865,26512.42743164865,28955.788713669186,29852.819595017598,40078.51648255717,15515.393460771567
2025-07-28 07:00:00+00:00,107,1620,2603.962462470192,4001.7345260005545,5584.5076744297985,7861.974347384154,9708.491794246966,10486.79141205861,11358.52958312152,12589.746247935698,13328.081263026015,14650.988874480307,15845.871151131712,17226.13454573839,19108.50304507268,21802.973122295098,25716.518927951765,28172.794449922414,30998.12181132148,32430.05961844451,33223.605901875475,44550.18783406963,17408.042987187582
2025-07-28 07:15:00+00:00,108,1635,3021.157534229045,4398.459943508203,5521.8572768212325,8201.59362984164,10024.645173585988,11268.52682321792,12143.553287289624,13382.751389455794,14337.23819249597,15693.360569818735,16913.80682978867,19546.217230306083,21818.277996771278,25746.670890738944,28768.72414432376,31051.15118216569,32870.44696339847,35632.9124369956,36453.234606422615,48949.06405344028,19064.104359669207
2025-07-28 07:30:00+00:00,109,1650,3736.8698961811015,5184.955740835507,6232.379803143662,9118.912612638136,10321.640329056465,12276.092318097904,13228.795002650808,14741.144657636965,15957.295364090174,17724.43295779123,19423.24130051079,22449.995285284993,25302.992414528082,29650.909976949497,31985.668956490612,34010.107430985176,37109.54038918681,38926.0152055645,39793.121746534336,53239.1300508966,20647.36900750629
2025-07-28 07:45:00+00:00,110,1665,3480.229380413135,5042.455178452091,6263.136415953128,9426.124623483922,11063.178355954178,13154.433463684305,14969.328741360281,16275.481944522988,18121.25973454503,19590.365775680806,22776.415010655575,25611.257894033923,28930.094900466644,32692.228301147028,35678.75019795222,36793.596214968595,40086.70539089328,41596.58227276007,42538.898860576286,57308.792046526294,22575.35093189837
2025-07-28 08:00:00+00:00,111,1680,3229.0125793516067,4673.590964744644,5856.589305400329,9523.543852687199,11107.74722014011,13319.643665814701,16062.357867368317,17539.403446347,19723.52714600342,21566.338043175852,25285.148248116795,28877.94566348422,31994.992233487705,35544.614139709905,38088.49110177406,39660.36134657952,42982.7040093466,43736.67788572535,44786.12700619798,61201.154130121,24132.926652655537
2025-07-28 08:15:00+00:00,112,1695,3649.929731630294,4943.829530083707,6215.884487046547,8865.244052637014,10919.420928769465,13104.788135675373,14786.797655285718,17492.680364668846,19109.672745087064,21796.63909202219,24195.64869015051,28537.026476006744,32033.976526997878,36366.91355899271,39313.3384617265,41297.049303115826,44560.88284679186,46228.10905250983,47409.00359332956,64958.848360479904,24643.06124049003
2025-07-28 08:30:00+00:00,113,1710,3711.362418301699,5064.35882175402,6395.09736305288,8293.030165975715,10952.692556834334,12184.608200834213,14233.429432347953,15590.43987253,18289.40290640808,20320.580804601967,23555.980393062335,28590.726795022212,32381.332169170197,36028.926186405435,40062.29221675375,43052.76256948288,44349.34951495882,48272.591759844305,49431.11777234322,68492.73068211615,24528.18002165501
2025-07-28 08:45:00+00:00,114,1725,3354.336916267771,4559.621976599632,5728.148660303477,7440.255350363444,10391.385047131716,12114.029963718267,13972.803713787143,15400.900148015557,17216.218440847875,19598.080015031195,23085.95732259279,29577.06370021756,33290.16727566748,37206.60712677894,41697.18786636104,44772.18874018232,46095.73801725673,48450.54460226658,51082.85270016179,71780.18364806939,24808.02249801828
2025-07-28 09:00:00+00:00,115,1740,4224.942337400894,5891.948632137462,7465.332870063851,9959.358064515345,12784.262927692364,14682.06721600067,16830.64795617475,18312.6642331077,20680.19808575969,22219.136270814917,25049.834667615625,27403.16540941556,31938.452272336697,36231.459471138565,40195.303922219726,43922.901210919175,47772.65725310222,51917.37355977507,54763.16083471985,74800.72012327355,26360.728652487818
2025-07-28 09:15:00+00:00,116,1755,4333.2583294971155,6011.009677603779,7649.5793952303575,10114.260598828949,13153.782981681192,14993.927343496662,17129.02847262717,18642.115407499565,21313.97029765558,22855.160652968094,25708.876197841204,28010.717186919912,32230.3344593756,37068.89968440379,41521.09040701709,45590.91804404138,49600.202093781656,54056.807228194324,56707.61165816702,77535.90951336392,27142.99624521094
2025-07-28 09:30:00+00:00,117,1770,3849.4380726257527,5619.603524779038,7278.70405904274,9582.198588783733,12887.101377572215,14497.7274428293,17163.670032110047,18776.01121477342,21539.32565040649,23174.661588049665,26223.85421278713,28700.966761759195,33366.94084933811,38206.47676632225,43242.175416813305,47309.80852590234,51037.66411040627,55646.38370733684,58178.00404328928,79969.33615996213,27656.260771270598
2025-07-28 09:45:00+00:00,118,1785,4018.726149261867,5822.443134746381,7610.497457761783,10177.67605007517,13137.181821973234,14833.523186120452,17310.113223519675,18909.0158655458,21635.812872848186,23368.113016597632,26366.036215452837,29181.01310399211,34145.524786909686,38779.0101495563,43874.04131224031,48264.43070690806,51833.5301457775,55990.93353575564,59111.37576326177,82086.58145968024,28203.17908794372
2025-07-28 10:00:00+00:00,119,1800,4326.642291095902,6075.61511836468,7807.380668408648,10856.558962337194,13397.083995057777,15431.078988553116,17545.921285694647,19265.72338510228,21813.69930585692,23639.260381040316,26669.966497797832,29508.496550827753,35483.94579910702,39748.30226774467,45160.432260299785,49061.15206216353,52398.219185918766,56619.8596764768,59622.74803410235,83875.2237760013,28776.300810344354
2025-07-28 10:15:00+00:00,120,1815,4012.0296134039017,5631.58923616085,7311.380343079574,10197.037603964713,13074.652381660566,14934.792161540252,17192.170816166363,18965.12556829198,21751.189078505333,23783.28458174003,26689.479339974157,29387.912304888458,35340.411218352434,39774.29551277843,44484.896883467605,49367.32662269411,53070.31699292678,56829.965155543294,60328.66546175602,85324.85125663194,28685.859717808024
2025-07-28 10:30:00+00:00,121,1830,3527.9855996823467,5287.036076170398,6926.266975223656,10017.912335262516,12893.964350244478,15125.51824625242,17134.180790365008,18784.45221339385,21301.79876945712,23578.87295773119,26604.656127880804,29718.842978993267,35285.79122841899,39724.53497699502,44448.98113617452,49964.347946294685,53538.57577633201,57252.58937591786,60713.396465467085,86427.08359697711,28684.53095125204
2025-07-28 10:45:00+00:00,122,1845,3569.0059912737256,5531.93740071781,7348.117759692159,10146.461236121953,12783.81261478706,14401.359907202592,16439.00107761673,18548.736128205535,20697.34200007126,23269.480173689295,27169.19226053142,32619.129850870828,36964.03580463549,42757.493489203385,48145.6741594089,51811.77960324537,54959.83313217254,59461.96560070502,61010.56779552648,87175.59873749434,29236.50531837101
2025-07-28 11:00:00+00:00,123,1860,4279.048212123428,6050.527459983862,8159.090976020787,11202.319135166063,13621.275146279831,15100.420750460766,17827.02067552033,19323.15634990917,22184.58151327426,24406.676334047315,29355.17678898162,35077.01944609503,40147.473270506656,45238.733326705486,49790.80061817328,52972.07761106055,55699.96881397005,60244.436275223714,61479.44251452673,87566.159732097,30399.19311661034
2025-07-28 11:15:00+00:00,124,1875,4593.185822442484,6335.8942084863875,8877.432571880583,11940.018942948473,14371.547520819735,16511.105489331214,18767.285598336206,20778.208136694557,23900.864863758736,29569.69783325728,35523.70757510566,39036.62810170676,43509.08845750271,46392.45203054464,50884.218036925944,53875.788349423536,56775.2140524222,60463.40701983622,61643.25545363867,87596.63691488776,31983.2800135082
2025-07-28 11:30:00+00:00,125,1890,4396.503435830886,6135.160438154609,7890.272012228172,11751.227182579252,14492.587671061312,17002.7363328472,19252.343549255344,21784.47891333147,24123.25896332418,32705.79204523149,36565.669326132156,39275.172990399646,42775.245968275165,45085.02799908543,49235.13948002969,52821.41705803079,55437.21618061977,59815.96036908814,61087.354616159086,87267.02085734226,31917.934220829477
2025-07-28 11:45:00+00:00,126,1905,4983.330363156022,6407.782310876871,9391.426614139915,11963.283045308768,14761.469768591958,18201.356626040426,20460.881337172897,23555.60051849143,26895.6696455937,33183.2610520482,37332.757035269016,40734.6440274847,43187.03054826908,46998.94955866919,50689.371037532095,52999.90624716977,55677.6380782347,59643.89673549946,60663.033530838846,86579.4230799274,32669.905983642435
2025-07-28 12:00:00+00:00,127,1920,5159.2097342631205,6423.319760567447,9521.653122735526,12466.79024097496,15560.508926728773,18403.64374308839,20697.363672939562,23680.37728247178,26644.881969761263,32434.62055985012,36092.21398386925,39967.3229546419,42582.68964629485,45569.28898891652,49959.153693302374,51957.51984103447,55693.02403612114,59116.04031421616,60284.65794929728,85538.06420506231,32377.126955209795
2025-07-28 12:15:00+00:00,128,1935,5167.792142401651,7074.982411783779,11198.45014881364,15569.694494813682,18583.241238010614,21506.198869181222,24135.114681158077,27568.304790614235,32842.691972641805,36225.30328258255,40096.5812762399,43152.32253209988,46603.44877076349,49136.95621647601,50637.92394441262,53641.36274204849,56547.623053294745,58457.872388097174,59755.90088589985,84149.25190401054,34630.447405020124
2025-07-28 12:30:00+00:00,129,1950,5494.532864157682,9451.741711681103,12028.440401493504,16192.760015510416,19877.233048625032,22665.2793439523,25513.434120777692,30892.63598825242,33907.50610156836,37392.56769307477,41123.788553681654,43938.471052277775,47180.851792049114,49021.73819197419,51425.071124908834,54362.44865901974,56698.6810656815,57609.54187555771,60000.83889974205,82421.35318599768,35387.46647680057
2025-07-28 12:45:00+00:00,130,1965,5565.24236776606,7976.040607045143,11417.02133561023,15742.260950832995,19616.687045213403,22407.330411493807,24797.661849516095,30228.90967203179,33246.895342879754,36947.431814628224,41238.54594306122,44529.11997929841,46931.948407442775,48653.40181777999,50601.4093924787,53827.947361467064,55754.38045821006,56591.14331201121,58897.12297158079,80364.76650906308,34865.14717330672
2025-07-28 13:00:00+00:00,131,1980,5721.168426399324,10291.22840598887,12475.281118939136,18542.71613135237,21629.06335439706,23759.31737945074,27819.902423320957,30705.479590842944,33880.58734481932,36442.49143099058,39409.89587866495,42031.50490927838,45527.73951989727,47408.426780977556,49225.06850584677,52159.27278339728,54087.94085636958,54979.79178197832,57358.29540145878,77991.89867588371,34745.02960768904
2025-07-28 13:15:00+00:00,132,1995,5960.29688344111,10597.162630005216,12444.874720369418,18542.3904707647,21594.24367326868,24024.968493288507,27925.139684421814,30062.16660598619,32766.938039157292,35637.68418046661,39237.09373953915,42084.833507935175,44637.419599528,46199.474872180384,47704.824842528695,50356.10511634397,52310.719891114175,53305.038315285594,55776.271813293526,75317.15088538798,34088.234450160424
2025-07-28 13:30:00+00:00,133,2010,6992.865101239122,10656.96974856247,13338.253566144978,18331.28085978399,20653.651637885803,22523.788037008613,24794.048211408917,28700.469871106437,30995.538686548887,34473.023722627004,37668.82232587089,39308.22151237736,42609.3655590194,44515.428035064906,45862.19683777068,48728.1278735424,50487.12372265986,51682.201382133695,54074.40021070207,72356.91757723177,32810.726903192226
2025-07-28 13:45:00+00:00,134,2025,6474.292976983184,9995.90908993515,12763.767642137862,17093.762164191572,19340.440143679487,21236.247450648814,23020.70668919471,26914.372941226622,29291.312575306758,32472.18404005676,34869.991508422056,37247.6623186904,40354.47637187604,42526.272347147315,43836.60967109446,46592.93306685928,48269.97415276524,49471.65822787016,51753.93875841521,69129.6013163622,31102.595846688135
2025-07-28 14:00:00+00:00,135,2040,6001.500807524347,9517.784273308902,11722.978876938234,15791.876909029894,17467.74713241686,19504.611971461465,21174.821855141574,25302.107718181327,27546.392399811743,30916.307381481576,33233.288200152376,35642.63795209925,38744.76787663683,40694.156792808164,42094.935568417604,44497.731268922435,45921.57780377259,47120.476323716575,49166.61739386486,65655.64812092562,29459.585726756137
2025-07-28 14:15:00+00:00,136,2055,6226.814700270724,9213.478944860934,12244.363295296416,15278.205391606936,17557.92981185791,19302.450677430264,22166.87382009334,24637.83423849776,26686.65093395195,30086.586135888767,32569.620590942108,35647.26630249393,37312.99457495856,38808.81469448088,40385.21917550966,42287.65442362366,43881.477219889886,44896.02345178435,46532.97226523555,61957.609125503855,28963.607858686486
2025-07-28 14:30:00+00:00,137,2070,5967.256403248307,8660.287016665876,11105.502027820265,14104.821235009716,16339.24711595654,18071.87597469698,20159.511285209082,22849.566598044945,25040.744346233132,27757.243635746156,29684.416039194664,32587.15214340821,34732.18147311485,36439.641906950645,37893.721887578366,39751.578844773816,41184.45487173757,42194.13187756831,43859.39431922652,58060.236572549526,27001.408391115656
2025-07-28 14:45:00+00:00,138,2085,6125.400219181742,8561.084861756333,11441.756363580687,13887.330074824082,15839.114288637584,17535.884837676243,20197.306815432417,22033.168788424395,24078.825306073308,26456.20933119068,28589.94538762335,30576.37714850039,33023.45054419829,34273.17138433798,35441.56992926466,37181.09690709441,38485.80946107503,39442.19383860523,41048.37735199063,54013.06180886778,25671.840581018514
2025-07-28 15:00:00+00:00,139,2100,5886.43899493717,8204.238883337102,11098.468065762048,13581.459183903513,15658.475662958339,17896.894283861846,19652.061230028285,21631.567278956758,23811.56691359989,25369.31893288934,27198.411741153202,29450.02762209107,30979.05021951321,32133.333332725277,33204.311274738466,34752.083181686,35908.364965793306,36936.60866639236,38099.20007764883,49828.32316654789,24477.93699543419
2025-07-28 15:15:00+00:00,140,2115,5884.65462455853,7781.863859024423,10327.906296969122,12433.559185538363,14261.147604522286,15559.673971141368,17653.128530062804,18829.335461677772,20323.726801369678,22358.688203365786,24363.670968775423,25750.973201391935,27533.488383675976,28854.303831143952,29845.72017448845,30807.886135657358,32420.000805026008,33688.558285355895,34837.099111511925,45479.437606550535,21961.603148378137
2025-07-28 15:30:00+00:00,141,2130,5519.167806286913,7618.5574973212815,9603.985063724758,11644.636637476886,13025.72981985149,14278.417239125978,16080.627578760797,17091.1744404651,18314.742985326186,20132.725264385856,21762.17398224064,22847.287279784072,24556.38846033449,25815.10436013099,26964.912810046255,28100.066631941707,29463.615163126735,30509.739502789344,31606.89475041453,41055.05637866377,19915.869496325704
2025-07-28 15:45:00+00:00,142,2145,5740.6445016792495,7611.796550607457,9545.522328979714,10858.453054474609,11830.336639412815,13104.151105554822,14475.399284055904,15475.225987501311,16601.153944585392,18018.43355578973,19419.32961032674,20273.955088157978,21798.919187118936,22958.184984143943,24026.01375225923,24919.43600933371,26307.11650398208,27155.453176346604,28178.142251289144,36593.79919942648,17992.876233800584
2025-07-28 16:00:00+00:00,143,2160,5095.2336413162075,6792.412724239908,8447.302965332832,9570.270720082353,10309.238638633979,11264.926735972993,12748.395475004703,13819.858307243925,14624.21276863033,15820.887456559956,16887.03768790173,17659.697227037323,19010.16858795677,19984.943712752665,21120.77737298982,22003.228035725657,23127.642975311395,23883.29466958296,24831.606889623563,32138.38172059433,15796.551561418419
2025-07-28 16:15:00+00:00,144,2175,4285.601424188026,5655.72879209967,7151.381300739904,8207.215586304574,8989.15345939012,10230.86961480103,11174.41088418375,12312.757136105363,12962.345922659153,13967.326252532805,14813.976015457642,15286.16758608983,16300.95949025844,17043.933626066628,18007.008862864557,18744.156360719902,19828.65713388417,20417.372371559763,21364.724581311762,27736.387820501175,13653.56838222916
2025-07-28 16:30:00+00:00,145,2190,3626.535021406853,4600.856502005121,5960.5277806517115,6893.236950778273,7704.416626973673,8568.899431609472,9388.505934508094,10233.074912986473,10933.828557294102,11883.320550494233,12521.103854687599,12826.53975973389,13726.53903124079,14316.752400162814,15045.664116817898,15795.107723556506,16589.54187446067,17206.92139109561,18089.18403065038,23441.184974215223,11570.667256828141
2025-07-28 16:45:00+00:00,146,2205,2849.308979416855,3680.349859124585,5003.25205494601,5760.379720121328,6503.879237520882,7256.9959835667905,7804.775531279166,8580.947897466278,9325.716853419039,9834.531303146654,10268.521860120612,10536.945758795417,11150.367061363468,11661.676920348908,12393.867996061535,12851.969571447,13563.7962852958,13997.78032496362,14822.52580277077,19279.9900875768,9525.851806392915
2025-07-28 17:00:00+00:00,147,2220,2303.152044562546,3283.9714707422972,4306.173507034355,4837.070973946649,5441.381678117573,5903.941990273452,6314.779553985502,6933.0764213368175,7408.169568553206,7792.577847106886,8132.540985782816,8327.85601652499,8744.475501366976,9132.404077267573,9698.574791875299,10062.171076546376,10661.321079645242,11045.07025202597,11650.14747672068,15237.357390760835,7597.522568910248
2025-07-28 17:15:00+00:00,148,2235,1823.5373933573064,2708.873250575392,3365.3005515352,3788.3337690000085,4117.278526807804,4406.432626679671,4666.934579462855,5041.25788858662,5466.001367054199,5823.328597878404,6092.150126729141,6272.167598579064,6546.479300951005,6821.896002722782,7049.071049514361,7503.844360500334,7750.694482572563,8248.286578240406,8806.637406727628,11602.805204406071,5692.899390728072
2025-07-28 17:30:00+00:00,149,2250,1501.3337902279918,2228.6730029253795,2583.0681162480287,2853.1200477631005,3099.9408160790617,3319.7832977173307,3568.5285777751606,3808.210726422794,4064.4469317291737,4264.30946065161,4422.67351090709,4528.94056956619,4737.06536629777,4932.401559166245,5041.272103490111,5370.621505187645,5573.594266512661,5886.354835474224,6186.257683188212,8323.100825201433,4172.079454496984
2025-07-28 17:45:00+00:00,150,2265,1045.0527025493395,1547.7872509634635,1772.869689804573,1976.1772166913959,2139.4861183049807,2239.164944336292,2454.431285195062,2636.7528577453027,2781.817703817411,2897.163310364258,2982.2687332030864,3061.451025567704,3189.355952437308,3316.341570940313,3406.3655176425705,3603.2514615483583,3759.2462814567757,3957.3054264825105,4228.499667451848,5548.68299616101,2832.7285947392215
2025-07-28 18:00:00+00:00,151,2280,865.0675614085834,1203.7872487767554,1363.385872873527,1476.1901305749013,1596.234432804061,1735.043797784931,1808.135490786926,1985.5900106169997,2122.060187939953,2230.0408015456046,2313.0364126414843,2383.201803351893,2476.5274602886407,2594.5630625988197,2686.347550722239,2801.844120436389,2933.779555375569,3135.7602351210253,3429.293574919539,4357.856652033491,2201.9243029149484
2025-07-28 18:15:00+00:00,152,2295,568.0170850667126,723.9730897104914,950.7302239075095,1049.452126391208,1129.6749284138593,1211.8092852284137,1280.6713491936132,1370.6930328613519,1414.818128491189,1499.1976632243604,1625.9180722622898,1749.4528502695327,1835.4078643273867,1938.731982300389,2039.6288540576334,2114.195930442536,2251.2677620324307,2443.2508970826498,2656.186456269182,3455.3066006406066,1605.518436775311
2025-07-28 18:30:00+00:00,153,2310,361.68604394315594,527.2055999002678,650.0822265934555,720.9311532350509,779.9065220533706,834.2128982992102,879.9515975308252,940.3407755583899,963.4136059361933,1012.8615885235344,1077.478684005975,1163.2489039799002,1242.003014861889,1307.5995403032073,1383.577346702928,1445.1526685949639,1538.5167528252498,1643.9502871960278,1804.120061946802,2370.1711616718853,1088.8453875107032
2025-07-28 18:45:00+00:00,154,2325,151.27983776320963,272.6453312558216,359.18912154994695,395.63299936349364,432.93191976921094,469.96128097242826,501.2111174493638,530.1836121795241,556.3312671319526,585.5124300799914,628.5510144834178,663.6888095376341,696.6942566105828,720.0786283024845,764.0644455325363,799.5918850744397,848.526190207385,904.4987222613315,999.311299748565,1320.2415422404688,605.9051020447187
2025-07-28 19:00:00+00:00,155,2340,27.92646853324254,43.70167998996148,56.56629060427674,62.385513907107494,68.80804573214024,74.1632751127381,80.4940162583626,84.5508250329726,89.0566981159291,94.52913745013983,99.41473527762783,104.55229418080494,110.48056242375158,114.61684902973109,121.05696883548103,126.46995949081,135.6102108632557,147.82914116323784,158.6456670233788,210.37561758253304,96.61020439515194
2025-07-28 19:15:00+00:00,156,2355,0.0,0.0,0.0,0.0,0.0,0.0,0.0,0.0,0.0,0.0,0.0,0.0,0.0,0.0,0.0,0.0,0.0,0.0,0.0,0.0,0.0
2025-07-28 19:30:00+00:00,157,2370,0.0,0.0,0.0,0.0,0.0,0.0,0.0,0.0,0.0,0.0,0.0,0.0,0.0,0.0,0.0,0.0,0.0,0.0,0.0,0.0,0.0
2025-07-28 19:45:00+00:00,158,2385,0.0,0.0,0.0,0.0,0.0,0.0,0.0,0.0,0.0,0.0,0.0,0.0,0.0,0.0,0.0,0.0,0.0,0.0,0.0,0.0,0.0
2025-07-28 20:00:00+00:00,159,2400,0.0,0.0,0.0,0.0,0.0,0.0,0.0,0.0,0.0,0.0,0.0,0.0,0.0,0.0,0.0,0.0,0.0,0.0,0.0,0.0,0.0
2025-07-28 20:15:00+00:00,160,2415,0.0,0.0,0.0,0.0,0.0,0.0,0.0,0.0,0.0,0.0,0.0,0.0,0.0,0.0,0.0,0.0,0.0,0.0,0.0,0.0,0.0
2025-07-28 20:30:00+00:00,161,2430,0.0,0.0,0.0,0.0,0.0,0.0,0.0,0.0,0.0,0.0,0.0,0.0,0.0,0.0,0.0,0.0,0.0,0.0,0.0,0.0,0.0
2025-07-28 20:45:00+00:00,162,2445,0.0,0.0,0.0,0.0,0.0,0.0,0.0,0.0,0.0,0.0,0.0,0.0,0.0,0.0,0.0,0.0,0.0,0.0,0.0,0.0,0.0
2025-07-28 21:00:00+00:00,163,2460,0.0,0.0,0.0,0.0,0.0,0.0,0.0,0.0,0.0,0.0,0.0,0.0,0.0,0.0,0.0,0.0,0.0,0.0,0.0,0.0,0.0
2025-07-28 21:15:00+00:00,164,2475,0.0,0.0,0.0,0.0,0.0,0.0,0.0,0.0,0.0,0.0,0.0,0.0,0.0,0.0,0.0,0.0,0.0,0.0,0.0,0.0,0.0
2025-07-28 21:30:00+00:00,165,2490,0.0,0.0,0.0,0.0,0.0,0.0,0.0,0.0,0.0,0.0,0.0,0.0,0.0,0.0,0.0,0.0,0.0,0.0,0.0,0.0,0.0
2025-07-28 21:45:00+00:00,166,2505,0.0,0.0,0.0,0.0,0.0,0.0,0.0,0.0,0.0,0.0,0.0,0.0,0.0,0.0,0.0,0.0,0.0,0.0,0.0,0.0,0.0
2025-07-28 22:00:00+00:00,167,2520,0.0,0.0,0.0,0.0,0.0,0.0,0.0,0.0,0.0,0.0,0.0,0.0,0.0,0.0,0.0,0.0,0.0,0.0,0.0,0.0,0.0
2025-07-28 22:15:00+00:00,168,2535,0.0,0.0,0.0,0.0,0.0,0.0,0.0,0.0,0.0,0.0,0.0,0.0,0.0,0.0,0.0,0.0,0.0,0.0,0.0,0.0,0.0
2025-07-28 22:30:00+00:00,169,2550,0.0,0.0,0.0,0.0,0.0,0.0,0.0,0.0,0.0,0.0,0.0,0.0,0.0,0.0,0.0,0.0,0.0,0.0,0.0,0.0,0.0
2025-07-28 22:45:00+00:00,170,2565,0.0,0.0,0.0,0.0,0.0,0.0,0.0,0.0,0.0,0.0,0.0,0.0,0.0,0.0,0.0,0.0,0.0,0.0,0.0,0.0,0.0
2025-07-28 23:00:00+00:00,171,2580,0.0,0.0,0.0,0.0,0.0,0.0,0.0,0.0,0.0,0.0,0.0,0.0,0.0,0.0,0.0,0.0,0.0,0.0,0.0,0.0,0.0
2025-07-28 23:15:00+00:00,172,2595,0.0,0.0,0.0,0.0,0.0,0.0,0.0,0.0,0.0,0.0,0.0,0.0,0.0,0.0,0.0,0.0,0.0,0.0,0.0,0.0,0.0
2025-07-28 23:30:00+00:00,173,2610,0.0,0.0,0.0,0.0,0.0,0.0,0.0,0.0,0.0,0.0,0.0,0.0,0.0,0.0,0.0,0.0,0.0,0.0,0.0,0.0,0.0
2025-07-28 23:45:00+00:00,174,2625,0.0,0.0,0.0,0.0,0.0,0.0,0.0,0.0,0.0,0.0,0.0,0.0,0.0,0.0,0.0,0.0,0.0,0.0,0.0,0.0,0.0
2025-07-29 00:00:00+00:00,175,2640,0.0,0.0,0.0,0.0,0.0,0.0,0.0,0.0,0.0,0.0,0.0,0.0,0.0,0.0,0.0,0.0,0.0,0.0,0.0,0.0,0.0
2025-07-29 00:15:00+00:00,176,2655,0.0,0.0,0.0,0.0,0.0,0.0,0.0,0.0,0.0,0.0,0.0,0.0,0.0,0.0,0.0,0.0,0.0,0.0,0.0,0.0,0.0
2025-07-29 00:30:00+00:00,177,2670,0.0,0.0,0.0,0.0,0.0,0.0,0.0,0.0,0.0,0.0,0.0,0.0,0.0,0.0,0.0,0.0,0.0,0.0,0.0,0.0,0.0
2025-07-29 00:45:00+00:00,178,2685,0.0,0.0,0.0,0.0,0.0,0.0,0.0,0.0,0.0,0.0,0.0,0.0,0.0,0.0,0.0,0.0,0.0,0.0,0.0,0.0,0.0
2025-07-29 01:00:00+00:00,179,2700,0.0,0.0,0.0,0.0,0.0,0.0,0.0,0.0,0.0,0.0,0.0,0.0,0.0,0.0,0.0,0.0,0.0,0.0,0.0,0.0,0.0
2025-07-29 01:15:00+00:00,180,2715,0.0,0.0,0.0,0.0,0.0,0.0,0.0,0.0,0.0,0.0,0.0,0.0,0.0,0.0,0.0,0.0,0.0,0.0,0.0,0.0,0.0
2025-07-29 01:30:00+00:00,181,2730,0.0,0.0,0.0,0.0,0.0,0.0,0.0,0.0,0.0,0.0,0.0,0.0,0.0,0.0,0.0,0.0,0.0,0.0,0.0,0.0,0.0
2025-07-29 01:45:00+00:00,182,2745,0.0,0.0,0.0,0.0,0.0,0.0,0.0,0.0,0.0,0.0,0.0,0.0,0.0,0.0,0.0,0.0,0.0,0.0,0.0,0.0,0.0
2025-07-29 02:00:00+00:00,183,2760,0.0,0.0,0.0,0.0,0.0,0.0,0.0,0.0,0.0,0.0,0.0,0.0,0.0,0.0,0.0,0.0,0.0,0.0,0.0,0.0,0.0
2025-07-29 02:15:00+00:00,184,2775,0.0,0.0,0.0,0.0,0.0,0.0,0.0,0.0,0.0,0.0,0.0,0.0,0.0,0.0,0.0,0.0,0.0,0.0,0.0,0.0,0.0
2025-07-29 02:30:00+00:00,185,2790,0.0,0.0,0.0,0.0,0.0,0.0,0.0,0.0,0.0,0.0,0.0,0.0,0.0,0.0,0.0,0.0,0.0,0.0,0.0,0.0,0.0
2025-07-29 02:45:00+00:00,186,2805,0.0,0.0,0.0,0.0,0.0,0.0,0.0,0.0,0.0,0.0,0.0,0.0,0.0,0.0,0.0,0.0,0.0,0.0,0.0,0.0,0.0
2025-07-29 03:00:00+00:00,187,2820,0.0,0.0,0.0,0.0,0.0,0.0,0.0,0.0,0.0,0.0,0.0,0.0,0.0,0.0,0.0,0.0,0.0,0.0,0.0,0.0,0.0
2025-07-29 03:15:00+00:00,188,2835,0.0,0.0,0.0,0.0,0.0,0.0,0.0,0.0,0.0,0.0,0.0,0.0,0.0,0.0,0.0,0.0,0.0,0.0,0.0,0.0,0.0
2025-07-29 03:30:00+00:00,189,2850,0.0,0.0,0.0,0.17436092912735238,0.39398863793199795,0.6136163467366438,1.586871287304442,4.478327389472192,6.549129577274132,9.678524971031884,13.29838261740878,15.126956945645409,18.008420584754987,21.777958641012727,27.26914136784304,30.459750858803684,35.920442779289814,43.30414544829131,51.52588510178427,83.56712142799113,15.814045259738968
2025-07-29 03:45:00+00:00,190,2865,7.294729541242009,25.404174704750613,61.423583511789765,99.18272911120671,129.24173216706484,149.62295973654417,168.50348123553837,196.6931320679287,235.77545218574215,260.8618284235433,292.6090854561119,331.89747344202476,379.2627665752354,429.4435968977124,469.38356668653563,505.84557293724555,556.2553617500271,604.5745702470738,686.7122699136858,1003.1128295711925,307.42888650941967
2025-07-29 04:00:00+00:00,191,2880,23.526475359857088,87.75448054485338,166.2644666025463,269.98008530735206,319.53522276892414,357.1230611527534,434.3249994157971,516.6510186054895,565.799522865429,634.0528192734934,705.6903254562443,781.4267817630184,873.4638058834126,960.5483648261426,1034.9464617342933,1116.2084162494907,1202.106734761579,1300.843841179764,1428.4489848002238,2134.2957538323717,698.5946566607773
2025-07-29 04:15:00+00:00,192,2895,56.51016490869071,152.17377305290415,341.8583237803998,453.70930565730515,540.8636696236874,665.5806654376306,810.1429562136404,881.1950269467665,984.7159347451259,1085.3206477832634,1200.5952535566923,1340.9879934584899,1452.7138348232595,1572.8419881794462,1693.7433838171214,1844.5680367289976,1987.5778266460184,2093.584472440133,2303.850593668332,3198.518645818717,1162.8510928728908
2025-07-29 04:30:00+00:00,193,2910,195.04231181139247,332.49054563433555,738.6872479727209,906.1147804994844,1041.7171642928638,1226.3098207171254,1324.8963549194752,1468.1494045166587,1620.7578647053115,1763.5102582855739,1946.6537359214644,2103.0755549379037,2258.6919825142954,2481.4752277132407,2704.6731778638677,2867.385958800928,3018.588906663973,3202.992256277432,3461.77229000493,4612.001606630761,1871.9445811525013
2025-07-29 04:45:00+00:00,194,2925,897.6973046989626,1629.3049960043766,2036.8110817427516,2306.562695975927,2556.931240716241,2773.1247707712027,3009.5330495357603,3356.282337468206,3617.381957365822,3819.0355774081313,4027.191773347803,4403.301092205955,4627.822356208775,4874.618029024954,5012.284346542047,5254.786253375071,5413.664214642754,5639.502835757224,5861.263105520077,7253.394300462384,3802.1328982708537
2025-07-29 05:00:00+00:00,195,2940,1593.3776791273754,2411.6168468062524,3019.280955377501,3666.658856081949,3988.0696135527305,4316.958123702766,4624.823382938994,5118.228264354723,5502.492869137729,5867.825239483381,6466.472926188873,6861.118608631586,7094.900708509287,7419.265328002718,7626.623856760989,7842.806589017487,8091.24290385595,8288.434244110691,8996.888739628861,10425.62290146057,5795.269613607597
2025-07-29 05:15:00+00:00,196,2955,2136.30342243807,3189.56464914814,4025.717700106244,4855.272810421274,5271.176678454611,5840.7418371623235,6484.601004563161,7212.423932288179,7728.316332601824,8385.808261154518,8924.678211939678,9340.49699220865,9711.868677172875,10112.603683641422,10426.77898330739,10674.183886105262,11032.756597840053,11382.55857447968,12124.34310422091,13991.767096526613,7913.711150812565
2025-07-29 05:30:00+00:00,197,2970,3119.7711905160854,4481.4129529317315,5412.094035778184,6496.586172605383,7058.715309918634,7622.525520184871,8786.70225235439,9758.51814143176,10621.68654058443,11324.604379457056,11793.9512887609,12264.09218665779,12758.9188775026,13125.682404029716,13495.965118831125,13727.977220470246,14149.219598200532,14550.797951454042,15239.277096296317,17872.58742770017,10412.497383376885
2025-07-29 05:45:00+00:00,198,2985,4048.5059306558787,5705.72826849054,6752.403916092757,8100.036951434943,9041.509830723782,9737.191841578082,11837.806108296796,12694.288352822425,13711.88260179607,14346.822042630394,14893.441617639442,15614.664047972561,16008.059431203508,16541.634818363553,16846.76728371194,17204.659586702208,17683.324400344005,18069.707440160397,18706.915853841594,22085.0743643382,13149.40019162532
2025-07-29 06:00:00+00:00,199,3000,5314.955725705932,7184.4527304509365,9301.700766079442,10371.579338717085,11411.063546450634,13100.942322590003,14558.857902761578,15674.886516225239,16903.98678869277,17400.800537314855,17981.206469682304,18941.543393611657,19523.04177056187,20115.78610869102,20423.36419499372,20796.70094965077,21260.722886473795,21709.132890497942,22123.520470524894,26474.561539790062,15905.017069517735
2025-07-29 06:15:00+00:00,200,3015,5205.4485046947675,7987.031551493372,10778.685657465185,11902.42331601478,13830.52911788987,16655.723794530986,18783.50556841609,19897.704458003187,21200.258549019887,22267.551952124057,23170.85450578828,23625.804014102316,23911.76421811669,24188.79161952972,24625.386727979818,24955.18523575374,25237.15108743817,25598.86747542803,26166.00209465284,30908.270633546905,19266.889552869638
2025-07-29 06:30:00+00:00,201,3030,7116.34650595918,11557.00919909188,12842.949465753123,14661.369744355177,17431.888949062548,21233.696205012046,23527.619074131195,25039.265277810355,26457.08759075583,27003.85512956099,27320.289104034062,27609.761239465413,27909.906375626055,28203.84155004716,28482.56575195277,28779.8014223554,29162.437894658167,29516.52961537882,29903.1172340389,35405.54875509863,23055.01346174356
2025-07-29 06:45:00+00:00,202,3045,10139.667567230377,13043.267240288546,15264.986957430143,20087.005538193574,24926.772720984667,26911.29568409167,27964.931333674198,29669.68596507783,30217.963994389767,30457.63282463169,30776.822483472817,31210.081602232232,31482.10506764193,31760.00160645057,32092.741818298866,32419.94013727967,32653.48687926828,32966.70503354475,33400.199267949494,39915.51711091311,26838.68812449313
2025-07-29 07:00:00+00:00,203,3060,10988.860954293203,14388.360338301487,16731.90676796308,23052.351448840946,28739.883468140182,29584.999505135136,30696.775670823183,32535.05627285197,33259.4055359049,33594.834335072,33815.73331736075,34160.48894908016,34480.27211773696,34715.30171582924,35052.30719274242,35415.68057820365,35828.074301208246,36219.50404648641,36686.06699946671,44393.14154390617,29561.55893571253
2025-07-29 07:15:00+00:00,204,3075,11393.441315602588,14019.316411483996,17741.346234956196,23719.0649800667,30440.812646350027,32261.311971820505,32896.87123804775,35254.74783481044,36245.404674286416,36803.63294186228,37142.812913708316,37547.84484100298,37934.16916018495,38160.71404735519,38418.17640931155,38699.02532127974,39110.16158500749,39574.91576706133,40398.246701185606,48798.214348014604,32068.234349935552
2025-07-29 07:30:00+00:00,205,3090,14597.316345644344,17438.94417187193,21798.664141791312,30523.27162317353,33157.414708220815,35148.95020340495,35837.06645565229,37896.99002104176,39236.88747580425,39864.207219340584,40256.5462200366,40582.75682858904,41041.57701271676,41353.80839249929,41645.84051710024,41921.24255201278,42270.84603508904,42803.134243979264,43284.91995031225,53094.533426771515,35268.57370745672
2025-07-29 07:45:00+00:00,206,3105,15975.373673344682,18271.886088509666,23270.05464632442,31782.76733832295,34881.792558899884,37229.767817263404,38020.67865398864,39544.89907826725,41418.994156264205,42207.67669472264,42752.20600338115,43113.501459707,43492.33526447283,43922.94319623276,44173.61544791546,44442.91974363671,44752.430691161884,45274.90267186603,46081.688918443935,57188.86546958496,37320.45439760747
2025-07-29 08:00:00+00:00,207,3120,17228.62569053736,20140.828794038294,24850.028437990786,29814.294679500974,35037.89328233677,37121.16073460881,39327.794207268016,40524.65791554203,42044.75026482057,43222.239363566994,44495.404532102766,45218.164784568544,45719.069505167034,46293.232698137486,46719.84352246194,47027.290570979494,47355.33741779362,47806.93328650581,48574.92907385548,61067.13869934402,38797.931463142646
2025-07-29 08:15:00+00:00,208,3135,15640.125317046744,18643.755294206807,22939.91856038292,28731.99303928974,34968.07105899705,38212.0201925192,39597.195559110034,42274.4323250172,43326.87321364836,44831.24824741682,46208.39614052304,47331.61514793129,48111.55166867221,48444.693928903245,48957.217379742346,49345.4666239064,49708.609604372425,50104.87980014513,50813.83566099841,64830.710370776964,39914.17903003953
2025-07-29 08:30:00+00:00,209,3150,13767.304680904635,20434.218705746607,25933.24509773659,30581.414124574047,34218.11831449096,38572.15015457656,40070.35241286961,41211.813335292136,43255.86652165135,44478.31655145448,46099.3845360702,46985.36213679763,48570.97620337861,49632.33471606972,50348.52964472567,50852.38361709493,51510.51602473142,52038.15308048688,52634.82879983884,68370.11065617297,40606.975487390315
2025-07-29 08:45:00+00:00,210,3165,12693.859406993177,16695.71816166339,24525.955645026494,29694.021793104675,31066.346280413683,35537.67936391643,39117.0075397516,40840.01494673357,42259.778265906796,44180.67166193396,45418.86882306311,46721.788736895585,48101.30001245736,49459.38925845071,50702.623480656504,51530.642046343426,52414.53482217081,53098.59943830794,54033.64625969274,71662.66651408044,39991.69588698595
2025-07-29 09:00:00+00:00,211,3180,8753.319506772617,14604.592696989106,18351.194064249197,24027.625901565956,27509.3068683971,31864.090811036902,37119.35443835042,41713.23502713558,43618.94418784816,47345.72889058676,49647.750729912506,51129.04172390758,52850.10031997273,53824.515410515414,54759.25875791894,55398.94414568238,56243.942160299266,56915.33933033031,57999.79509157306,74687.84529401151,40821.53450373838
2025-07-29 09:15:00+00:00,212,3195,7625.795106797135,13018.086540692317,17740.48356147688,23984.06058091353,27325.556801329658,31188.978399104646,34687.21119932677,39229.78625200564,42971.42424119265,45975.83497938696,49400.00646670157,51182.4027486463,54159.533605717836,56098.41645792334,56981.05140208967,57906.55972091661,58964.00836106377,60015.51166121092,60848.92855413013,77427.17884294756,41449.30941560127
2025-07-29 09:30:00+00:00,213,3210,7443.386359002539,10905.486789969293,16073.187907746531,22527.39242015554,27405.589923228443,30618.523510174517,35612.25863419828,39039.67062021581,43722.30393719326,46886.82527003164,50005.38414753685,52355.77803972556,55397.54234986896,57595.570990946966,58932.25074756054,59522.240353978435,60390.069151990785,61787.14486404501,63065.80813062026,79864.22050952601,41972.66525359772
2025-07-29 09:45:00+00:00,214,3225,7993.217341101426,10780.498941297667,13594.79349723441,17695.329014770075,22756.74324530398,29101.55418498825,33084.691790786834,37637.079804963156,40740.32919015601,45145.3246894122,48731.8784239389,52153.77079543156,54818.39157506122,58233.38573989716,60327.5912452454,61196.18395441892,61862.1104178371,63602.90855853293,66006.43757455901,81984.52637089627,41379.038591235316
2025-07-29 10:00:00+00:00,215,3240,7879.956640695987,9568.176465373645,13310.29605173841,16259.116329222952,22443.144914543696,29934.187593869,34769.9728382282,38271.53542442721,41767.56557635107,46084.188092374534,50730.481952528506,53231.66167333733,57067.14904863369,59761.37618432314,61711.19804345936,62240.90555497122,63145.377162206896,64786.45995666682,67180.38134991,83775.6545769045,41914.088445749614
2025-07-29 10:15:00+00:00,216,3255,7055.766626841508,9079.22576415602,13042.735662636313,16618.353250688633,23135.050524797814,30554.152632327794,34441.114988216075,38285.305843733004,42036.33928940095,46721.882696412395,50933.9885987127,53314.355089995915,55946.11337072224,59438.5692750283,61835.442825302496,62641.57636955299,63425.08673185257,64843.56548297993,67550.69904751838,85227.17779752552,41951.95761411471
2025-07-29 10:30:00+00:00,217,3270,5673.069015182914,7560.18662091078,10352.402142897336,14063.81611716396,21186.974053133323,26348.730832173947,32411.527319386427,36679.084964271016,41235.100004267675,45049.23763395092,49508.278105410405,52473.22304582501,55760.39168818714,58594.86548184732,61613.93419068993,62519.30855884853,63279.73833883872,64180.4063456193,67405.91510547695,86330.7047219714,40690.70053891264
2025-07-29 10:45:00+00:00,218,3285,5854.656126615128,7820.490405092969,11764.720119106638,15585.73837527554,23424.835280642117,31649.847590010286,35114.88794366993,40136.61787395693,42903.2788406032,46836.7893381472,50854.88438233617,52739.733993909744,55549.41001513921,58451.43577551487,60730.98846723858,62414.07621312292,63075.01943022025,63825.278991428495,66426.08742756864,87079.90652792143,41537.377500512746
2025-07-29 11:00:00+00:00,219,3300,5435.770103790849,7727.282845078552,12153.457330341249,16404.582256724632,25233.05178165955,31348.68129057213,35678.271625027875,40580.52724936116,43489.80974028303,45872.51993490855,48803.69359688264,51670.689727064455,52785.20131125186,55422.281839992065,59739.199504735945,61613.08646045449,62508.78511273402,63182.30555583351,65739.59336485185,87470.5435660845,41027.356686087645
2025-07-29 11:15:00+00:00,220,3315,5454.202092953345,10153.361599814152,14852.969335885766,22132.375832380934,28720.66046097719,33794.52569299479,38303.11061572959,41134.17661792875,44282.89923970957,47487.593527899335,50684.504650126626,51857.331883377876,52841.96820249761,54560.44116728076,58681.97275977295,61200.8497732455,62176.541154851766,63056.84461240551,65630.53448416047,87500.48737253067,42105.049586455825
2025-07-29 11:30:00+00:00,221,3330,5286.693306950819,11757.673266160913,20227.566411929933,27704.949692922364,32850.659940306476,38872.80339759111,41204.77462246277,43580.814312190945,45545.23156082843,48654.60882915028,50511.32449509758,51450.836886556455,52742.808404046686,54121.11286147336,56438.00907115885,58858.45309399367,60781.13593091673,61798.46704618168,63948.02989655622,87169.73356875562,43051.01992998608
2025-07-29 11:45:00+00:00,222,3345,4945.039455420531,11136.347421071234,21413.155563156994,27777.043275584605,32334.748723932673,39018.22759021445,41164.83502035921,43521.53064360837,45387.65904187688,48330.47040192646,50172.71578448942,50987.12479753293,52491.71759345192,53865.816905592015,55992.97742464152,58996.503949148864,60395.96424010251,61399.40076825433,63157.85309369931,86480.40264472115,42828.18512442543
2025-07-29 12:00:00+00:00,223,3360,4837.685684376195,10534.319007880884,21549.586792762817,27335.64851022591,31698.67370258795,38377.775900204,40084.07042414603,42772.00825146441,44564.94014792317,47300.857502588864,49434.390001432075,50253.155615945936,51633.710669143344,52962.60096385335,54939.338616496796,57625.456246958405,59548.7705298815,60305.06043637528,61989.49291971584,85436.72832013018,42069.888350221954
2025-07-29 12:15:00+00:00,224,3375,4340.71133508542,8754.960284311937,19096.594821989027,22788.035578368523,28262.581930106266,33656.55643504455,36763.077626235914,38540.14764172926,40783.81674560634,42300.307424990984,44525.05961044311,46991.99684292633,48149.37834568983,49032.25262772293,50456.32140847257,51748.06311006728,54416.30711839008,56849.093648894974,59029.67572825008,84045.0358061148,38448.62110576156
2025-07-29 12:30:00+00:00,225,3390,5328.934110654219,9042.404473199203,16214.190278574933,21067.69503838579,24983.725779176664,28953.770131012585,33372.767107105145,36762.072729292166,39096.25630803442,40977.32276266638,42522.58986686972,45131.77931560203,46642.464892006756,47636.43414905186,48683.32590429161,50423.33021239161,53964.096660540614,57006.39651356904,60725.674581538704,82313.71446447397,37668.503702757225
2025-07-29 12:45:00+00:00,226,3405,7034.715922919175,10774.20780227289,13607.303673561166,17772.922016306453,21938.799678693824,23991.66356210521,27089.30000369782,29895.71990579855,33207.15987288511,36573.896175500464,39089.67060211289,42141.91463948321,44579.50896538111,46875.23427834491,48943.71066983649,51994.46244993473,55015.80513821954,56846.45513920215,60281.831514899466,80253.19030669525,35504.1368426062
2025-07-29 13:00:00+00:00,227,3420,6155.99253873365,9565.795692845953,10957.938182270738,14624.233476387302,17869.615328887525,20070.479098046802,22167.771996296553,25247.94115390658,27459.93839096638,31548.54031434283,35239.284306238704,37088.53140453332,40799.27651431541,45082.34135881718,48479.34435876424,51334.159548376985,53083.41721760716,55621.54403049057,58404.55292970315,77875.90329790417,32425.130871993646
2025-07-29 13:15:00+00:00,228,3435,4733.927127684836,7599.5637161946515,9176.875729301837,11607.970146754526,14037.92197083227,16473.052867289014,18707.82288529783,20151.657494779432,22067.471378078997,25280.304896332815,27789.648689374782,30644.542131966045,36091.153522000444,40811.69345251086,44473.688032430655,47364.96331784689,49955.71960569101,51752.348854839256,54120.08887717765,75196.2938859362,28429.037409029075
2025-07-29 13:30:00+00:00,229,3450,2358.7496472473636,5359.8702728364815,7945.239120442347,9331.385544471412,11961.127755345828,13960.853667588015,16242.738485200085,18804.379879266096,20285.451229458722,22942.562851341052,26144.50859997483,29720.953950156345,34400.97102194504,39188.013772939215,41766.467370035796,44566.27901437322,47269.295113534215,49110.946179504026,51121.09318594958,72230.80248174323,26319.019816610475
2025-07-29 13:45:00+00:00,230,3465,2782.3754515437695,5615.0648259344025,8178.160785706501,9150.407543318355,11813.489716764207,13875.234663224921,16186.657959095088,18462.789040364143,20271.38422916537,22912.892664587613,26252.582143187115,30335.634816120102,34043.54197696198,38856.84175810245,41190.99955818133,44266.14121687337,46470.63398647666,47882.82104315142,49556.954450032834,68997.88525830598,26040.94036807545
2025-07-29 14:00:00+00:00,231,3480,3331.574110341844,5620.662336371052,8118.556851479911,9332.7220600698,12287.799475139456,13718.779951615048,16055.670430430448,18382.261143547777,19968.857615632558,22287.5374796686,25960.54920497873,29722.40457147221,32677.249611647072,36775.786830630044,39125.92918536755,42064.8802915419,44297.45572182349,45700.83658473233,47562.86074386396,65518.05082814267,25211.984655425687
2025-07-29 14:15:00+00:00,232,3495,3929.212850630135,6755.736246188609,8229.8782139549,9509.935557332576,12142.942389149981,13610.116309626148,15911.825521680039,17568.828353668672,19075.181992390466,21375.04115603582,24292.193286509122,26498.63156862328,31413.567678693507,35394.942715873265,37543.40369579887,40564.83758069629,42214.46763885666,43777.96724770618,45760.43669445679,61813.92388526241,24260.923355005434
2025-07-29 14:30:00+00:00,233,3510,4055.040059026259,6885.343185422769,8168.445847175383,9216.32019875403,12026.321621532308,14469.509249698658,16389.681533103158,17506.006589283996,19403.7493597365,21114.07312761565,23825.573900557134,25440.986779628198,29257.201296131698,33029.473527883456,35513.10655404478,38463.538577457126,39858.25769208352,41354.91237315465,43710.41288827147,57910.34405980244,23385.68333722287
2025-07-29 14:45:00+00:00,234,3525,5215.140305314476,7479.261905679729,8235.957834140432,10444.845205953747,13129.033678663529,15007.015714276464,15948.123545768354,17220.46101054158,18845.86853544056,21150.798004010743,23078.812671797943,26080.666800225794,28919.420099647283,31720.20084008406,33592.06574816956,36265.85187044876,37357.576072270705,38732.8571735566,41239.21249579967,53862.3405372305,22829.427704630543
2025-07-29 15:00:00+00:00,235,3540,5153.129333171654,7231.370303531797,8331.739977695073,10684.059531456314,12919.133013211624,14459.168687281448,15429.516054043137,16676.88378625129,18130.346132078525,20140.892456322224,21835.607579720145,24469.021064343884,27336.058890813012,29604.663556832533,31750.8873837145,34109.01785903903,35199.02143363684,36225.44769951843,38412.69299295659,49667.59017091596,21670.921866742574
2025-07-29 15:15:00+00:00,236,3555,5142.564407220918,7105.520074962504,9072.286273848813,10173.299826950468,12225.79755976885,13532.152267393063,14295.262716936368,15617.368775457178,16926.982957658638,18679.768284659567,20986.157665558872,23724.12584935067,26253.885274555054,27744.54008491049,28864.177895278386,31118.539122746202,32266.008292598697,33276.13562034116,35278.3914508573,45312.99027088423,20283.840141263525
2025-07-29 15:30:00+00:00,237,3570,4779.42456160855,6432.188821317198,7356.070177892422,9037.524759419579,11181.923309279726,12514.220113115007,13321.456046780446,14488.742483708225,15552.853091038267,17077.659036841676,19380.775562640774,20981.107386263426,23255.66938213225,25050.848716370256,26131.04432556626,28120.556816852324,29272.85980189193,30327.558725317638,31683.750647190383,40883.35300683734,18332.164972479794
2025-07-29 15:45:00+00:00,238,3585,4407.903669407487,5993.696385838866,6916.360982162824,8610.35143083677,10418.58306132295,11564.722671127945,12374.496432715861,13573.607844138674,14475.053046550705,16506.43152078792,18480.818965839317,19602.626872825807,21484.219348237923,22728.87988756141,24122.877490893567,25368.518327207454,26490.087477144825,27358.934173520593,28881.027726897613,36417.54641036469,16903.87345637799
2025-07-29 16:00:00+00:00,239,3600,4117.805923780504,5464.810920070255,6941.652129571088,8253.35628123783,9784.932747220511,10580.334592557036,11631.565298296147,12632.890147547978,14167.968619404253,15175.294900224715,16486.3513607075,17701.600735027376,19194.95209307098,20067.794880335365,21329.338610589974,22318.136715821955,23384.50090303523,24038.176230476132,25427.674668425618,31958.604974132944,15266.445849559197
2025-07-29 16:15:00+00:00,240,3615,3548.700148693751,4722.864374353361,6107.79464796578,7748.036705856183,8753.667469917022,9597.389880079434,10708.747315700097,11677.185651882879,13120.51297703718,14139.560493188357,14756.627582524208,16087.241945318716,16662.848003232055,17362.311190116627,17988.54028230477,19247.578082004402,20074.04495935427,20736.069103007292,21772.43868705827,27554.523474549827,13450.634957646489
2025-07-29 16:30:00+00:00,241,3630,3085.349549697232,4140.2916759852815,5748.351827967187,7062.758181438078,7777.439529395121,8892.240239780724,9818.48637594323,10852.14278765692,11779.279357799227,12310.940411921487,13112.679952189801,13791.346889552186,14190.363136413916,14656.790435944025,15203.311162350006,16047.5652803292,16707.519133915855,17180.206709286693,18240.130052614022,23259.19640471372,11636.64629487053
2025-07-29 16:45:00+00:00,242,3645,2460.255233751236,4087.527452451697,5420.524819241911,6171.586317970551,7146.146183773091,7732.022125007041,8723.640789847574,9086.463608707996,9693.287945501146,10101.13529186777,10758.366629489785,11207.482484879882,11556.942032489605,11920.94536321569,12227.30993919334,12739.399194764466,13262.098695704806,13985.903759552693,15035.6843867083,19078.40675098648,9641.925186114911
2025-07-29 17:00:00+00:00,243,3660,1897.5410272524946,3490.1201860778756,4391.815132295132,5001.502563306028,5604.26276143513,5962.867736500511,6507.99858843999,6980.1843122716855,7231.721722574849,7655.428651004044,7977.430293427255,8501.493780115981,8834.982961485302,9116.398587314672,9370.498984600901,9695.183043886198,10064.968567280637,10755.097154941112,11559.493351359959,15061.490585469039,7403.483657800052
2025-07-29 17:15:00+00:00,244,3675,1801.2683874079733,2786.2880440980575,3356.6061819839592,3757.0978777191835,4100.583786425775,4420.364583516948,4683.874538924037,5061.694888558566,5264.365709674723,5574.237861218763,5814.453494432136,6112.968464084005,6406.059224805413,6666.083069231973,6903.798676627704,7057.789415058714,7332.345691146525,7795.358753074523,8653.791392414749,11435.855178781005,5458.385258812615
2025-07-29 17:30:00+00:00,245,3690,1047.6280289590102,1937.4042091344236,2329.795982049408,2631.6027059993535,2860.0866964615802,3072.011740426657,3245.8786879598765,3561.863720264145,3686.160293805833,3828.8568931440104,4059.7193177326194,4195.8909882087,4477.1607492433295,4652.299154497193,4856.880966276023,4981.052798056861,5124.2820853116755,5524.322547867265,6142.705947395435,8169.771579772009,3810.8973440125146
2025-07-29 17:45:00+00:00,246,3705,655.9176675976174,1249.4361096727084,1482.6012119125899,1720.0493519360423,1886.2974455177045,2003.8326461323682,2111.9551223067097,2295.0013012448794,2404.0655875082575,2477.0744196699793,2611.1352404828444,2735.8470707000747,2861.6286876018557,3008.4610576956597,3122.7518384844466,3268.271418805012,3334.534483096008,3643.719367470808,4101.120403208741,5435.683316905279,2483.2037166899845
2025-07-29 18:00:00+00:00,247,3720,567.318634114554,972.8415088826349,1133.7511718117423,1296.6748703648386,1480.5957294997543,1563.0070468533368,1640.9309081720512,1755.1224965180795,1872.6724956454557,1932.4461201778868,2041.6443356276327,2123.6708167222805,2236.9620630787585,2347.974760590054,2449.345711198793,2561.13267806693,2611.6100470227075,2779.742292661742,3234.5751184285755,4290.2740833360895,1935.765112244188
2025-07-29 18:15:00+00:00,248,3735,262.43554968194866,596.402376162676,760.974491018283,897.3253833203842,1001.8955878449523,1133.9444253197632,1206.406236441167,1294.9819892734467,1374.363766016595,1462.8322752641932,1516.0077319583584,1651.1679852692505,1721.6300430247816,1819.7615236823046,1901.210501120149,1998.4056172768485,2056.1614382253356,2226.9323932987813,2487.9186097962474,3359.085877114559,1445.2209260220066
2025-07-29 18:30:00+00:00,249,3750,181.43301193234103,397.7446869937195,502.7148556169862,593.8530228326307,670.9020486274667,757.0578790345593,804.4454173490353,865.4707139700341,918.3614644221635,965.8390582224251,1006.6882524419643,1104.2297377766172,1148.8314821939882,1221.6937992838195,1274.098023366335,1340.0787063994346,1386.5242231698933,1501.3048153625164,1727.4153584068506,2268.1831915114785,969.9466905141401
2025-07-29 18:45:00+00:00,250,3765,109.91416807578074,206.4713234815983,270.0315772470479,317.6668750383281,356.51181632235966,399.99998209486057,422.73998719434803,446.0374960500438,468.1827634610405,501.42446953337304,529.0953093014044,554.3260242772429,600.6998887239747,630.5456477775318,662.7316590827386,694.5942960334729,719.0843274578592,771.34444484132,888.6133329389893,1191.736100719684,504.3972665474233
2025-07-29 19:00:00+00:00,251,3780,13.251839202309084,24.39282012017778,32.432320565755326,37.595292492117615,42.80840014007054,48.53757205857196,50.67276442178724,53.81607546181124,57.51898851041118,60.94851467850949,64.15749413253153,66.69865073162723,70.9997310475294,73.77366659244117,78.63585601339088,83.31035008428331,86.80889629866965,93.17667242488142,105.7541881860083,146.8729269484534,60.50542756092038
2025-07-29 19:15:00+00:00,252,3795,0.0,0.0,0.0,0.0,0.0,0.0,0.0,0.0,0.0,0.0,0.0,0.0,0.0,0.0,0.0,0.0,0.0,0.0,0.0,0.0,0.0
2025-07-29 19:30:00+00:00,253,3810,0.0,0.0,0.0,0.0,0.0,0.0,0.0,0.0,0.0,0.0,0.0,0.0,0.0,0.0,0.0,0.0,0.0,0.0,0.0,0.0,0.0
2025-07-29 19:45:00+00:00,254,3825,0.0,0.0,0.0,0.0,0.0,0.0,0.0,0.0,0.0,0.0,0.0,0.0,0.0,0.0,0.0,0.0,0.0,0.0,0.0,0.0,0.0
2025-07-29 20:00:00+00:00,255,3840,0.0,0.0,0.0,0.0,0.0,0.0,0.0,0.0,0.0,0.0,0.0,0.0,0.0,0.0,0.0,0.0,0.0,0.0,0.0,0.0,0.0
2025-07-29 20:15:00+00:00,256,3855,0.0,0.0,0.0,0.0,0.0,0.0,0.0,0.0,0.0,0.0,0.0,0.0,0.0,0.0,0.0,0.0,0.0,0.0,0.0,0.0,0.0
2025-07-29 20:30:00+00:00,257,3870,0.0,0.0,0.0,0.0,0.0,0.0,0.0,0.0,0.0,0.0,0.0,0.0,0.0,0.0,0.0,0.0,0.0,0.0,0.0,0.0,0.0
2025-07-29 20:45:00+00:00,258,3885,0.0,0.0,0.0,0.0,0.0,0.0,0.0,0.0,0.0,0.0,0.0,0.0,0.0,0.0,0.0,0.0,0.0,0.0,0.0,0.0,0.0
2025-07-29 21:00:00+00:00,259,3900,0.0,0.0,0.0,0.0,0.0,0.0,0.0,0.0,0.0,0.0,0.0,0.0,0.0,0.0,0.0,0.0,0.0,0.0,0.0,0.0,0.0
2025-07-29 21:15:00+00:00,260,3915,0.0,0.0,0.0,0.0,0.0,0.0,0.0,0.0,0.0,0.0,0.0,0.0,0.0,0.0,0.0,0.0,0.0,0.0,0.0,0.0,0.0
2025-07-29 21:30:00+00:00,261,3930,0.0,0.0,0.0,0.0,0.0,0.0,0.0,0.0,0.0,0.0,0.0,0.0,0.0,0.0,0.0,0.0,0.0,0.0,0.0,0.0,0.0
2025-07-29 21:45:00+00:00,262,3945,0.0,0.0,0.0,0.0,0.0,0.0,0.0,0.0,0.0,0.0,0.0,0.0,0.0,0.0,0.0,0.0,0.0,0.0,0.0,0.0,0.0
2025-07-29 22:00:00+00:00,263,3960,0.0,0.0,0.0,0.0,0.0,0.0,0.0,0.0,0.0,0.0,0.0,0.0,0.0,0.0,0.0,0.0,0.0,0.0,0.0,0.0,0.0
2025-07-29 22:15:00+00:00,264,3975,0.0,0.0,0.0,0.0,0.0,0.0,0.0,0.0,0.0,0.0,0.0,0.0,0.0,0.0,0.0,0.0,0.0,0.0,0.0,0.0,0.0
2025-07-29 22:30:00+00:00,265,3990,0.0,0.0,0.0,0.0,0.0,0.0,0.0,0.0,0.0,0.0,0.0,0.0,0.0,0.0,0.0,0.0,0.0,0.0,0.0,0.0,0.0
2025-07-29 22:45:00+00:00,266,4005,0.0,0.0,0.0,0.0,0.0,0.0,0.0,0.0,0.0,0.0,0.0,0.0,0.0,0.0,0.0,0.0,0.0,0.0,0.0,0.0,0.0
2025-07-29 23:00:00+00:00,267,4020,0.0,0.0,0.0,0.0,0.0,0.0,0.0,0.0,0.0,0.0,0.0,0.0,0.0,0.0,0.0,0.0,0.0,0.0,0.0,0.0,0.0
2025-07-29 23:15:00+00:00,268,4035,0.0,0.0,0.0,0.0,0.0,0.0,0.0,0.0,0.0,0.0,0.0,0.0,0.0,0.0,0.0,0.0,0.0,0.0,0.0,0.0,0.0
2025-07-29 23:30:00+00:00,269,4050,0.0,0.0,0.0,0.0,0.0,0.0,0.0,0.0,0.0,0.0,0.0,0.0,0.0,0.0,0.0,0.0,0.0,0.0,0.0,0.0,0.0
2025-07-29 23:45:00+00:00,270,4065,0.0,0.0,0.0,0.0,0.0,0.0,0.0,0.0,0.0,0.0,0.0,0.0,0.0,0.0,0.0,0.0,0.0,0.0,0.0,0.0,0.0
2025-07-30 00:00:00+00:00,271,4080,0.0,0.0,0.0,0.0,0.0,0.0,0.0,0.0,0.0,0.0,0.0,0.0,0.0,0.0,0.0,0.0,0.0,0.0,0.0,0.0,0.0
2025-07-30 00:15:00+00:00,272,4095,0.0,0.0,0.0,0.0,0.0,0.0,0.0,0.0,0.0,0.0,0.0,0.0,0.0,0.0,0.0,0.0,0.0,0.0,0.0,0.0,0.0
2025-07-30 00:30:00+00:00,273,4110,0.0,0.0,0.0,0.0,0.0,0.0,0.0,0.0,0.0,0.0,0.0,0.0,0.0,0.0,0.0,0.0,0.0,0.0,0.0,0.0,0.0
2025-07-30 00:45:00+00:00,274,4125,0.0,0.0,0.0,0.0,0.0,0.0,0.0,0.0,0.0,0.0,0.0,0.0,0.0,0.0,0.0,0.0,0.0,0.0,0.0,0.0,0.0
2025-07-30 01:00:00+00:00,275,4140,0.0,0.0,0.0,0.0,0.0,0.0,0.0,0.0,0.0,0.0,0.0,0.0,0.0,0.0,0.0,0.0,0.0,0.0,0.0,0.0,0.0
2025-07-30 01:15:00+00:00,276,4155,0.0,0.0,0.0,0.0,0.0,0.0,0.0,0.0,0.0,0.0,0.0,0.0,0.0,0.0,0.0,0.0,0.0,0.0,0.0,0.0,0.0
2025-07-30 01:30:00+00:00,277,4170,0.0,0.0,0.0,0.0,0.0,0.0,0.0,0.0,0.0,0.0,0.0,0.0,0.0,0.0,0.0,0.0,0.0,0.0,0.0,0.0,0.0
2025-07-30 01:45:00+00:00,278,4185,0.0,0.0,0.0,0.0,0.0,0.0,0.0,0.0,0.0,0.0,0.0,0.0,0.0,0.0,0.0,0.0,0.0,0.0,0.0,0.0,0.0
2025-07-30 02:00:00+00:00,279,4200,0.0,0.0,0.0,0.0,0.0,0.0,0.0,0.0,0.0,0.0,0.0,0.0,0.0,0.0,0.0,0.0,0.0,0.0,0.0,0.0,0.0
2025-07-30 02:15:00+00:00,280,4215,0.0,0.0,0.0,0.0,0.0,0.0,0.0,0.0,0.0,0.0,0.0,0.0,0.0,0.0,0.0,0.0,0.0,0.0,0.0,0.0,0.0
2025-07-30 02:30:00+00:00,281,4230,0.0,0.0,0.0,0.0,0.0,0.0,0.0,0.0,0.0,0.0,0.0,0.0,0.0,0.0,0.0,0.0,0.0,0.0,0.0,0.0,0.0
2025-07-30 02:45:00+00:00,282,4245,0.0,0.0,0.0,0.0,0.0,0.0,0.0,0.0,0.0,0.0,0.0,0.0,0.0,0.0,0.0,0.0,0.0,0.0,0.0,0.0,0.0
2025-07-30 03:00:00+00:00,283,4260,0.0,0.0,0.0,0.0,0.0,0.0,0.0,0.0,0.0,0.0,0.0,0.0,0.0,0.0,0.0,0.0,0.0,0.0,0.0,0.0,0.0
2025-07-30 03:15:00+00:00,284,4275,0.0,0.0,0.0,0.0,0.0,0.0,0.0,0.0,0.0,0.0,0.0,0.0,0.0,0.0,0.0,0.0,0.0,0.0,0.0,0.0,0.0
2025-07-30 03:30:00+00:00,285,4290,0.3628633125664498,1.8797416103524218,3.3269423062838,4.505146326140725,5.692261316130859,7.495512124175656,8.824196492748698,11.159592563540325,14.524108062295165,17.000818162835525,20.48212206390707,22.570824598931416,24.09392450869366,25.787672623604603,27.64676137098753,29.780476703901474,31.69057823664849,34.41260703451141,38.39110253100139,52.28433480500488,17.915806629952083
2025-07-30 03:45:00+00:00,286,4305,26.02004273179738,65.58000640712993,98.18214435773682,123.39491577138814,155.1612676601866,184.60863564947792,225.14727313240385,265.2757848860275,292.5664050934296,339.3991924962345,384.80408464572366,414.7943004921456,438.8216610671968,459.81360637430294,490.1553807237782,519.6686331712524,552.5941403379613,613.7664689999888,675.4155409251088,876.7231652193561,341.23109366322666
2025-07-30 04:00:00+00:00,287,4320,58.67028610303604,179.9536374037249,258.20803779732546,345.38985178632896,473.2108994733928,562.7901273783174,647.3828368743372,716.3931786123119,833.7219294534791,911.3375605309129,982.7762949578913,1032.136933026888,1080.0339825332471,1148.4860581593814,1209.3168617441113,1273.1485213624992,1349.6715484114889,1474.6779692032085,1588.534983259426,2038.1033369988575,864.1796925852116
2025-07-30 04:15:00+00:00,288,4335,89.04620394459555,342.9503106423999,473.7673800970848,634.7345954574922,838.9548434942268,997.8925647373356,1095.5331040516232,1282.5599895813834,1430.2956761911262,1520.4128462846897,1606.4803748852064,1667.4183038210817,1753.3410438517235,1836.8052151000388,1910.117984849709,1999.2414835031364,2137.828806328465,2264.4573672214183,2459.618040868517,3101.693307183055,1405.3937394365937
2025-07-30 04:30:00+00:00,289,4350,176.37645716527888,617.3190388776792,768.6537490809696,1010.6967877842468,1343.945741908812,1504.9398321379786,1780.4439406794063,1977.2432166810531,2121.0628700645884,2286.692856395183,2410.2187208806236,2540.424475633613,2667.908449720654,2784.0256126194354,2939.2801367103293,3077.1649246315715,3204.8044395836846,3365.2382537127914,3664.3036413585232,4489.663693289107,2144.877563886927
2025-07-30 04:45:00+00:00,290,4365,1101.547010328845,1346.8435040241252,1780.1692298776056,2242.895665116262,2587.268414376954,3104.722097252345,3369.84752265864,3649.8965131389173,3936.1288996815556,4178.061857183889,4358.112488540934,4634.0369762467835,4811.9267209889285,4906.625460789675,5044.636081952011,5228.754008590443,5449.877048212528,5719.137544564148,5887.355677612864,7100.60089322622,3904.3957661818213
2025-07-30 05:00:00+00:00,291,4380,1662.1312069242767,1961.3055578140682,2516.6128353524628,3194.247609933911,3644.100015941502,4469.166200431417,4912.466039803695,5329.532885375927,5747.812434391852,6133.944052665645,6413.103093764868,6822.0953316938085,7043.770808593965,7237.543285003533,7410.87788640101,7700.97633137066,8081.129940107134,8299.38314337757,8522.363531868776,10259.650387195225,5705.065842759071
2025-07-30 05:15:00+00:00,292,4395,2179.067435867762,2601.4053023955507,3443.6146544438934,4241.547757752207,4873.138672474983,5933.263397762134,6645.030088835117,7540.792310311077,8096.856157707399,8476.632278522336,9028.234857179206,9297.84542245078,9500.716810194344,9769.652594099884,10096.440285511278,10493.271718564247,10884.946641836219,11143.507011222411,11399.575979042045,13817.575898246063,7630.6187044989465
2025-07-30 05:30:00+00:00,293,4410,2905.179577518986,3379.554150566302,4242.08913545012,5194.844868786538,5938.461775407193,7356.0765422430795,8649.130399969648,10124.660690817,10785.609841037474,11559.331065357313,11930.785278134848,12141.454593235769,12460.314048826636,12772.134722952715,13262.24715442352,13699.427706123208,14130.268437072087,14408.510384032115,14688.00492739162,17694.298328876284,9913.342983358785
2025-07-30 05:45:00+00:00,294,4425,3549.3659686123833,4136.992453849417,5247.945436205154,6571.486232896211,7442.256831422083,8831.772679646554,10391.922816352595,12974.238606532736,14266.249717384739,14741.369067245194,15050.658813403168,15424.30581102944,15831.343325660295,16247.985203624095,16787.778258886443,17231.834446468896,17593.98750902508,17901.425259761258,18255.292639725452,21894.312356798408,12466.626803583125
2025-07-30 06:00:00+00:00,295,4440,4247.812902398971,4902.6118229004105,6283.428849729681,7935.223477796338,8778.914271594454,10183.40443395605,11932.112077960033,14993.995542980021,16219.053265302635,17570.6342280491,17991.417628614265,18678.216246840137,19289.857381091177,19853.286274470174,20233.14160562233,20863.992759112247,21259.969026817314,21471.72957941207,21898.989174644943,26296.170678743478,14876.268239857649
2025-07-30 06:15:00+00:00,296,4455,4850.604257982057,5569.490806519783,6776.181958944618,7576.4581733239975,9318.105018074382,10191.367533359296,11112.190222266554,13277.759434480988,16425.520448724357,18808.91083019487,20196.26109123629,21010.553101352256,22136.956262325613,22985.84729366563,23422.096461179583,24087.967085711443,24493.586584511086,24894.010719315786,25263.83528371175,30733.308321975404,16305.555993886639
2025-07-30 06:30:00+00:00,297,4470,4370.431110982331,6192.919581766779,7031.855948516129,8104.813240011015,9330.754670957027,10706.479303195398,11642.449035169911,12502.256874081408,13645.695239534194,15313.838442228249,19621.95943484745,22465.857974311362,23803.09879758733,26015.471800327163,26550.919767281448,26929.932354696226,27367.083078167358,27974.97646852054,28582.777179681634,35235.28755499796,17289.521091435465
2025-07-30 06:45:00+00:00,298,4485,3685.1297501382824,5778.506151791261,8031.227510676101,9388.048215667439,10942.944332918101,12617.131695920638,13373.892152510358,14320.357844850429,15263.394375439191,16064.689267523667,19040.424248377705,23259.374022459775,25013.797464002975,26944.15630015134,28836.31479160665,29777.990062915702,30248.47940282375,30608.07544732604,31336.910539186018,39750.77598150999,18722.22157009016
2025-07-30 07:00:00+00:00,299,4500,4235.990981523059,6579.9233732901685,9537.724586213348,11671.189634806655,13587.509530194642,15101.87621797402,16202.583456709137,17140.755782294396,18969.449631541807,23550.754760315747,26227.707801799537,28209.840036034842,29531.03944064086,31741.898088047292,32684.586690853117,33557.422002934,33899.99721236456,34430.98919922451,35427.59000909946,44234.4001877567,22223.190912613733
2025-07-30 07:15:00+00:00,300,4515,5651.642526679869,7546.413638974082,10507.899330276437,12505.014756547494,15085.403180290266,16797.164887524927,17875.25144817426,19174.19871844086,24077.473318955013,27510.018429739415,29457.030061865713,31358.281339343976,32764.19188078283,34992.37344360734,35984.846118494825,36931.32493146323,37274.28478311842,37885.695194719956,38667.76022964825,48645.699280751134,24823.21358564996
2025-07-30 07:30:00+00:00,301,4530,6160.381757341172,7973.717312948394,11655.403078797232,13391.897207593254,14904.71336242973,18514.637207344305,19850.75519455972,21374.386549765797,26265.115391008036,30212.586506729593,32200.592882346955,34078.222402876934,35721.848029526234,37170.794765553204,39029.696149964155,39732.434189068386,40704.327343464654,41380.56097037296,42186.90973637065,52948.28118723551,26955.27379153736
2025-07-30 07:45:00+00:00,302,4545,5823.838216504687,8138.9433400324715,12082.361854817615,14132.371515507295,15991.01694046243,19972.9706679575,21067.40542488847,23175.444887629685,28803.825540792655,32599.122291161457,34900.4816194376,36775.85501160813,37847.215379338144,39554.69444595532,41436.06335868636,42374.26089754105,43558.35358611362,44343.83403200428,45080.93823684536,57058.02265518161,28876.35163227296
2025-07-30 08:00:00+00:00,303,4560,5963.120842692441,8110.851172355566,13166.092917191809,15152.952052971961,19519.77415386602,21724.75508692564,22890.915735889015,27712.223230099655,32152.731814617295,35435.76089648907,37601.00590478458,39316.93789510183,40468.2689055739,42183.80940085893,44111.52253152073,45050.1146656128,46123.20528181382,46798.32891294702,47926.253462561355,60931.35089382799,31140.046331507758
2025-07-30 08:15:00+00:00,304,4575,5903.474841133541,8036.548187106496,13111.438286429644,15375.947741070415,16797.46412767811,22212.152143405678,23476.313134694934,26473.468559612782,32581.817558997056,36013.332576381355,38344.98007162712,40671.3260091175,41644.8125778803,42991.97898326209,44792.99370945016,47041.97031750125,48057.25066163066,48816.00826274097,50042.79119802072,64700.750391150104,31603.99124762669
2025-07-30 08:30:00+00:00,305,4590,5699.729176828986,7958.275095214376,12226.667893375221,15375.343121747932,17145.288947373963,22502.954295911186,24391.515035992812,27104.143847312072,31797.02517051607,37293.30606860668,39879.35885905813,41572.09437840209,42935.548759968275,44609.46120885418,46315.69335431966,48285.52916633501,49850.71782238088,50959.47513877306,51742.549423215874,68245.59648103082,32462.025140072168
2025-07-30 08:45:00+00:00,306,4605,4595.156784074326,6623.963166343522,9104.194998904113,12551.572186672247,15569.497409766169,17921.527646832274,22645.427960182857,25156.028887295513,28324.891549441334,33563.3056790759,39535.951077501886,41541.181815299504,43441.53418086267,45007.4826080521,47368.0097058999,48341.41684924383,50223.04226575732,51863.0225440365,53341.83731593727,71543.16122793766,31453.367680560572
2025-07-30 09:00:00+00:00,307,4620,4936.336864267834,8056.710355995545,12896.216544690416,16391.85420736141,21652.802464663193,24013.413241306647,27136.642023539447,31845.07229260424,37935.761973306006,41188.157443355834,44214.98134368172,45621.304756105514,47711.088379362285,49061.057487541184,51104.394163820616,52445.363396191045,53470.93201020491,54426.02064689833,55549.017854034915,74572.86735386091,35707.907824175454
2025-07-30 09:15:00+00:00,308,4635,4061.5401105819196,6946.391074058463,11925.401740503235,15591.56014703523,21184.870425093115,24125.72995437381,26413.49699769235,30777.49819252486,38617.01232799766,42148.10754185887,44908.02922165089,46641.61293415733,48867.30059636198,50348.86720646888,52135.093827337674,53905.702490484335,54996.51434755686,55906.2860907052,56993.014061879774,77316.21016868766,36087.140264486894
2025-07-30 09:30:00+00:00,309,4650,3770.1301814533563,6875.333434000941,11117.131734082253,14696.561558504362,17599.094553085368,23293.781874413504,26314.494739762387,30664.77677149388,37422.18392413584,42555.98031074257,45050.98679533366,47503.16174270291,49383.56978849938,51400.47994960868,53178.02544385067,55253.85235493217,56437.3245045051,57261.522830949085,58491.02163775054,79756.71315233185,36226.01691577816
2025-07-30 09:45:00+00:00,310,4665,3945.3819308952066,6917.8164223952335,10500.89230813144,13990.846057873418,17332.342193806402,23793.174112463228,27338.755901254273,31477.428355339922,38059.05609232285,42757.397720126195,45666.28675147353,48274.38975454757,49332.353527374806,52118.689890555004,53514.35081396565,55662.519578088206,56785.403283406435,58225.09642177328,59591.41661015888,81879.90827066773,36617.20567159654
2025-07-30 10:00:00+00:00,311,4680,3852.8733267103107,6888.482017005036,10893.85821312926,14206.534871480142,17560.739104532284,25130.913984989147,27709.560796711743,30871.400220648564,35944.93050969967,42449.425704970185,45714.36341811244,47484.08024510048,49010.624337749345,50308.55804986387,53131.98107095971,54272.6585590109,56802.24201578912,58609.527224338046,60333.14231604146,83673.33474303789,36324.69507408431
2025-07-30 10:15:00+00:00,312,4695,3534.7477664195662,6586.361723359869,10540.724297312876,13470.75044581451,16836.739433693554,24212.313986354297,27320.191886564993,30372.595467580708,35102.26405265763,41783.7423595679,44977.49034840551,47021.732872325796,48706.56780627013,49907.26278556298,51992.31693167574,53986.53576263579,55111.31216838969,57709.50363477906,60221.957954575286,85126.55111381519,35808.0553614244
2025-07-30 10:30:00+00:00,313,4710,3512.1952834492595,7029.729971092162,11122.740193736505,13903.98691061981,16786.71949677064,23657.14410508048,26300.9931338348,29637.11191476516,32957.078428963134,38265.53483440004,43626.932093961484,46615.323959066205,48058.9959243721,49412.68492805796,50666.029015011845,52605.567519206874,54535.41055042224,55916.313183641345,58308.745784851344,86231.15647745243,35107.131523222604
2025-07-30 10:45:00+00:00,314,4725,3631.428557543117,7194.00123584186,11650.450765818978,14713.331156244965,17691.2284779435,24274.913031798664,27067.266471790277,30595.180483555767,33473.22396240142,40429.700611433065,44224.467698692184,47199.57119911533,48537.96695944589,49743.17320083817,51050.66043220083,52526.76978966862,54717.287608772844,56074.96974033814,58509.11315608872,86980.81672818196,35643.58556683313
2025-07-30 11:00:00+00:00,315,4740,3938.673716519448,8144.014090808477,12337.461597573705,15899.85611141869,19780.239328463525,25314.07874441488,28637.557745547845,32086.20338799884,36672.61133029565,42030.015892090465,44559.75574586511,47275.46639073702,48618.29481718152,49632.370445151035,50961.085666937644,52011.753890707594,54560.552662550166,55982.774911955166,58074.91341988322,87371.29103146582,36308.484146419854
2025-07-30 11:15:00+00:00,316,4755,4209.086177076078,8469.051319585335,12497.141046524512,15588.66937641924,18262.36387197941,24628.512062135553,28876.8202381158,32928.705665591326,37657.038060866646,42218.31114919896,44612.838019671646,47442.19836665378,48735.350423176,49735.92458552643,51200.59423042743,52720.634400886796,54616.1311063783,56080.4426972735,58479.07638389462,87400.45368607996,36433.75724366975
2025-07-30 11:30:00+00:00,317,4770,5058.820458597208,10040.146401101767,13694.875549238082,16415.044417306686,21905.20411663773,27004.017444080964,30447.464782316078,34141.08870417709,39700.44209693164,43266.07652490432,45525.551603175045,47938.37051372279,48926.59253944318,50473.93518376042,51723.102400916934,53736.272087966674,55380.388645163985,56281.394210217935,58404.403671437234,87068.30695574227,37091.847924031616
2025-07-30 11:45:00+00:00,318,4785,4613.933429979683,10917.762519021759,14483.159983976497,17264.9956024756,21948.04816824111,26024.91794584618,30672.9327492467,34449.47130401235,40240.81642519582,42788.21097218832,44974.792024333125,47700.428635162796,48797.135372091885,50573.97888291089,52339.718274328196,53703.14189483821,55243.03060994448,56282.71088618533,58598.20447876487,86376.9819158372,37249.41043704543
2025-07-30 12:00:00+00:00,319,4800,3519.002132731802,8446.080576070506,12817.193974072106,15499.079787097933,18826.277870134978,22491.608758829352,26976.171044363186,31079.596449497072,37167.37203828739,40919.954032846494,43042.40388005202,45359.67161635022,47692.63005724337,49580.08939417462,51356.12354000891,53176.70055277343,54791.36916644826,55751.79840501088,58180.99423816123,85330.72702035913,35489.721007294494
2025-07-30 12:15:00+00:00,320,4815,4223.965887043204,8077.913282720265,11344.394810485555,14479.906111222703,17471.17398594615,20452.63068211579,23394.023819694266,27422.39253677847,32683.38206100877,37375.45683798253,41393.35434375156,43573.688645007736,47063.59246760062,48401.9198934076,51219.52148857745,53209.06940111908,55317.78596183952,57527.13084730064,61251.14427401237,83935.88668102337,34425.655356089024
2025-07-30 12:30:00+00:00,321,4830,5096.562176159069,9070.858614270292,11421.473887203088,15683.322595556101,18453.867122235184,21152.022334770118,23170.183125069674,25884.162726622682,29296.133010423902,31667.945566682596,35904.57708969603,40710.93181275612,42792.67108338969,46443.5273284056,47720.7818252821,52301.05651184812,55618.07668243184,57776.92060620162,60649.68896125662,82200.87430638175,33212.63912195027
2025-07-30 12:45:00+00:00,322,4845,6383.084056949862,9956.582099720397,14199.39400618475,17971.50006616556,21257.77349758873,23390.46903877916,26337.832364697108,28829.457272335894,32157.0290481402,36449.14613949754,40304.568313404656,42849.59042419905,46282.854067069085,50441.87664473434,53115.45452700162,54650.66993283463,55676.41469690066,57460.18412334146,59372.67512269881,80136.14520568079,35505.31190983872
2025-07-30 13:00:00+00:00,323,4860,6798.486285678037,10153.44391112801,15276.446795966098,19173.260355775426,22001.926338263354,23382.065569604005,26102.762607282937,28043.9581687568,31572.032169853115,35819.462003256136,40403.456138279085,44657.790991314425,48158.72508040634,51415.361653707725,53114.96428153386,53824.452943187986,54901.95538124496,56241.0750586913,57969.418070364016,77754.17432433243,35566.15398997968
2025-07-30 13:15:00+00:00,324,4875,6642.1465115564715,9773.80221842286,11973.465782852756,16710.234036672384,20058.1850408151,22296.796717637826,23522.80456520198,25590.938822430027,27750.3605284486,29727.131073786783,34124.95077989317,38409.21156057602,42489.792031486104,45912.88836707396,49184.29686752462,51629.89679432663,52681.15434992695,53677.87841082377,55359.87059941592,75069.44327955059,32465.158727833506
2025-07-30 13:30:00+00:00,325,4890,5122.306221286595,7782.397593621836,10511.409923773099,14925.89178340915,18744.16186939137,21259.758094370554,22663.92052623729,25141.769843167986,26927.084504260445,29682.544998721736,33778.33021879041,37390.8768375713,41612.183246287546,44910.314631651505,47704.542149938716,49688.64175162903,51116.48641308197,52017.887356209045,54219.85281173792,72098.44051335184,31280.08627004699
2025-07-30 13:45:00+00:00,326,4905,3465.988323312619,6740.244689308991,9072.736356320378,12493.997624808591,16018.511550288755,19426.01837378197,21076.78228297799,23561.808768224524,25240.482444119087,28115.880811317107,32154.377927478596,35551.86533847097,39939.288015015554,42888.6301478037,45615.965891062726,47567.20160665188,48966.68134329426,49648.83098191709,52092.310973268206,68859.67805782979,29445.325769884756
2025-07-30 14:00:00+00:00,327,4920,3132.4676220036845,5961.633640892444,8356.675202208085,10128.569131737097,14396.577400414384,18715.855799064488,21471.745799419117,23709.54808823773,25411.57515989616,29696.826403094277,32253.379095597582,37139.766426606846,39678.43162548405,41996.20684709052,44599.24226026444,45851.20662213348,46823.153725932345,47636.57336293988,50955.641457639504,65373.72963041333,28751.804329804705
2025-07-30 14:15:00+00:00,328,4935,2974.708492801884,5875.746173700726,7712.58910578827,10839.900840678365,14584.184153698125,19504.32949865755,22015.98110155203,23046.596775671613,27039.408536748502,29299.375236991003,33218.27356277293,36489.5823180163,38800.9187767023,40775.279185616455,42326.47213264831,43616.15859125285,44299.84868855826,45704.128464509195,48262.3790718084,61663.29635432001,28371.607771438503
2025-07-30 14:30:00+00:00,329,4950,2255.079727575486,5149.5368116167765,7294.340786042448,10906.497906887846,17063.738003993563,19719.781624205196,21173.151175250183,25318.31404386251,27639.30123234869,31006.992997005345,33252.730423815934,35232.26246611208,36740.99624677566,38757.97557839069,39761.38041737825,40695.66738678427,41446.6378558227,42957.02260900614,44752.21686441942,57753.30861679485,27497.351304908574
2025-07-30 14:45:00+00:00,330,4965,2367.5008930537433,4817.975513551529,6817.646721552299,10714.95120067988,16270.254155422344,18934.068061908518,20660.07582079562,24863.455610054385,27308.37973958896,30027.129058925933,31750.470364700082,33325.231934018935,34483.534965725834,36275.36369584498,37069.71725079829,37908.34897473654,38567.3877218259,40164.957651109464,42316.76013257005,53704.612489045576,25979.782356212992
2025-07-30 15:00:00+00:00,331,4980,2222.2277012752425,4408.614285693468,6261.204976644751,10134.28879296713,15222.156991339309,17589.049330490376,20362.25780566504,23265.732245711617,25679.884589722293,27564.58753005196,29008.265005633155,30534.26545375493,31616.653967859664,33059.02053194618,34066.046667085924,34918.34355276978,35492.3959816518,37147.29070618728,39095.54965574118,49499.42455494607,24034.49315709168
2025-07-30 15:15:00+00:00,332,4995,2127.4519397076765,3780.0929583583206,5558.309295424079,8205.624043588648,12920.705723795676,15584.308813861597,16947.649409089063,20421.27595365725,22371.509117120917,24030.84438817649,25580.3809862755,26897.577377910613,28337.354756634893,29258.236761627657,30810.592211387586,31578.96353564969,32224.54010018376,33447.64083774871,35827.161417912015,45138.99640824067,21355.866872158807
2025-07-30 15:30:00+00:00,333,5010,2190.484736141067,3589.050271567958,4639.438873042649,6475.820132102717,10473.468104622274,13727.881162365737,15018.483872799306,17277.667267653862,19656.754945329976,21027.154945547343,22224.839446998187,23544.973977755697,24670.39854500466,25890.77635382389,26805.834734675223,28242.905662453773,28958.08833113086,29585.69936239443,32343.539239263537,40704.030066992455,18781.91955279812
2025-07-30 15:45:00+00:00,334,5025,2097.831388114668,3285.8760031866527,4103.080174325014,5394.027424510117,7560.214422518296,11732.590993440606,13100.057249378973,14980.53756160777,17104.926977236042,18600.99974358256,19613.67681062157,20767.447490427436,21788.944910461993,22943.774616398452,23554.06105285447,25006.61924715767,25845.61606885591,26342.518490455957,28367.71942539649,36233.65231456696,16474.244009427086
2025-07-30 16:00:00+00:00,335,5040,2160.257097668824,3044.6766411813296,3704.6109845315154,4830.470174003339,7281.261975498931,10504.40808355918,11605.388213940661,13188.685298129,15049.911208174388,16232.245178697094,17242.911065756267,18205.167107900725,19085.50545456631,20178.13696283679,20748.288268403783,21873.33274124978,22700.06972483776,23112.929069077603,24803.871176632267,31771.23027284655,14539.457975583511
2025-07-30 16:15:00+00:00,336,5055,2080.9631511578236,2922.964425518116,3515.6129190859997,4406.011091810993,5845.006343919489,8403.355627835035,9841.175826566701,10739.404724373573,12260.203470485043,13575.882630350141,14475.067038431087,15457.863889460792,16246.326394833095,16876.572532338676,17798.11731090226,18626.374124913633,19538.690164279808,20106.504302332432,20913.486235583645,27365.18775424936,12350.285663895409
2025-07-30 16:30:00+00:00,337,5070,2000.741692064766,2770.779642164548,3551.969298871865,4269.961422611884,5373.77111280055,6976.744433679669,8238.637470673484,9041.272349992712,10468.542803894685,11446.631182503817,12316.762150920771,12979.27526667174,13687.974418356724,14465.82142314999,15117.521941443247,15745.0450192556,16508.95615498203,17097.46722901708,18031.8894305784,23069.96969612775,10575.137640571458
2025-07-30 16:45:00+00:00,338,5085,1691.4184675211368,2270.1360509008273,2885.1462082050402,3375.042966667558,4387.966439060896,5652.3924544099345,6530.196403900748,7097.428330816909,7893.579032643169,9079.45557574264,9610.640469421367,10208.808231744593,10797.254944876799,11372.213138270748,12032.766107322883,12538.473572114712,13290.343930524994,13895.238234229104,14380.396653342283,18880.613558364796,8415.009889485937
2025-07-30 17:00:00+00:00,339,5100,1298.8996648196237,1735.2371191524053,2270.1509886876984,2920.859037544468,3544.212089591966,4514.062182829258,5197.712624639696,5643.674751629989,6040.557562570733,6717.410274652015,7333.751141778611,7818.876971215676,8276.318151484682,8677.385390705025,9100.301438849483,9616.513209700212,10070.669316386799,10683.849273022737,11299.893718647409,14879.23759424459,6517.478135395001
2025-07-30 17:15:00+00:00,340,5115,1058.3029821709915,1535.647823900509,2044.8921857943765,2642.1639289040218,3469.7452365665526,4004.5234462745807,4252.331253773966,4571.663075941659,4917.681607906459,5343.541437668571,5631.791011656747,5962.318853458505,6260.052588055579,6528.346707667021,6798.99091307448,7146.786041637431,7564.681003001397,8082.57666125573,8793.925693290774,11263.19177221187,5116.047127911114
2025-07-30 17:30:00+00:00,341,5130,786.8973466731833,1173.583294963854,1572.6490981091586,2107.9192440568395,2508.1419370430103,2789.0492703227183,2969.140852417734,3135.646170827902,3408.6510439448516,3692.3927251155255,3879.1318656470444,4041.471824626267,4257.968811414033,4486.586311365406,4687.797540721088,4856.534181655966,5142.663226668841,5437.7733719179705,5945.313859294548,8011.605717655099,3536.68079512237
2025-07-30 17:45:00+00:00,342,5145,529.1409697837072,830.0623229734655,1103.7769580960069,1546.2429413967297,1736.2191469778256,1889.0493020005856,2014.1290529912503,2204.2491599515556,2346.6950346040676,2516.3894912944156,2631.7019594466924,2758.1419698786744,2880.9952038981305,2983.035533123001,3130.723739760609,3246.5177519725294,3442.1162169411855,3720.132854656394,4009.5651336911606,5320.671916779503,2400.487343730076
2025-07-30 18:00:00+00:00,343,5160,368.1854493929987,555.4827677904848,816.616445448574,1116.8345173675461,1261.0981163867348,1446.4179739102256,1556.3273691624174,1649.5530505553186,1813.873699134577,1925.8531684514567,2029.2686739984615,2126.545987445346,2230.2522372754565,2346.8579836971444,2430.095132122632,2518.071336010095,2686.4956232811187,2882.7400860065845,3131.2436369415514,4214.777367876244,1861.4187380070996
2025-07-30 18:15:00+00:00,344,5175,238.35648999319616,489.3846138166805,651.6049338663222,874.6524484714038,986.7758604076101,1109.5207275494945,1181.4472441258024,1264.2247384349334,1361.8574508846589,1438.96892338074,1564.2085838343262,1650.4588154720032,1736.7629955298441,1804.395988397026,1910.579361125063,1962.9762368870008,2034.1250125979175,2171.6680329907117,2460.8944876293162,3258.3283973871758,1437.861081980173
2025-07-30 18:30:00+00:00,345,5190,213.63097931123437,365.0335551099761,477.1316364302224,597.4345288411986,696.9309791061936,762.4109180825751,799.9802650634916,846.6458288517031,916.7757878984397,963.9085029076581,1040.9610745520602,1105.719128281401,1153.9147571607377,1208.649186782584,1265.0781013528012,1310.9509393006417,1365.1197170531793,1489.2109995129304,1590.1379990786334,2176.719976504154,970.6083481674106
2025-07-30 18:45:00+00:00,346,5205,97.93819697653358,192.9797362060928,260.0230388902831,298.78325282106647,340.70892204067394,364.38909933997786,388.2708045109194,415.56992774284294,437.1819775845201,453.2383888273324,480.6966388303596,498.1516481314729,515.9640393570858,541.507865554038,563.3209656414429,593.5242378922457,622.3421513180599,666.6425615155721,773.6400824219444,1057.010909885596,460.4574172911774
2025-07-30 19:00:00+00:00,347,5220,1.2982431703824235,10.71594583887421,17.29194272375558,22.13756352042552,26.740219347512507,32.9693443525654,35.09304199830912,37.414604513360594,40.363480129790375,42.42187690312121,44.47978925420762,46.922124536704686,48.8423354451874,50.447562522041316,53.37020470755974,56.28296450481095,59.57631794012615,65.11399559709866,76.59265666449761,98.9491413042862,40.71174832854048
2025-07-30 19:15:00+00:00,348,5235,0.0,0.0,0.0,0.0,0.0,0.0,0.0,0.0,0.0,0.0,0.0,0.0,0.0,0.0,0.0,0.0,0.0,0.0,0.0,0.0,0.0
2025-07-30 19:30:00+00:00,349,5250,0.0,0.0,0.0,0.0,0.0,0.0,0.0,0.0,0.0,0.0,0.0,0.0,0.0,0.0,0.0,0.0,0.0,0.0,0.0,0.0,0.0
2025-07-30 19:45:00+00:00,350,5265,0.0,0.0,0.0,0.0,0.0,0.0,0.0,0.0,0.0,0.0,0.0,0.0,0.0,0.0,0.0,0.0,0.0,0.0,0.0,0.0,0.0
2025-07-30 20:00:00+00:00,351,5280,0.0,0.0,0.0,0.0,0.0,0.0,0.0,0.0,0.0,0.0,0.0,0.0,0.0,0.0,0.0,0.0,0.0,0.0,0.0,0.0,0.0
2025-07-30 20:15:00+00:00,352,5295,0.0,0.0,0.0,0.0,0.0,0.0,0.0,0.0,0.0,0.0,0.0,0.0,0.0,0.0,0.0,0.0,0.0,0.0,0.0,0.0,0.0
2025-07-30 20:30:00+00:00,353,5310,0.0,0.0,0.0,0.0,0.0,0.0,0.0,0.0,0.0,0.0,0.0,0.0,0.0,0.0,0.0,0.0,0.0,0.0,0.0,0.0,0.0
2025-07-30 20:45:00+00:00,354,5325,0.0,0.0,0.0,0.0,0.0,0.0,0.0,0.0,0.0,0.0,0.0,0.0,0.0,0.0,0.0,0.0,0.0,0.0,0.0,0.0,0.0
2025-07-30 21:00:00+00:00,355,5340,0.0,0.0,0.0,0.0,0.0,0.0,0.0,0.0,0.0,0.0,0.0,0.0,0.0,0.0,0.0,0.0,0.0,0.0,0.0,0.0,0.0
2025-07-30 21:15:00+00:00,356,5355,0.0,0.0,0.0,0.0,0.0,0.0,0.0,0.0,0.0,0.0,0.0,0.0,0.0,0.0,0.0,0.0,0.0,0.0,0.0,0.0,0.0
2025-07-30 21:30:00+00:00,357,5370,0.0,0.0,0.0,0.0,0.0,0.0,0.0,0.0,0.0,0.0,0.0,0.0,0.0,0.0,0.0,0.0,0.0,0.0,0.0,0.0,0.0
2025-07-30 21:45:00+00:00,358,5385,0.0,0.0,0.0,0.0,0.0,0.0,0.0,0.0,0.0,0.0,0.0,0.0,0.0,0.0,0.0,0.0,0.0,0.0,0.0,0.0,0.0
2025-07-30 22:00:00+00:00,359,5400,0.0,0.0,0.0,0.0,0.0,0.0,0.0,0.0,0.0,0.0,0.0,0.0,0.0,0.0,0.0,0.0,0.0,0.0,0.0,0.0,0.0
2025-07-30 22:15:00+00:00,360,5415,0.0,0.0,0.0,0.0,0.0,0.0,0.0,0.0,0.0,0.0,0.0,0.0,0.0,0.0,0.0,0.0,0.0,0.0,0.0,0.0,0.0
2025-07-30 22:30:00+00:00,361,5430,0.0,0.0,0.0,0.0,0.0,0.0,0.0,0.0,0.0,0.0,0.0,0.0,0.0,0.0,0.0,0.0,0.0,0.0,0.0,0.0,0.0
2025-07-30 22:45:00+00:00,362,5445,0.0,0.0,0.0,0.0,0.0,0.0,0.0,0.0,0.0,0.0,0.0,0.0,0.0,0.0,0.0,0.0,0.0,0.0,0.0,0.0,0.0
2025-07-30 23:00:00+00:00,363,5460,0.0,0.0,0.0,0.0,0.0,0.0,0.0,0.0,0.0,0.0,0.0,0.0,0.0,0.0,0.0,0.0,0.0,0.0,0.0,0.0,0.0
2025-07-30 23:15:00+00:00,364,5475,0.0,0.0,0.0,0.0,0.0,0.0,0.0,0.0,0.0,0.0,0.0,0.0,0.0,0.0,0.0,0.0,0.0,0.0,0.0,0.0,0.0
2025-07-30 23:30:00+00:00,365,5490,0.0,0.0,0.0,0.0,0.0,0.0,0.0,0.0,0.0,0.0,0.0,0.0,0.0,0.0,0.0,0.0,0.0,0.0,0.0,0.0,0.0
2025-07-30 23:45:00+00:00,366,5505,0.0,0.0,0.0,0.0,0.0,0.0,0.0,0.0,0.0,0.0,0.0,0.0,0.0,0.0,0.0,0.0,0.0,0.0,0.0,0.0,0.0
2025-07-31 00:00:00+00:00,367,5520,0.0,0.0,0.0,0.0,0.0,0.0,0.0,0.0,0.0,0.0,0.0,0.0,0.0,0.0,0.0,0.0,0.0,0.0,0.0,0.0,0.0
2025-07-31 00:15:00+00:00,368,5535,0.0,0.0,0.0,0.0,0.0,0.0,0.0,0.0,0.0,0.0,0.0,0.0,0.0,0.0,0.0,0.0,0.0,0.0,0.0,0.0,0.0
2025-07-31 00:30:00+00:00,369,5550,0.0,0.0,0.0,0.0,0.0,0.0,0.0,0.0,0.0,0.0,0.0,0.0,0.0,0.0,0.0,0.0,0.0,0.0,0.0,0.0,0.0
2025-07-31 00:45:00+00:00,370,5565,0.0,0.0,0.0,0.0,0.0,0.0,0.0,0.0,0.0,0.0,0.0,0.0,0.0,0.0,0.0,0.0,0.0,0.0,0.0,0.0,0.0
2025-07-31 01:00:00+00:00,371,5580,0.0,0.0,0.0,0.0,0.0,0.0,0.0,0.0,0.0,0.0,0.0,0.0,0.0,0.0,0.0,0.0,0.0,0.0,0.0,0.0,0.0
2025-07-31 01:15:00+00:00,372,5595,0.0,0.0,0.0,0.0,0.0,0.0,0.0,0.0,0.0,0.0,0.0,0.0,0.0,0.0,0.0,0.0,0.0,0.0,0.0,0.0,0.0
2025-07-31 01:30:00+00:00,373,5610,0.0,0.0,0.0,0.0,0.0,0.0,0.0,0.0,0.0,0.0,0.0,0.0,0.0,0.0,0.0,0.0,0.0,0.0,0.0,0.0,0.0
2025-07-31 01:45:00+00:00,374,5625,0.0,0.0,0.0,0.0,0.0,0.0,0.0,0.0,0.0,0.0,0.0,0.0,0.0,0.0,0.0,0.0,0.0,0.0,0.0,0.0,0.0
2025-07-31 02:00:00+00:00,375,5640,0.0,0.0,0.0,0.0,0.0,0.0,0.0,0.0,0.0,0.0,0.0,0.0,0.0,0.0,0.0,0.0,0.0,0.0,0.0,0.0,0.0
2025-07-31 02:15:00+00:00,376,5655,0.0,0.0,0.0,0.0,0.0,0.0,0.0,0.0,0.0,0.0,0.0,0.0,0.0,0.0,0.0,0.0,0.0,0.0,0.0,0.0,0.0
2025-07-31 02:30:00+00:00,377,5670,0.0,0.0,0.0,0.0,0.0,0.0,0.0,0.0,0.0,0.0,0.0,0.0,0.0,0.0,0.0,0.0,0.0,0.0,0.0,0.0,0.0
2025-07-31 02:45:00+00:00,378,5685,0.0,0.0,0.0,0.0,0.0,0.0,0.0,0.0,0.0,0.0,0.0,0.0,0.0,0.0,0.0,0.0,0.0,0.0,0.0,0.0,0.0
2025-07-31 03:00:00+00:00,379,5700,0.0,0.0,0.0,0.0,0.0,0.0,0.0,0.0,0.0,0.0,0.0,0.0,0.0,0.0,0.0,0.0,0.0,0.0,0.0,0.0,0.0
2025-07-31 03:15:00+00:00,380,5715,0.0,0.0,0.0,0.0,0.0,0.0,0.0,0.0,0.0,0.0,0.0,0.0,0.0,0.0,0.0,0.0,0.0,0.0,0.0,0.0,0.0
2025-07-31 03:30:00+00:00,381,5730,0.0,0.0,0.04229505983104401,0.1284994947538588,0.2147039296766736,0.424709382465663,1.4625540533653143,2.544885740966338,3.233491391338444,4.480218668497982,6.038780767357233,7.355294944398636,8.90771989278441,9.880923678824828,10.793464372309026,11.405981513817702,12.667481041269733,14.1566723937208,17.31216361149752,25.92931872473245,6.235526807105153
2025-07-31 03:45:00+00:00,382,5745,0.0,2.3080080569569774,7.277670566694987,33.31469125219276,46.21294201808246,59.363998123839934,71.75594680561787,86.17264338425679,118.46544734647425,138.09283354198675,170.76951059901754,198.06075746756696,228.93655709908327,247.2697805736391,294.7036852318425,354.35712284529177,388.9018052005055,426.2482832505978,519.321411692521,753.8077125392116,192.01565187930046
2025-07-31 04:00:00+00:00,383,5760,13.311666994548519,30.192315881540807,65.66140455264956,125.90442614218175,165.51450529491206,210.85981017254056,248.42010273104643,295.5411705628335,387.1687555334319,455.31580381560286,512.3347884222438,594.8305734357422,662.8756048005886,722.2861796664929,846.8150795436263,983.6621294919009,1065.7340613379897,1182.394186895962,1402.3721678952486,1944.3392161015227,558.2500552095753
2025-07-31 04:15:00+00:00,384,5775,60.7887382971895,82.17434109997316,120.34569284477037,255.5095210023758,309.4680712670975,373.347032838838,432.2715565185845,506.7264657696324,646.6634482477275,715.965105697826,834.4972436627829,967.3691960048163,1070.452597461408,1196.2076221262646,1392.2108792051843,1606.308195022675,1703.9714415723986,1914.1436203918963,2185.0144177759053,3001.935644496972,919.3116576103049
2025-07-31 04:30:00+00:00,385,5790,94.37527197767442,139.57833536195326,290.71806897689675,433.18421293614597,508.75693858742716,585.4929272629453,676.1566217262941,752.4328735557509,946.2479420797368,1100.106363340271,1276.9022053913488,1417.5692374847754,1574.5512705288543,1770.3957326652844,2185.1503743490284,2381.5865875909067,2668.4198632194457,3061.3130292183505,3339.345388093619,4366.969352279093,1407.3468496123596
2025-07-31 04:45:00+00:00,386,5805,170.45913797018255,323.0981837165275,663.7693070865816,765.2713810096668,912.8972140813196,1027.1094757303756,1144.058575900304,1269.0196312343035,1574.616225267684,1838.0987366810787,2066.160003355041,2236.5665266914407,2508.0289323808497,2806.0867663510317,3585.0330224714994,3930.6129595244442,4452.99314949528,5004.033609457005,5470.320247669538,6946.578291270739,2322.835693786372
2025-07-31 05:00:00+00:00,387,5820,316.376642564644,575.6431442482678,1047.0574114906362,1264.6380266348172,1443.1731804851138,1588.4823348643738,1775.9204450926788,1937.2840978687723,2391.37283568269,2739.773992097521,2995.684017262585,3259.352222321956,3734.5387949354954,4203.141785678085,5037.734863942061,5706.434494140141,6547.938073687221,7332.405929187237,7995.464697992682,10092.155149398022,3438.220135743259
2025-07-31 05:15:00+00:00,388,5835,416.95895461696375,1094.22735595328,1469.8420670743526,1824.408163717796,2057.7927280500703,2299.062707007371,2523.152238760341,3051.5673869822017,3413.7765608345258,3731.0873690686417,4123.337987632626,4484.919762045392,5069.927946553092,5788.5696944586825,6841.454037082952,7936.67244583486,9189.89358579907,10158.607344208707,10863.622958532285,13641.67076139749,4644.168370989024
2025-07-31 05:30:00+00:00,389,5850,658.5356004660983,1645.9987139906862,2069.861344024372,2486.405158391238,2747.203525833439,2962.0495799467276,3436.230748097867,3903.125378409064,4388.347242306172,4711.798585060339,5211.630440087726,5761.88816857248,6495.971103027949,7383.558720380335,8539.603528496893,10215.831703839882,11832.262860412671,12773.735499273227,13690.171138714479,17514.19803776228,5960.869648784644
2025-07-31 05:45:00+00:00,390,5865,1755.4774578284014,2332.018462457665,2815.90049157661,3137.717690613937,3421.895140636691,4223.850737364916,4608.496973677868,5284.277335730508,6023.279563482347,6550.446325061086,7240.886978339856,7879.941153163314,8472.463025998897,9698.435378807742,11371.030351743362,13264.69538594188,14682.909706078042,15397.601780057485,16564.627303190504,21690.488918759693,7738.920332923839
2025-07-31 06:00:00+00:00,391,5880,2229.5089814551793,2655.2474419871664,3230.137560016753,3614.9795430993227,3975.4726243693044,4835.2436221053185,5485.328021085861,6391.913899926192,7163.553023121651,7841.107866883629,8651.84271384038,9322.311007516219,10340.327704935127,11819.668605020146,13800.025698821371,16389.988297306576,17637.322115411996,18547.819567952847,19818.51100006016,26115.864795250276,9311.022213796785
2025-07-31 06:15:00+00:00,392,5895,2534.604773316857,3152.2571638730196,3883.814831948783,4472.560418770578,5198.124700669294,6073.199486430667,7051.555425631379,7812.720735243101,8688.636231207312,9553.42659549792,10457.218529891119,11097.57790693553,12590.460861882968,14843.825388874418,17381.199372856714,19888.144313820667,20906.747721866872,22105.309586006806,23363.557190160656,30556.482635301112,11316.369594948796
2025-07-31 06:30:00+00:00,393,5910,2914.379016715109,3536.6249185898864,4237.9273749652675,5096.386708613487,6098.813236391643,7186.950390486723,8324.304919367589,9370.908087308948,10034.179790803548,11137.52404555279,12314.8632557357,13427.870033780084,15608.124919893933,19212.736081643397,21846.760010416736,23245.967725645078,24900.899064077727,26069.629221525083,27968.21408441281,35063.221882982274,13417.042536525796
2025-07-31 06:45:00+00:00,394,5925,3383.860563524084,4312.596639549902,5379.020111158328,6483.301465276141,7524.587601660872,8455.66682395661,9772.524489454614,10684.76787867569,11712.175088872546,13207.556326048969,13993.813112857868,14707.597058692763,17667.598314960254,20560.362352088494,24670.693742906617,26421.101106444305,28410.204025727722,29377.260306677807,31731.859288731648,39584.2846157676,15324.555292645324
2025-07-31 07:00:00+00:00,395,5940,3991.7616294517647,5208.918987966535,6403.0970369585775,7877.333711324403,9142.13385800899,10281.439384067371,11118.672222105386,12194.282396455994,13234.360623407198,14565.673805125427,15491.574177675873,17028.292084846715,19905.318960168017,21539.101687140937,25797.07362926254,28400.324978150147,31596.081045339444,32950.14360649867,35972.95867139113,44073.95031017291,17141.70987691248
2025-07-31 07:15:00+00:00,396,5955,4745.941028548321,5576.057431452912,7407.473893612634,8670.224676657148,10220.540562097261,11304.455595884945,12047.47977169982,13295.333350122906,14312.83206842429,15392.368085832117,16617.379062655426,17919.024527349433,20508.545761776357,22253.48827683886,25287.273214309378,29138.640725522815,31484.979942489805,35209.98026551564,37538.703003529095,48491.49996532403,18029.438690153685
2025-07-31 07:30:00+00:00,397,5970,4756.316272598491,5734.867498312064,7679.494596431242,9246.268712252457,10985.512777104623,11943.24200105343,13171.754744497446,14446.105308941364,15361.12203948945,16854.860234295473,17912.162992853624,19069.44395318082,21254.56832199896,23338.165087560854,25921.687006547727,29920.638960487122,33409.005008238935,38298.64914157807,42971.80105865894,52800.34863743905,19276.532317097528
2025-07-31 07:45:00+00:00,398,5985,4757.586531594377,5969.127062005382,7416.426810525837,8943.58079707573,10404.625951654416,12543.814295306616,13550.565586436724,14766.528581237817,15992.911468447977,17706.657907945424,19394.941418170878,20586.843661625164,22621.836159271177,24849.071179723134,28316.012684978083,33602.64021337331,37018.35389895581,41670.09279957729,44847.050100947774,56925.79003204128,20513.869734521246
2025-07-31 08:00:00+00:00,399,6000,3569.848164932339,5449.253586799776,6881.100423502434,7911.411591543139,9214.040564576091,10643.29659231985,12534.393789646147,13830.075870308821,14967.538603509138,16771.755479683903,18826.05234189391,20760.49415941095,23293.673123024233,25986.18915308022,30025.576755350092,36242.23734135801,41484.271667179,43679.81919349847,46618.45813676152,60793.75242674378,20737.345690154856
2025-07-31 08:15:00+00:00,400,6015,3588.211354077094,5234.253201206878,6485.377876004069,7484.873662043159,8529.060403582738,10808.030241706238,11941.85616416189,13936.57634861525,14928.034666492877,17872.376017804327,21161.883219843745,22071.62897181094,24833.874147854283,28892.062032154954,37807.64800673491,41329.2658043259,44583.286335244295,46477.7718586501,49194.921210414876,64568.92394184715,22219.24641477688
2025-07-31 08:30:00+00:00,401,6030,3781.631794478794,4817.574464500485,6109.496283662592,7189.092954842741,8305.011697331698,9218.700712994192,11411.81072085021,12797.459220741322,14953.386654170907,16421.518469092876,20078.748940822094,22938.15916987675,25502.64762883681,30032.125339523755,40204.40728639972,43359.467018455776,46873.0319412598,48002.56450326959,51220.68762088061,68119.13746339959,22591.64219387067
2025-07-31 08:45:00+00:00,402,6045,3729.0635040494367,5012.308081742187,6191.475209445051,7276.631135064242,8425.25068231782,9494.212384360144,11088.5618435026,12866.071719080972,15256.712085029994,18139.13263939837,20679.102437098554,23852.083797201518,27335.053913470696,31874.212726189406,42417.58005096386,45131.19780414977,48839.652546918835,50032.805574781916,53195.53553379789,71421.61095369427,23634.266810224635
2025-07-31 09:00:00+00:00,403,6060,6328.427860815957,8068.417298473206,8969.769632152995,10132.17270948445,11849.978520132241,13847.145375648934,15369.629332973758,18008.796851784115,20207.104883298813,22568.38187966975,25964.786662874496,27781.192116033948,31954.208521335822,37078.60066136757,46056.0547829734,49907.53272832587,53319.5436792315,55686.099030100784,58249.477915146825,74455.72347979315,27810.94431094796
2025-07-31 09:15:00+00:00,404,6075,6527.953843190246,8188.920980617748,9208.852082375068,10666.617832021577,12371.15428804822,14329.230391720686,15904.230507293722,18752.25763539338,20884.075265739717,23120.89776623363,25638.271927155878,28469.29948019181,32825.924438509646,37549.89492745332,46905.28157497726,50760.72985397532,54728.17211467798,57230.23439487646,59995.094101644485,77202.93491207396,28535.914127820684
2025-07-31 09:30:00+00:00,405,6090,6587.118441383785,8193.054919658312,9280.16792047735,10760.241440774362,12471.642779928494,14025.973518269406,15775.56054594276,18744.985336713624,20655.802905337667,23303.59537097314,25496.688294140728,28486.720012628924,32075.743935729995,37045.413795162334,46002.36542669496,52102.89408099074,55485.336606788376,57498.54004069809,61613.496451678235,79646.74005382492,28635.59016363331
2025-07-31 09:45:00+00:00,406,6105,6940.149476123051,8538.36231789438,9588.691923854398,11005.144991751653,12860.48278724011,14042.927281967326,15853.043244498587,17430.952094078486,20273.406109110692,22538.68775800751,25150.821809145855,28550.78733367897,31630.553827815318,37415.43702981481,43920.83655846594,52542.99404109445,55182.515041181454,58879.1535544037,62741.04710682254,81772.64802938621,28529.908043843483
2025-07-31 10:00:00+00:00,407,6120,6874.3704737766175,8449.65144260622,9597.377942225428,11056.801795303852,12536.203630005764,13909.529411748299,16118.669062980884,18052.119229066495,20903.27613576489,23033.478009034603,26217.328106531488,29498.01947552145,33222.57336774452,38794.76270361115,44250.41390742329,52258.728364914205,55869.024363016826,59718.63049273211,63286.43593720163,83568.1804657373,28965.305497841062
2025-07-31 10:15:00+00:00,408,6135,6549.764411926756,7949.185281028507,9189.28931686981,10331.49963686469,11904.709227006973,13340.628753470726,14937.610629588939,17092.673060160396,20189.339663067243,22392.104486923246,25325.29107225887,28176.63753142752,31182.11466466627,37531.21452032906,41742.84730601397,52354.6119903815,55684.298493652495,60300.94034800692,63871.6445531805,85022.88318114867,28293.177049061458
2025-07-31 10:30:00+00:00,409,6150,6698.02864445138,7986.350679829109,9431.534526773361,10613.036192015183,11868.207647306679,13361.756291240561,15200.227611895565,17177.03083955742,20795.904161620172,23212.6713726728,26321.410388277858,28876.211787895205,31403.198504578286,37020.92441701823,41155.08571705431,49603.47801976709,56298.15680702479,60936.01045803219,64731.61003941429,86128.34713313525,28455.441426106656
2025-07-31 10:45:00+00:00,410,6165,6565.323592872023,7704.520423375395,9236.480886946914,10284.158027193025,11485.45382227655,13217.590223798032,14769.172821403132,16854.191251730455,20548.41804955256,22691.86789714461,25932.247712320055,27774.266581066368,30599.0988531821,34252.90739768597,39105.89874060068,42983.03948678316,56640.57787258757,61784.488482070665,65667.14267824173,86878.23443461243,27708.784375752373
2025-07-31 11:00:00+00:00,411,6180,6044.3846443491575,7304.874699530423,8944.203227868304,10111.713042623875,11343.865750425592,12864.739865084695,14009.434182059113,15490.387259309677,18307.767061658196,21303.726015592787,25035.801786151882,27124.15562309676,30386.82387518377,34336.537191192074,39161.05495766238,45424.016654615974,56350.031128139475,61762.18096239568,65159.85748739194,87268.30461622597,27316.141600504863
2025-07-31 11:15:00+00:00,412,6195,6003.057041285992,6923.691590849335,8794.840082101387,10120.317235855235,12057.385207719428,13252.169185719591,14946.852224702041,16550.63049975725,19491.058759489275,22656.44055276238,26234.73344004814,28151.763929106182,32293.24072303473,37445.03445092861,41359.80620343267,49614.883930230084,57091.992598592304,61775.79803029343,64918.72623249299,87296.4363223953,28320.32677780255
2025-07-31 11:30:00+00:00,413,6210,5358.352753652653,7100.55584601268,9117.932124266421,11225.825460936285,12592.025370890671,14447.354414340474,16865.728709133353,19162.220373541833,22359.603594535634,25987.70873556502,28004.710208207864,29949.455158525187,35500.28284220187,39357.048047061806,45965.93685667782,53130.72144539902,57947.236793640324,60844.68504884316,64237.35038230917,86962.64006736295,29766.09537812208
2025-07-31 11:45:00+00:00,414,6225,4879.885827926461,6551.267638135484,8539.123259440186,10736.819175124172,12509.982198068396,14389.26744539149,17374.382536524343,19818.71805695365,23822.71898291556,26194.681689553145,28427.55458866664,32048.84460047048,36676.51467244248,39640.33590723047,46974.13792007456,53647.44578526019,58651.04837270152,60261.20098814121,63412.4340879819,86269.05913913995,29924.218370060604
2025-07-31 12:00:00+00:00,415,6240,4435.457460903815,6193.172632394387,8483.230267985402,10562.443660960547,12081.766509418718,14956.58157911098,17845.147650126026,21280.210828208652,24618.688550696264,26439.747508009525,28374.37888002137,33289.5127428382,36985.371991166,39733.3681934466,48184.8446812642,53276.36383142047,57956.38303534896,59061.018371580896,62275.9064771961,85219.95836901868,29975.961616798024
2025-07-31 12:15:00+00:00,416,6255,4233.267142037913,5705.475555891713,9470.60321765501,12392.197233393535,16002.511602330049,19341.162236267865,23106.268542262016,24557.22368897389,26978.75811958646,31265.23432378503,34734.85993741965,36822.34008460041,40519.9543363226,46952.393083422896,49760.61395529219,55354.39756389812,56809.10764173975,58340.96642650524,61056.7991386936,83821.70303104575,32280.10890770453
2025-07-31 12:30:00+00:00,417,6270,3894.7349487164292,5468.775280940032,9243.251528785351,11516.158822539552,15919.915797816138,20121.077200304975,23069.110623190092,25023.201058244664,28100.948117225136,31354.408945715226,35333.20530738428,36602.08686752632,40379.59788676682,46650.72289388506,48892.59809741174,53062.9768927669,55715.89927953781,58232.645144893446,61068.60813667688,82082.73227070543,32103.679425772476
2025-07-31 12:45:00+00:00,418,6285,2813.115689457079,4192.250290202168,5807.616080133662,8576.853925838102,11738.67105129053,17005.774429784688,20641.682378143338,22511.283911815182,24785.439053088037,28281.614886788146,33103.979238810956,35119.370806100735,38956.911092762355,45186.926437557806,47285.9031228928,50966.68165672186,53567.88394300883,56465.382832342344,59797.46838855714,80013.53243093703,29904.8385127662
2025-07-31 13:00:00+00:00,419,6300,2642.398085235144,3702.786855651119,4725.808813474112,7279.258506870297,9518.622548887359,13320.345809938117,17491.422860446055,20164.243381585475,22920.92744862415,26118.91486952854,30767.5726405001,33790.56684973853,38065.13194818847,43707.36364259657,45517.065378154104,49232.28188384419,51993.83323279098,54519.31782035289,57981.706507808354,77626.61524169365,28263.797939731707
2025-07-31 13:15:00+00:00,420,6315,2383.0354243427055,3586.5786556537796,4715.794736904678,7330.349735594316,9307.10213305819,12792.267867735965,16693.537401037847,19426.344256915134,22101.317765226875,24971.847995005966,29620.341967555793,32721.725910333804,37328.60063758983,42400.419396752965,43961.51230505272,48027.49625517854,50211.6907655892,52596.65803396396,56011.842598599935,74936.50539256196,27343.169906975472
2025-07-31 13:30:00+00:00,421,6330,2393.906369375948,3621.0442505247593,4754.593222152777,7444.498722686446,9397.657132902019,12472.705449287374,16292.323283074866,18934.75178244757,21236.732721451004,23841.470930120093,28258.804430510718,31403.456587008874,37932.383278934445,41290.51971968744,43947.089452224194,47505.631289623736,48901.43707651748,50971.35850481973,53832.68734650088,71959.74139773166,26695.675604924596
2025-07-31 13:45:00+00:00,422,6345,2859.671812411212,3836.525341269709,5158.574966266676,7330.103821539064,9480.584498237782,12306.209301353976,15849.352081779034,18122.038458262272,20711.71777106758,23274.32508302966,27882.34373511412,31930.360907763985,38676.718534664535,40342.74889192556,43632.76993710587,45859.744916929565,47321.247643431234,49001.90022079183,51679.6022955147,68714.8933789834,26177.718026197337
2025-07-31 14:00:00+00:00,423,6360,2717.1785606477997,3627.826758723337,4760.980729000465,6719.197876748363,8817.569649229681,11327.315840229181,14432.436989762466,16853.852603058953,19129.910210537033,21313.28625129816,26655.88358718718,30825.32870463245,36984.83913403085,38663.9399275079,41971.32045958004,43730.739007999844,45138.83968320718,46630.80301959838,49059.18587492123,65222.60265144109,24812.13892639231
2025-07-31 14:15:00+00:00,424,6375,2949.107965107661,3622.709056488734,4720.542817348351,6537.924508987188,8230.54906674927,10584.47531789256,13322.526093014065,16332.961290683637,17939.89833638235,19847.179915440458,25907.972933648827,31534.25563088056,35687.22533805657,37277.705713888936,39929.39218773415,41604.90083677661,43004.713834909,44603.98007354624,46385.60734757759,61505.64962319341,23807.915313396054
2025-07-31 14:30:00+00:00,425,6390,3006.364224047095,3645.124187639478,4522.266233337343,5858.430001784721,7476.078218583698,9895.257318590706,11624.486900001199,15038.312182668922,16822.350322801754,18305.025350599975,24043.428560370285,29409.24592429288,33459.32071608531,35663.76176927273,37816.53434907003,39317.35850259372,40626.28516253953,42425.534950041925,44033.89506772864,57589.05880787902,22373.991090278098
2025-07-31 14:45:00+00:00,426,6405,2297.6196560001044,3062.0041916996174,3781.3826192473443,5048.3342454972535,6850.413801339718,9032.471546386192,12054.994489284969,14151.51527003018,16402.000463993565,19376.125225159107,25620.325970472626,29036.10717274786,30763.21721219113,32914.133231477856,35130.211330205326,36692.67986480517,37974.16578654883,39833.894834159015,41137.389714072015,53545.27452232861,21355.171564351996
2025-07-31 15:00:00+00:00,427,6420,1971.6138234837247,2659.5048531768944,3670.719065313356,5271.561440497411,6493.443100687604,8887.208247297449,11365.38393313088,13696.554856833207,15407.520610050122,20226.69835891488,23927.420958864826,26225.500694170012,28319.506742647605,31112.581640177516,32631.862503919667,33609.06399596058,34843.71778219495,36155.87824712242,37558.27391301333,49323.769400910314,19859.183790529878
2025-07-31 15:15:00+00:00,428,6435,2184.4168850078536,2852.540171318144,4037.4565923435043,5340.844910449163,6505.080935710226,8783.676261940864,11255.434903085696,13610.991754058055,17889.807550027144,20986.664423075355,22655.878707874817,24867.504627015813,26586.88902442026,28785.912800125716,29713.534369548684,30835.736710957943,31959.87504017327,33030.35186166426,34115.37567763048,44957.406518901065,18855.64130398581
2025-07-31 15:30:00+00:00,429,6450,2247.6027784260705,3156.5822266768396,4713.898408618124,5621.758756856658,7688.1303085320105,9833.220045386652,12184.26514492249,15326.237582000178,17877.762226371942,20293.96705529167,21562.80574318346,23389.127948414796,24923.39874006525,26513.904895505326,27388.641478546127,28088.726163452324,29354.843213351724,30315.00101945652,30885.889723333235,40517.04631925263,18047.09617636235
2025-07-31 15:45:00+00:00,430,6465,2609.768436492274,4080.9455608027292,5294.103616965423,7191.988197166417,9157.431578245778,11293.31534704815,13560.072720891108,15920.907371496463,17648.405028268193,19188.1727429854,20051.956579562426,21436.465938025376,22472.166456713698,23698.243828543524,24735.535726138165,25488.12663015519,26544.143417677362,27311.328192595254,28396.70605728759,36042.085045582164,17181.9946549132
2025-07-31 16:00:00+00:00,431,6480,2933.9758343979597,4416.484872582868,5838.3204187098345,7470.464442408655,9513.521389863012,11103.143750513338,13132.066889939098,14378.966427460313,16002.264266592867,17084.962926155386,18022.905591239298,18906.60961283687,19798.23507647328,20798.89310888365,21401.83431274398,22421.797261179363,23548.77628554071,24125.691347592965,24916.36907534423,31576.236617695755,15564.878076793932
2025-07-31 16:15:00+00:00,432,6495,2585.7178994897176,3792.684240829799,5329.194837138561,6715.642742770371,8536.19146130608,10026.992287941,11629.582706684352,12546.685036912082,13909.723513293357,14738.071613150209,15704.807355003137,16308.449098266467,16942.83205948295,17794.029259950894,18300.82768443526,19169.014488545043,20152.109931442563,20740.055279383767,21450.174487042972,27168.372577254726,13485.070844071055
2025-07-31 16:30:00+00:00,433,6510,2308.0267065915277,3545.899496543878,4920.875925890888,6322.263258110006,7528.085422549871,8529.461551890228,9917.176413033236,10659.559680547312,11700.826781590875,12370.97764902715,13105.48984775581,13674.679028480265,14155.847870373223,14823.979080921505,15318.278644162114,15998.22079117101,16864.87785423341,17411.21954622873,18042.234215188073,22873.512460316146,11419.638950223394
2025-07-31 16:45:00+00:00,434,6525,1758.160301332989,2864.070225069037,3967.125342161243,5156.774325930228,6054.767917152026,6864.194381157983,7805.192935258322,8340.026468922608,9146.816921057482,9783.036924778457,10202.04729119517,10932.060416066803,11270.206607596874,11733.808255635131,12252.404413705224,12927.561991131644,13522.476007103453,14140.069714034591,14673.378806464556,18675.834026340624,9126.0417255138
2025-07-31 17:00:00+00:00,435,6540,1429.4716132389003,2409.407594638101,3359.7925590722302,4235.20072918432,4803.987711975533,5296.941517539181,5977.583522850149,6450.045658226063,6950.792490693099,7404.273217243137,7800.965026841818,8229.946934147285,8711.945895744413,8975.851871297864,9384.101982774331,9722.030389113448,10214.063625831976,10878.178093210227,11415.877552263677,14690.650301986296,7072.194169330831
2025-07-31 17:15:00+00:00,436,6555,971.6238182347919,1906.4681203745604,2552.5938154354617,3076.6264778001714,3373.647849147131,3737.6229093797597,4010.905431994631,4533.755062529919,4811.643809133945,5275.831761829152,5531.357132165129,5785.551643673026,6062.507962352037,6402.827663058248,6644.768265581895,6987.782525289289,7418.315291712689,7798.137746371732,8300.374026908317,11084.893525121664,5051.301355499372
2025-07-31 17:30:00+00:00,437,6570,610.3159469967135,1231.0729061602601,1699.8186089841959,2111.6887170283303,2318.6319938756246,2599.574649351911,2806.959258756354,3105.619095734104,3294.4474705135726,3450.8904258685184,3713.007094479241,3923.0620938718275,4086.5203094593776,4305.776332354939,4551.321373389404,4762.2386694284205,5030.183760593268,5390.659061913203,5791.743908868783,7848.711123651216,3445.2464836653676
2025-07-31 17:45:00+00:00,438,6585,364.0067648146896,766.0116390039619,1020.6698812729795,1361.2516145749858,1477.5670736484037,1644.6107509071473,1799.5653065298993,1995.8924740781506,2118.9784968711447,2212.78217004322,2398.706775878397,2491.2872635352896,2608.5683406548096,2765.7591103195286,2938.282507242406,3095.85803154606,3265.1306826687983,3515.748360369083,3777.4641140402573,5206.487404294983,2221.5894967650015
2025-07-31 18:00:00+00:00,439,6600,252.9023391824762,593.3673687634953,800.526477878042,1078.6163151572089,1165.8012870495575,1291.3886966578282,1399.5157594176949,1526.5865404537017,1626.2426187101821,1708.4183883896644,1838.4614413521192,1921.267837106771,2016.5459326034602,2155.2896447611756,2286.9036825611934,2409.764603504834,2545.4336959847583,2752.6340447485263,2969.7165446081294,4134.799063608044,1727.9512514217754
2025-07-31 18:15:00+00:00,440,6615,177.537195860114,425.1916188686776,688.5490918385073,816.9253262530538,936.9015181969061,1023.9831759976075,1076.0656642976498,1135.7492360809401,1239.40505202767,1314.4802520573821,1365.0449065065463,1412.742092867031,1502.4192931658017,1595.0435045098232,1658.1756126312662,1746.4106620676941,1852.8795805193656,1930.2471900545013,2186.95720758074,3152.9245592913535,1276.0355696753338
2025-07-31 18:30:00+00:00,441,6630,116.69560509357008,268.1426262176251,445.3407645186616,531.5631199140452,589.7454312926795,643.5878689550441,688.0225660898435,732.8395097607605,771.6100721420878,844.7922722464309,878.1592650437346,916.0167784433401,981.862499157472,1036.1623136672947,1079.9408244918484,1130.7479623560757,1213.9564906300286,1278.5490431753376,1399.8986935536786,2078.8528041982863,824.6511984837241
2025-07-31 18:45:00+00:00,442,6645,59.53156801879555,134.33659316313023,199.19889949571478,239.19675332700788,266.29031554958505,284.4748322903135,304.30466019421016,321.2000212928137,337.7728731344132,374.8143182801783,387.1327043568341,404.4849735593707,434.62975631779653,458.3080916857562,476.89323767811857,496.09357255642226,535.9711129217065,562.0884413508445,618.5304786733715,916.8913473946341,365.62673414616546
2025-07-31 19:00:00+00:00,443,6660,2.212801463035236,6.719740348827673,11.559637409590147,13.610975664150763,15.33874936513654,16.601644944720327,17.81389386995987,18.984645366583784,20.01155291111348,21.168514757053536,23.331994553739367,24.600014595808144,26.07802953064234,27.699576799068478,28.818084657514706,30.20072052996236,32.68169575479157,34.20624316147965,40.64412148061962,58.19719275510406,21.897960558146707
2025-07-31 19:15:00+00:00,444,6675,0.0,0.0,0.0,0.0,0.0,0.0,0.0,0.0,0.0,0.0,0.0,0.0,0.0,0.0,0.0,0.0,0.0,0.0,0.0,0.0,0.0
2025-07-31 19:30:00+00:00,445,6690,0.0,0.0,0.0,0.0,0.0,0.0,0.0,0.0,0.0,0.0,0.0,0.0,0.0,0.0,0.0,0.0,0.0,0.0,0.0,0.0,0.0
2025-07-31 19:45:00+00:00,446,6705,0.0,0.0,0.0,0.0,0.0,0.0,0.0,0.0,0.0,0.0,0.0,0.0,0.0,0.0,0.0,0.0,0.0,0.0,0.0,0.0,0.0
2025-07-31 20:00:00+00:00,447,6720,0.0,0.0,0.0,0.0,0.0,0.0,0.0,0.0,0.0,0.0,0.0,0.0,0.0,0.0,0.0,0.0,0.0,0.0,0.0,0.0,0.0
2025-07-31 20:15:00+00:00,448,6735,0.0,0.0,0.0,0.0,0.0,0.0,0.0,0.0,0.0,0.0,0.0,0.0,0.0,0.0,0.0,0.0,0.0,0.0,0.0,0.0,0.0
2025-07-31 20:30:00+00:00,449,6750,0.0,0.0,0.0,0.0,0.0,0.0,0.0,0.0,0.0,0.0,0.0,0.0,0.0,0.0,0.0,0.0,0.0,0.0,0.0,0.0,0.0
2025-07-31 20:45:00+00:00,450,6765,0.0,0.0,0.0,0.0,0.0,0.0,0.0,0.0,0.0,0.0,0.0,0.0,0.0,0.0,0.0,0.0,0.0,0.0,0.0,0.0,0.0
2025-07-31 21:00:00+00:00,451,6780,0.0,0.0,0.0,0.0,0.0,0.0,0.0,0.0,0.0,0.0,0.0,0.0,0.0,0.0,0.0,0.0,0.0,0.0,0.0,0.0,0.0
2025-07-31 21:15:00+00:00,452,6795,0.0,0.0,0.0,0.0,0.0,0.0,0.0,0.0,0.0,0.0,0.0,0.0,0.0,0.0,0.0,0.0,0.0,0.0,0.0,0.0,0.0
2025-07-31 21:30:00+00:00,453,6810,0.0,0.0,0.0,0.0,0.0,0.0,0.0,0.0,0.0,0.0,0.0,0.0,0.0,0.0,0.0,0.0,0.0,0.0,0.0,0.0,0.0
2025-07-31 21:45:00+00:00,454,6825,0.0,0.0,0.0,0.0,0.0,0.0,0.0,0.0,0.0,0.0,0.0,0.0,0.0,0.0,0.0,0.0,0.0,0.0,0.0,0.0,0.0
2025-07-31 22:00:00+00:00,455,6840,0.0,0.0,0.0,0.0,0.0,0.0,0.0,0.0,0.0,0.0,0.0,0.0,0.0,0.0,0.0,0.0,0.0,0.0,0.0,0.0,0.0
2025-07-31 22:15:00+00:00,456,6855,0.0,0.0,0.0,0.0,0.0,0.0,0.0,0.0,0.0,0.0,0.0,0.0,0.0,0.0,0.0,0.0,0.0,0.0,0.0,0.0,0.0
2025-07-31 22:30:00+00:00,457,6870,0.0,0.0,0.0,0.0,0.0,0.0,0.0,0.0,0.0,0.0,0.0,0.0,0.0,0.0,0.0,0.0,0.0,0.0,0.0,0.0,0.0
2025-07-31 22:45:00+00:00,458,6885,0.0,0.0,0.0,0.0,0.0,0.0,0.0,0.0,0.0,0.0,0.0,0.0,0.0,0.0,0.0,0.0,0.0,0.0,0.0,0.0,0.0
2025-07-31 23:00:00+00:00,459,6900,0.0,0.0,0.0,0.0,0.0,0.0,0.0,0.0,0.0,0.0,0.0,0.0,0.0,0.0,0.0,0.0,0.0,0.0,0.0,0.0,0.0
2025-07-31 23:15:00+00:00,460,6915,0.0,0.0,0.0,0.0,0.0,0.0,0.0,0.0,0.0,0.0,0.0,0.0,0.0,0.0,0.0,0.0,0.0,0.0,0.0,0.0,0.0
2025-07-31 23:30:00+00:00,461,6930,0.0,0.0,0.0,0.0,0.0,0.0,0.0,0.0,0.0,0.0,0.0,0.0,0.0,0.0,0.0,0.0,0.0,0.0,0.0,0.0,0.0
2025-07-31 23:45:00+00:00,462,6945,0.0,0.0,0.0,0.0,0.0,0.0,0.0,0.0,0.0,0.0,0.0,0.0,0.0,0.0,0.0,0.0,0.0,0.0,0.0,0.0,0.0
2025-08-01 00:00:00+00:00,463,6960,0.0,0.0,0.0,0.0,0.0,0.0,0.0,0.0,0.0,0.0,0.0,0.0,0.0,0.0,0.0,0.0,0.0,0.0,0.0,0.0,0.0
2025-08-01 00:15:00+00:00,464,6975,0.0,0.0,0.0,0.0,0.0,0.0,0.0,0.0,0.0,0.0,0.0,0.0,0.0,0.0,0.0,0.0,0.0,0.0,0.0,0.0,0.0
2025-08-01 00:30:00+00:00,465,6990,0.0,0.0,0.0,0.0,0.0,0.0,0.0,0.0,0.0,0.0,0.0,0.0,0.0,0.0,0.0,0.0,0.0,0.0,0.0,0.0,0.0
2025-08-01 00:45:00+00:00,466,7005,0.0,0.0,0.0,0.0,0.0,0.0,0.0,0.0,0.0,0.0,0.0,0.0,0.0,0.0,0.0,0.0,0.0,0.0,0.0,0.0,0.0
2025-08-01 01:00:00+00:00,467,7020,0.0,0.0,0.0,0.0,0.0,0.0,0.0,0.0,0.0,0.0,0.0,0.0,0.0,0.0,0.0,0.0,0.0,0.0,0.0,0.0,0.0
2025-08-01 01:15:00+00:00,468,7035,0.0,0.0,0.0,0.0,0.0,0.0,0.0,0.0,0.0,0.0,0.0,0.0,0.0,0.0,0.0,0.0,0.0,0.0,0.0,0.0,0.0
2025-08-01 01:30:00+00:00,469,7050,0.0,0.0,0.0,0.0,0.0,0.0,0.0,0.0,0.0,0.0,0.0,0.0,0.0,0.0,0.0,0.0,0.0,0.0,0.0,0.0,0.0
2025-08-01 01:45:00+00:00,470,7065,0.0,0.0,0.0,0.0,0.0,0.0,0.0,0.0,0.0,0.0,0.0,0.0,0.0,0.0,0.0,0.0,0.0,0.0,0.0,0.0,0.0
2025-08-01 02:00:00+00:00,471,7080,0.0,0.0,0.0,0.0,0.0,0.0,0.0,0.0,0.0,0.0,0.0,0.0,0.0,0.0,0.0,0.0,0.0,0.0,0.0,0.0,0.0
2025-08-01 02:15:00+00:00,472,7095,0.0,0.0,0.0,0.0,0.0,0.0,0.0,0.0,0.0,0.0,0.0,0.0,0.0,0.0,0.0,0.0,0.0,0.0,0.0,0.0,0.0
2025-08-01 02:30:00+00:00,473,7110,0.0,0.0,0.0,0.0,0.0,0.0,0.0,0.0,0.0,0.0,0.0,0.0,0.0,0.0,0.0,0.0,0.0,0.0,0.0,0.0,0.0
2025-08-01 02:45:00+00:00,474,7125,0.0,0.0,0.0,0.0,0.0,0.0,0.0,0.0,0.0,0.0,0.0,0.0,0.0,0.0,0.0,0.0,0.0,0.0,0.0,0.0,0.0
2025-08-01 03:00:00+00:00,475,7140,0.0,0.0,0.0,0.0,0.0,0.0,0.0,0.0,0.0,0.0,0.0,0.0,0.0,0.0,0.0,0.0,0.0,0.0,0.0,0.0,0.0
2025-08-01 03:15:00+00:00,476,7155,0.0,0.0,0.0,0.0,0.0,0.0,0.0,0.0,0.0,0.0,0.0,0.0,0.0,0.0,0.0,0.0,0.0,0.0,0.0,0.0,0.0
2025-08-01 03:30:00+00:00,477,7170,0.0,0.0,0.01242920698569054,0.03824371380212469,0.06405822061855884,0.1980707364326066,0.5235790637881816,0.7740704988295404,1.1227013052702324,1.397480744523327,1.792341887167851,2.0382985017517887,2.432043582977471,2.7017223336608542,2.9602349269302954,3.1699037797624032,3.521360436726346,3.90012460041258,4.445129713597459,7.150888819338305,1.7539524600273655
2025-08-01 03:45:00+00:00,478,7185,0.0,0.23438969045890912,3.1216445138390982,6.008899337219286,14.25139378339772,38.67036916768656,67.78006896007552,88.46139199254081,114.2720027126124,144.78382503184432,178.7064869323884,202.39296068552358,239.0644855895659,258.07297578090316,279.76109149491975,301.11633866635185,330.3200753176176,360.1057611783415,409.4401595336034,635.7007092143606,169.74319049438728
2025-08-01 04:00:00+00:00,479,7200,0.0,2.7217372126008135,13.219866461203962,45.44337331341918,84.0128605955459,142.7528763531231,229.88917406156793,297.9110205871045,378.4071801349985,488.22154009133044,570.1082326069566,661.0822238190248,754.4221908134958,828.6969822433061,874.6786459609457,940.2232807958221,1023.0955100392754,1122.4092511807112,1234.3603342631147,1844.930912080592,537.5108823217182
