horizon,horizon_num,horizon_minutes,p_05,p_10,p_15,p_20,p_25,p_30,p_35,p_40,p_45,p_50,p_55,p_60,p_65,p_70,p_75,p_80,p_85,p_90,p_95,clear_sky,deterministic
2025-08-23 13:45:00+00:00,0,15,5901.157057896859,7229.646102479022,8461.897330974745,9520.315340949224,10225.845004178638,10973.475373537665,12186.619174369402,12835.967185519432,13639.352380489494,14490.36081743936,15389.398931680174,16106.54717745207,17085.353018655416,18273.14831915302,19297.644237381664,22311.816414743054,24335.94492583458,27264.997317557507,31626.99729539156,63425.83101540946,16526.776266626377
2025-08-23 14:00:00+00:00,1,30,3046.6276265822926,4071.031078523754,4725.524834160747,5395.866630171853,5933.643062133087,6960.856817783924,7366.632726951999,7996.239720707019,8541.207065766912,9424.344622054872,10556.799106261544,11281.886145554758,12156.810126699474,13071.66121344511,13884.89581106039,15852.1510142461,17471.194498577195,21588.828046526483,26506.057451338085,59876.55810902554,11365.010932298035
2025-08-23 14:15:00+00:00,2,45,1783.0280551303722,2709.6193643767015,3048.780211155672,3623.127248414539,4120.71836142051,4501.078053068896,4975.786521157906,5625.236388185138,6052.79596092031,6551.184924304417,6981.16946169747,7654.358275209496,8727.913548395638,9412.71551993956,10711.794200226412,11818.077765961541,14462.453171750105,18110.822582715686,24707.770485471567,55998.24378599341,8736.046585824402
2025-08-23 14:30:00+00:00,3,60,0.0,19.711245004356435,120.23859452657422,220.76594404879194,321.29329357100966,623.2937653991557,1146.1708220046603,1531.1928119344636,2013.1531003530263,2572.805808657,2914.2406251321736,3365.583970927614,3746.4806454066766,4719.608245332131,5829.140585104529,6782.378268600503,8184.102864128694,11303.551513765806,15741.756236564446,51871.48424629078,4494.451779630098
2025-08-23 14:45:00+00:00,4,75,1578.9140924556777,2185.3609832973434,2501.9080414886425,2986.8282591117395,3477.6769258916443,3851.7286312119254,4381.7763811837,4795.111661674308,5206.900031388889,5529.046131912239,6026.109715145281,6577.310554112616,7452.372295532432,8176.404450244932,9047.273261872053,10089.693599394135,11906.285232419408,13806.557631743297,18252.7044068452,47580.14073166555,7281.944631767799
2025-08-23 15:00:00+00:00,5,90,6649.304889902097,9546.17616744228,10977.31169162336,12546.592369405407,14092.003558234746,15386.805285329956,16602.88483278043,17992.613530109615,18829.707560874416,20036.242099286803,21073.03375596502,22619.217304380596,23619.285577859828,24823.588782297327,26173.353504355702,27253.0543388946,29197.71497830787,31192.86329497966,32788.70501798927,43158.70723111533,20079.59679505871
2025-08-23 15:15:00+00:00,6,105,3119.0632612014565,3726.2135316206786,4582.451641157778,5455.6008667828355,6069.7684672721525,7115.996418826332,8012.062404832739,9086.282826639219,9797.530170473294,10664.864014377281,11432.102554979838,12895.81823018723,14216.437356238312,16378.916766764252,17948.690423905464,19210.45716134293,21880.9331972319,24125.381833165182,28390.833120309584,38645.705487993335,12629.44069324541
2025-08-23 15:30:00+00:00,7,120,3114.9274780693404,3449.5368619062137,4107.15673385988,4790.130472336971,5539.585476811968,6379.004338145685,7139.635169137885,8071.009485340434,8784.00700329019,9565.468305918133,10324.03589871012,11931.516118677038,12895.267339568047,14532.483525031292,15782.521707784439,16933.462937429897,18780.048695005742,21525.323492332314,25180.239671346164,34084.54230206219,11293.14046738278
2025-08-23 15:45:00+00:00,8,135,2834.80215886877,3325.6318349618136,3965.1394944522763,4505.229323122069,5084.626031873804,5575.360251075744,6420.999550270934,7210.879838817797,8025.300297483553,8556.9496472681,9220.856030108136,10730.973820606625,11462.66128247946,12948.339993076099,13639.949363542464,14866.401359425252,17042.7263114521,18790.479224643106,22251.720660214563,29524.654894223488,10052.647994782814
2025-08-23 16:00:00+00:00,9,150,2505.0259795561615,3092.430269588023,3565.85093002268,4271.3702782630135,4619.561010816005,5115.159017670949,5820.255387645165,6381.819670059235,6875.376494364106,7323.325486903409,7743.736453639605,8448.977305546608,9648.124285562186,10983.22958162502,11649.164986567803,12657.273588289765,14802.413826672617,16213.49602943659,18085.247819537486,25000.29142933252,8610.602864635142
2025-08-23 16:15:00+00:00,10,165,2320.6714455524507,2703.596056066261,3165.959728558356,3643.8858334265938,4007.6607118792494,4523.4772052542985,5109.836858840684,5685.729908493907,6074.505707680933,6582.512359960424,7207.607721732626,8057.1029673383655,8681.401127153273,9479.621780336272,10168.668898868265,11445.433643695233,12710.784353718507,13606.45707783753,16087.239060647391,20483.44435753833,7588.663592626623
2025-08-23 16:30:00+00:00,11,180,1881.1753098136892,2286.4124876535116,2803.030903496921,3153.563249644715,3524.6232215959,3980.5457480173477,4363.306362372168,4834.617582730419,5095.642645479572,5470.864689412011,6222.844245607084,6727.240798605738,7482.046841680119,7983.571256914143,8770.335480440643,9690.937979593244,10664.050395722772,11113.037308129959,12793.337686235362,16307.44348581982,6378.26421631529
2025-08-23 16:45:00+00:00,12,195,1484.8346603161178,1853.3569640574733,2310.546832407119,2484.6178691442096,2772.96391390513,3178.3125335908203,3487.828723814635,3851.273782210902,4131.451883768486,4652.552212042333,4963.248786838451,5232.819654241633,5719.193583747511,6148.708496356777,6797.385686966675,7479.649169333711,7820.731212341342,8320.106347000989,9722.966828728395,12395.205798306908,4951.03139870186
2025-08-23 17:00:00+00:00,13,210,1158.0121052817753,1431.5506434357246,1726.808403243964,1942.629921176252,2245.4982427918626,2449.325685001321,2699.779298665763,2913.3053330798025,3062.705213556612,3515.256884702482,3783.4211812750027,4187.427662622573,4405.052263508646,4797.857560331664,5347.845340257738,5539.590796420752,5829.923383127817,6134.025573034854,6619.435674730543,8837.540555685766,3726.0580809950197
2025-08-23 17:15:00+00:00,14,225,828.8572064510707,1083.5650783371868,1215.6699993157192,1368.8137450870772,1511.218208098226,1649.8685322291733,1826.8515100320806,1916.1600634150586,2029.4950566473487,2312.46813051272,2406.0778901320177,2624.415388803058,2771.008481985637,2964.374597784852,3341.0939949175195,3565.9634791864673,3768.8454510226293,3927.9364977228206,4316.695938309253,5736.5808784426235,2430.0451296601027
2025-08-23 17:30:00+00:00,15,240,529.817385871762,609.2228820787548,730.5903923358366,817.2558067755112,938.9484439957965,1039.5955679262604,1118.7767114568976,1204.0754263091108,1241.648153289321,1399.9653447793012,1469.554038663549,1571.9004039508204,1703.0136992705825,1820.3809884812913,2031.4920582404354,2188.367899072429,2270.224944693648,2367.2275184259906,2764.5317916909416,3476.0733633924046,1486.702764626286
2025-08-23 17:45:00+00:00,16,255,379.48980873847245,441.6749962534304,510.16979682542717,567.1321181081626,638.7411879767548,708.0867671784426,750.5461079573603,796.0104169616012,825.0252991728199,878.2262002012425,945.3105496955839,990.9601701158379,1079.825588078029,1159.8042362472995,1236.2840502086565,1382.7754943485609,1461.4037991258967,1542.336874392729,1605.4073710554217,2256.840937855952,961.8708571186912
2025-08-23 18:00:00+00:00,17,270,185.16444894279886,212.38704780950755,243.99924433888984,277.4249647590942,297.17041791173654,329.69171671364944,351.9806703098718,374.2289605078128,386.70494106047613,426.31552317425684,447.1682251269587,470.86952378198475,512.9663584079572,545.3558706838667,575.3090653352558,632.3717221659555,674.1009275112627,701.5761099861363,752.2939378334662,1032.2756797514044,452.67860573238863
2025-08-23 18:15:00+00:00,18,285,10.227770864333982,13.39674029767793,16.13232829507427,19.186834667473484,21.219877446580867,23.1032526748239,24.71923237135734,25.62511918791969,27.014625662799766,29.352023929498618,30.53048334607764,32.542734181951566,35.051828517517485,36.71003506340911,38.09672479726369,40.40597585510886,42.78190758806904,45.02602779306637,49.62104277619361,63.175047186402175,29.81457146816775
2025-08-23 18:30:00+00:00,19,300,0.0,0.0,0.0,0.0,0.0,0.0,0.0,0.0,0.0,0.0,0.0,0.0,0.0,0.0,0.0,0.0,0.0,0.0,0.0,0.0,0.0
2025-08-23 18:45:00+00:00,20,315,0.0,0.0,0.0,0.0,0.0,0.0,0.0,0.0,0.0,0.0,0.0,0.0,0.0,0.0,0.0,0.0,0.0,0.0,0.0,0.0,0.0
2025-08-23 19:00:00+00:00,21,330,0.0,0.0,0.0,0.0,0.0,0.0,0.0,0.0,0.0,0.0,0.0,0.0,0.0,0.0,0.0,0.0,0.0,0.0,0.0,0.0,0.0
2025-08-23 19:15:00+00:00,22,345,0.0,0.0,0.0,0.0,0.0,0.0,0.0,0.0,0.0,0.0,0.0,0.0,0.0,0.0,0.0,0.0,0.0,0.0,0.0,0.0,0.0
2025-08-23 19:30:00+00:00,23,360,0.0,0.0,0.0,0.0,0.0,0.0,0.0,0.0,0.0,0.0,0.0,0.0,0.0,0.0,0.0,0.0,0.0,0.0,0.0,0.0,0.0
2025-08-23 19:45:00+00:00,24,375,0.0,0.0,0.0,0.0,0.0,0.0,0.0,0.0,0.0,0.0,0.0,0.0,0.0,0.0,0.0,0.0,0.0,0.0,0.0,0.0,0.0
2025-08-23 20:00:00+00:00,25,390,0.0,0.0,0.0,0.0,0.0,0.0,0.0,0.0,0.0,0.0,0.0,0.0,0.0,0.0,0.0,0.0,0.0,0.0,0.0,0.0,0.0
2025-08-23 20:15:00+00:00,26,405,0.0,0.0,0.0,0.0,0.0,0.0,0.0,0.0,0.0,0.0,0.0,0.0,0.0,0.0,0.0,0.0,0.0,0.0,0.0,0.0,0.0
2025-08-23 20:30:00+00:00,27,420,0.0,0.0,0.0,0.0,0.0,0.0,0.0,0.0,0.0,0.0,0.0,0.0,0.0,0.0,0.0,0.0,0.0,0.0,0.0,0.0,0.0
2025-08-23 20:45:00+00:00,28,435,0.0,0.0,0.0,0.0,0.0,0.0,0.0,0.0,0.0,0.0,0.0,0.0,0.0,0.0,0.0,0.0,0.0,0.0,0.0,0.0,0.0
2025-08-23 21:00:00+00:00,29,450,0.0,0.0,0.0,0.0,0.0,0.0,0.0,0.0,0.0,0.0,0.0,0.0,0.0,0.0,0.0,0.0,0.0,0.0,0.0,0.0,0.0
2025-08-23 21:15:00+00:00,30,465,0.0,0.0,0.0,0.0,0.0,0.0,0.0,0.0,0.0,0.0,0.0,0.0,0.0,0.0,0.0,0.0,0.0,0.0,0.0,0.0,0.0
2025-08-23 21:30:00+00:00,31,480,0.0,0.0,0.0,0.0,0.0,0.0,0.0,0.0,0.0,0.0,0.0,0.0,0.0,0.0,0.0,0.0,0.0,0.0,0.0,0.0,0.0
2025-08-23 21:45:00+00:00,32,495,0.0,0.0,0.0,0.0,0.0,0.0,0.0,0.0,0.0,0.0,0.0,0.0,0.0,0.0,0.0,0.0,0.0,0.0,0.0,0.0,0.0
2025-08-23 22:00:00+00:00,33,510,0.0,0.0,0.0,0.0,0.0,0.0,0.0,0.0,0.0,0.0,0.0,0.0,0.0,0.0,0.0,0.0,0.0,0.0,0.0,0.0,0.0
2025-08-23 22:15:00+00:00,34,525,0.0,0.0,0.0,0.0,0.0,0.0,0.0,0.0,0.0,0.0,0.0,0.0,0.0,0.0,0.0,0.0,0.0,0.0,0.0,0.0,0.0
2025-08-23 22:30:00+00:00,35,540,0.0,0.0,0.0,0.0,0.0,0.0,0.0,0.0,0.0,0.0,0.0,0.0,0.0,0.0,0.0,0.0,0.0,0.0,0.0,0.0,0.0
2025-08-23 22:45:00+00:00,36,555,0.0,0.0,0.0,0.0,0.0,0.0,0.0,0.0,0.0,0.0,0.0,0.0,0.0,0.0,0.0,0.0,0.0,0.0,0.0,0.0,0.0
2025-08-23 23:00:00+00:00,37,570,0.0,0.0,0.0,0.0,0.0,0.0,0.0,0.0,0.0,0.0,0.0,0.0,0.0,0.0,0.0,0.0,0.0,0.0,0.0,0.0,0.0
2025-08-23 23:15:00+00:00,38,585,0.0,0.0,0.0,0.0,0.0,0.0,0.0,0.0,0.0,0.0,0.0,0.0,0.0,0.0,0.0,0.0,0.0,0.0,0.0,0.0,0.0
2025-08-23 23:30:00+00:00,39,600,0.0,0.0,0.0,0.0,0.0,0.0,0.0,0.0,0.0,0.0,0.0,0.0,0.0,0.0,0.0,0.0,0.0,0.0,0.0,0.0,0.0
2025-08-23 23:45:00+00:00,40,615,0.0,0.0,0.0,0.0,0.0,0.0,0.0,0.0,0.0,0.0,0.0,0.0,0.0,0.0,0.0,0.0,0.0,0.0,0.0,0.0,0.0
2025-08-24 00:00:00+00:00,41,630,0.0,0.0,0.0,0.0,0.0,0.0,0.0,0.0,0.0,0.0,0.0,0.0,0.0,0.0,0.0,0.0,0.0,0.0,0.0,0.0,0.0
2025-08-24 00:15:00+00:00,42,645,0.0,0.0,0.0,0.0,0.0,0.0,0.0,0.0,0.0,0.0,0.0,0.0,0.0,0.0,0.0,0.0,0.0,0.0,0.0,0.0,0.0
2025-08-24 00:30:00+00:00,43,660,0.0,0.0,0.0,0.0,0.0,0.0,0.0,0.0,0.0,0.0,0.0,0.0,0.0,0.0,0.0,0.0,0.0,0.0,0.0,0.0,0.0
2025-08-24 00:45:00+00:00,44,675,0.0,0.0,0.0,0.0,0.0,0.0,0.0,0.0,0.0,0.0,0.0,0.0,0.0,0.0,0.0,0.0,0.0,0.0,0.0,0.0,0.0
2025-08-24 01:00:00+00:00,45,690,0.0,0.0,0.0,0.0,0.0,0.0,0.0,0.0,0.0,0.0,0.0,0.0,0.0,0.0,0.0,0.0,0.0,0.0,0.0,0.0,0.0
2025-08-24 01:15:00+00:00,46,705,0.0,0.0,0.0,0.0,0.0,0.0,0.0,0.0,0.0,0.0,0.0,0.0,0.0,0.0,0.0,0.0,0.0,0.0,0.0,0.0,0.0
2025-08-24 01:30:00+00:00,47,720,0.0,0.0,0.0,0.0,0.0,0.0,0.0,0.0,0.0,0.0,0.0,0.0,0.0,0.0,0.0,0.0,0.0,0.0,0.0,0.0,0.0
2025-08-24 01:45:00+00:00,48,735,0.0,0.0,0.0,0.0,0.0,0.0,0.0,0.0,0.0,0.0,0.0,0.0,0.0,0.0,0.0,0.0,0.0,0.0,0.0,0.0,0.0
2025-08-24 02:00:00+00:00,49,750,0.0,0.0,0.0,0.0,0.0,0.0,0.0,0.0,0.0,0.0,0.0,0.0,0.0,0.0,0.0,0.0,0.0,0.0,0.0,0.0,0.0
2025-08-24 02:15:00+00:00,50,765,0.0,0.0,0.0,0.0,0.0,0.0,0.0,0.0,0.0,0.0,0.0,0.0,0.0,0.0,0.0,0.0,0.0,0.0,0.0,0.0,0.0
2025-08-24 02:30:00+00:00,51,780,0.0,0.0,0.0,0.0,0.0,0.0,0.0,0.0,0.0,0.0,0.0,0.0,0.0,0.0,0.0,0.0,0.0,0.0,0.0,0.0,0.0
2025-08-24 02:45:00+00:00,52,795,0.0,0.0,0.0,0.0,0.0,0.0,0.0,0.0,0.0,0.0,0.0,0.0,0.0,0.0,0.0,0.0,0.0,0.0,0.0,0.0,0.0
2025-08-24 03:00:00+00:00,53,810,0.0,0.0,0.0,0.0,0.0,0.0,0.0,0.0,0.0,0.0,0.0,0.0,0.0,0.0,0.0,0.0,0.0,0.0,0.0,0.0,0.0
2025-08-24 03:15:00+00:00,54,825,0.0,0.0,0.0,0.0,0.0,0.0,0.0,0.0,0.0,0.0,0.0,0.0,0.0,0.0,0.0,0.0,0.0,0.0,0.0,0.0,0.0
2025-08-24 03:30:00+00:00,55,840,0.0,0.0,0.0,0.0,0.0,0.0,0.0,0.0,0.0,0.0,0.0,0.0,0.0,0.0,0.0,0.0,0.0,0.0,0.0,0.0,0.0
2025-08-24 03:45:00+00:00,56,855,0.0,0.0,0.0,0.0,0.0,0.0,0.0,0.0,0.0,0.0,0.0,0.0,0.0,0.0,0.0,0.0,0.0,0.0,0.0,0.0,0.0
2025-08-24 04:00:00+00:00,57,870,0.0,0.0,0.0,0.0,0.0,0.0,0.0,0.0,0.0,0.0,0.0,0.0,0.0,0.0,0.0,0.0,0.0,0.0,0.0,0.0,0.0
2025-08-24 04:15:00+00:00,58,885,0.0,0.4129183887674934,1.247125133642362,2.0813318785172306,3.8489139379930357,6.295396369496672,8.553505662611043,10.350301612497615,12.779684632898258,15.281282867048708,17.36611530295464,19.86190247103846,24.210538159556926,31.063463513374387,37.934192245916314,52.19319361741741,73.97031212528695,97.17122944448457,119.64788484899154,205.1555659162416,32.30669528550058
2025-08-24 04:30:00+00:00,59,900,0.5343359809469537,10.419551628465596,27.217085056673575,56.19540501568112,83.93151303597001,103.01854916574764,129.38832346429064,189.44346015848993,303.8473954457453,495.7613388596943,604.6757538044483,673.0634015521285,734.1994735982324,808.2936552426818,839.491344783295,854.055443138295,880.573475843353,902.7583787759552,1018.4699481091981,1420.174258628678,474.19759594561384
2025-08-24 04:45:00+00:00,60,915,350.52539219189316,550.622584479059,713.4997111646067,911.557124047642,1024.9141420402382,1183.5840770206103,1259.7385540809023,1386.2793414110797,1495.0302773966685,1581.5055652452431,1647.7442778908796,1724.121625662615,1806.4233163606,1882.7978116330326,1933.9343912963227,1993.222269162695,2034.558156746621,2151.2839382565803,2351.3780302647974,2934.439986599444,1479.300199704997
2025-08-24 05:00:00+00:00,61,930,1106.7115909557922,1706.4329653353752,2082.1233629686967,2485.5516945923414,2693.453873026837,2841.623785980628,3007.2509243329955,3109.322962374413,3238.938073766472,3324.8441489915635,3398.940039281205,3536.1181390969937,3654.6244161057916,3753.4611806672033,3819.092062521397,3919.5653759577053,4047.1366445064664,4224.704612441328,4462.869659692927,5574.225654881867,3178.341928548956
2025-08-24 05:15:00+00:00,62,945,1872.2174906840294,3104.9982717845855,4008.0448684842995,4423.085608831747,4776.113074125943,4948.203541338641,5136.235275909509,5319.164899291338,5469.217932738527,5627.852391974099,5807.521552571101,5946.013265412458,6078.909314067163,6175.441232438923,6312.49678673063,6460.949198085851,6730.517549283967,6957.398813234145,7249.5538543493285,8864.556192754268,5374.1465739838095
2025-08-24 05:30:00+00:00,63,960,2797.8909703187546,4525.526815489774,5887.3377785914245,6557.923276730683,6975.911336757222,7190.798330251538,7560.161586339719,7801.466824705262,8053.559930863467,8287.649979945112,8477.461389749362,8650.49405268069,8791.869643241746,8930.099486191206,9156.255585993915,9409.120083582487,9732.379599585978,10092.130425867634,10471.781515969464,12597.06667745327,7854.554636947721
2025-08-24 05:45:00+00:00,64,975,3810.1409422510847,6273.653031546754,7904.835429180922,9069.501503458807,9468.864967208294,9928.13749681301,10321.477757429286,10600.662831233534,11021.581081169117,11272.56510107222,11480.259386956175,11696.929524047633,11855.514133933491,12040.049229534608,12330.854438540482,12811.1510623512,13153.63972760299,13631.058512576326,14096.174635754523,16667.16515473765,10656.038499062208
2025-08-24 06:00:00+00:00,65,990,4973.819088132098,8213.946660144486,11066.39159326009,11977.768401752073,12703.802563232597,13227.051849788088,13692.983346111238,14072.04073140127,14361.3645968836,14600.759658435703,14855.654068583464,15068.214544052027,15325.043155916732,15614.3645524314,16078.1239832461,16579.263290827235,17194.24748457944,17697.513340867088,18189.698101056114,20988.837749935858,13837.887199729337
2025-08-24 06:15:00+00:00,66,1005,5737.945981622489,8197.192977949971,13215.99574728276,15727.779250488935,16705.09290447594,17211.480014872737,17572.785540924102,18103.70730708852,18558.461872892967,18951.20380600554,19385.882466960185,19792.422645178525,20277.367093845427,20627.792145091687,21017.310307617834,21336.793062022567,21557.78355710228,21794.667686113575,22098.7090361079,25500.306658246165,17725.031685222286
2025-08-24 06:30:00+00:00,67,1020,6789.196497523714,9719.435316729216,16720.85069610989,19790.453220018127,20453.44146212602,20938.01494189286,21616.882508521445,22233.817504027924,22693.737626109123,23167.890252918158,23690.268496938446,24143.474304388084,24491.945136933085,24848.49686221266,25205.55272219183,25470.179415701015,25679.468207119342,26003.022679404872,26344.151042163634,30266.260424252414,21486.34252758287
2025-08-24 06:45:00+00:00,68,1035,7863.082375461401,13501.091660432341,21719.465569876145,23384.988151658148,23870.071054481716,24653.35516424205,25448.160510680304,26146.602507012816,26590.4259797878,27156.66149769519,27824.63632914873,28113.224510318098,28482.630711326805,28871.870986596106,29234.86989585108,29550.27944258044,29782.46096503985,30088.267391103243,30514.055384608306,34928.039597750445,25100.83415848796
2025-08-24 07:00:00+00:00,69,1050,9126.030414742336,15016.733161000282,24589.478404556976,26444.973981863208,27036.92472503728,27832.971576792486,28658.91865476404,29612.377198715792,30165.19205148302,30898.81955032094,31502.619553564942,31855.379118129647,32298.222937830702,32744.94764208327,33148.54738035039,33492.6492662006,33737.579198240426,34207.950888616295,34744.15803428803,39565.33724107947,28371.097593967752
2025-08-24 07:15:00+00:00,70,1065,10501.051589452234,16853.327746141676,26800.479723998185,29548.6475491964,30407.396150363635,31210.844597432173,32061.65294039918,33436.921191861584,33891.51417991776,34487.53977184295,35323.153785840725,35667.32465925695,36063.99676981272,36524.11006349201,37037.997914091124,37509.16754325932,37899.62085255677,38401.551659314435,38877.62641770617,44129.701852912774,31766.170558307233
2025-08-24 07:30:00+00:00,71,1080,12263.20975724431,18766.59270829942,28503.171559577953,32003.658578241604,33676.67121648306,34536.652568026504,35422.55254775781,36979.497147590075,37614.99008071733,38214.658102522546,39040.522601103934,39430.47380893519,39767.93807553405,40221.47466171817,40807.83505775211,41378.61784614923,41882.91834304985,42514.30516891137,43078.713186891015,48579.16207263445,35002.24368390288
2025-08-24 07:45:00+00:00,72,1095,8685.159776900757,18142.053462634354,30684.833340888723,35176.91461408623,36371.132026808766,37446.094432660015,38379.93112039244,39970.27430591348,40812.2007247732,41440.53612643044,42251.75394410382,42625.79274546021,42944.47807383414,43337.734364880685,43877.4375557024,44572.48455093469,45219.966840038986,45959.78420344636,46666.92540876342,52876.8454759039,37455.87967813523
2025-08-24 08:00:00+00:00,73,1110,9123.531817151033,19802.84309329724,32385.377179124647,36027.84438866977,38529.850748669174,39661.17675464407,40810.21672691249,42006.14919192393,43510.06966411079,44309.32419009041,45096.2841944634,45563.25226764009,45907.850808157425,46267.33608680019,46774.32514728379,47466.72738858884,48451.05064660659,49196.222558242844,50115.68487609367,56989.98040585153,39866.55190197396
2025-08-24 08:15:00+00:00,74,1125,8975.542536951309,19418.97632368055,24323.4279209688,32907.1434455932,37557.731281965316,40701.87084330698,41939.668685683064,43381.49572567443,45463.04986899857,46356.734952916544,46980.77972066822,47588.1467700756,48116.01753318066,48398.19906735328,48643.51753942266,49045.92976251943,49652.003597348266,50709.48656932948,51657.94832568339,60889.191699872325,40434.13026827273
2025-08-24 08:30:00+00:00,75,1140,9342.962357727973,21131.826091748582,28915.07916274244,35838.80386760103,39395.998554297985,42736.55237297794,43862.722232323285,45967.810646044236,47928.06202430354,48800.16950136718,49303.860181522374,49986.870747482346,50507.76563495457,50859.40643420875,51190.97715090424,51509.70301476217,52029.86318561132,52943.71661014054,54382.14934003183,64406.73890401408,42749.95895926426
2025-08-24 08:45:00+00:00,76,1155,9789.434231486435,24245.145451429642,30636.856078985656,37627.71025590024,40579.741408401904,44392.9217287332,45826.44180329909,48300.70929148043,49706.34607368807,50553.10151803352,51365.434580079156,51901.15269665368,52462.947624562235,52981.7073494423,53376.32376147133,53677.15414039768,54104.608938036516,54995.08602397456,56847.056078426554,67666.79303216253,44642.33766315471
2025-08-24 09:00:00+00:00,77,1170,10224.309551422328,25787.87959311883,35988.858935554636,39408.16130645081,42283.125694474234,46126.801063105624,47482.642230038175,49916.486199692605,51407.57510546561,52429.37332348074,53248.49819473179,53796.73871107576,54269.32974944626,54820.05656987782,55392.18716053604,55731.1401238721,56162.26565242172,57129.40294389927,58759.021665789296,70761.26698207435,46560.13149047565
2025-08-24 09:15:00+00:00,78,1185,10261.515124992982,25605.518940198213,36092.919960145264,40616.23712937812,42721.09907784651,47507.68510701341,49436.20223032175,51843.310233880744,53089.458128491235,54029.62530433525,54815.10929119257,55456.93630361646,56019.97749162932,56467.623288546914,57207.439132843494,57570.345346551694,58000.42898276878,58712.05100968707,60345.93628148897,73550.91052870083,47846.57514744676
2025-08-24 09:30:00+00:00,79,1200,10291.739532902995,26725.832244700112,37122.34894334892,42302.05110172564,45509.052739727646,49906.564839939085,52026.348498547944,54209.58044171001,54769.44592094601,55489.06090191068,56286.72371086505,56990.90473323766,57521.331511998564,57956.46373680341,58670.885818643794,59083.08782753012,59553.41997845797,60279.310518887825,61581.121648540124,76019.03996960848,49428.374547993364
2025-08-24 09:45:00+00:00,80,1215,10487.931721914603,28555.765570647603,38088.062676513066,42932.181146133626,46238.99713461165,50674.59415534313,52677.83061340474,54559.22472744593,55743.29883188336,56332.317842151,57024.91238519685,57776.48792890956,58497.08840629516,59048.294520345546,59518.73901166652,60306.62102366944,60714.15410344656,61248.47049655236,62276.01945995281,78151.12653234643,50273.456690258434
2025-08-24 10:00:00+00:00,81,1230,9634.85001469673,30186.339390371326,40354.223017820426,43610.80294108621,46934.61060760759,50206.55307853459,52690.51112178722,54597.469930075364,56478.61596018217,57197.31112252361,57835.55949514264,58613.27962035989,59408.3507115362,60044.100695995745,60545.93745076005,61226.898371883864,61855.28562965863,62388.7265129605,63928.86533877577,79934.77827276771,51105.70082278739
2025-08-24 10:15:00+00:00,82,1245,8812.100288655776,27131.398028899872,38718.96640921786,43641.19312441065,46563.450846716536,50040.322783455995,52748.91767601494,55058.10369615577,57192.918878963006,57954.00841081645,58519.10469625375,59161.016870499574,59851.13446465455,60521.97595069134,61243.74002371736,61874.90746142779,62543.41249123317,63098.4216117024,64835.96316235119,81359.74142214107,51194.30548240576
2025-08-24 10:30:00+00:00,83,1260,8926.654105059235,27452.369132357988,39017.845274697705,44232.060041419754,47915.238927139246,51199.38189504345,53469.519457463975,55080.03115301606,57423.76311659446,58205.56003489821,58794.10726463567,59319.9173821343,60118.63560418485,60721.72047358975,61784.8887722042,62608.26087872085,63279.84763934057,63948.40374327246,65570.17505804714,82417.9137921881,51687.57162834259
2025-08-24 10:45:00+00:00,84,1275,8301.729076183692,24261.022606113034,35477.97488469486,43432.13403334127,46250.33832666259,49169.22581322247,52458.284784286094,54934.75781382345,57407.99917759431,58013.88329936926,58516.18806739388,59049.08888450018,60042.78209738488,60685.615945812075,61681.20113065148,62434.344382651005,63140.41503907757,64151.18039440026,65496.462942208265,83103.36423950462,50950.11422379034
2025-08-24 11:00:00+00:00,85,1290,7202.756831195007,21255.68577538859,31002.409922948267,37761.023641272666,43841.0028063795,47317.133858466834,50442.748842693116,53145.02390502002,55878.383879889385,57234.48960873768,57796.672929745146,58251.312275027034,58961.90342883887,59814.525904033995,60442.5193761948,61518.39216109744,62461.871443150216,63831.11224553641,65088.50384588982,83412.3528282284,49333.083600969236
2025-08-24 11:15:00+00:00,86,1305,7334.520742234033,18137.62165328746,26415.533007669652,35289.731432117296,38051.355339903006,44153.16803476175,47379.834421735504,50136.48099667758,53193.05975439084,55698.16394718824,56669.77883311716,57319.577044083606,57789.021707719636,58659.56043141164,59438.635546500955,60394.163796445195,61702.105669012235,62775.27076082941,64302.12817077062,83343.34745669176,47385.70720777667
2025-08-24 11:30:00+00:00,87,1320,7651.944233989101,18307.437500020482,24112.166873571627,30449.33488044976,36730.80508426495,40354.68022343359,44169.54848721793,47320.56802305342,50267.69338419814,51964.92500693748,54108.083142678144,56346.059070645046,57143.33123158934,58003.29649649963,59017.00463592002,59996.11313196042,61594.572799308306,62599.00708954898,63968.060503748035,82897.03381971623,45866.60227275758
2025-08-24 11:45:00+00:00,88,1335,10151.912988781865,12777.141643587282,17820.519587752115,21235.83489725776,24220.347315599458,28730.80144316506,32419.508898099095,37054.813511662585,39608.57015681731,43604.24765570259,46618.87831905725,50724.843060014726,53160.373359468584,55374.067462428626,58266.99171361367,60161.11059375716,61360.2471466905,63707.50469177327,65178.11352182888,82076.31707633722,40922.43405942451
2025-08-24 12:00:00+00:00,89,1350,9926.465000125558,13144.800028628997,15603.950287123858,19989.09220436705,21571.96636956712,24163.287068051275,26462.486988506676,29053.659086602987,32779.8598980732,35188.1263834059,38844.2848975136,42010.63175622427,45574.03541886283,50468.33828107995,53356.12389001216,55597.53640271054,58348.740893120455,61550.15685977608,65758.52452076814,80886.31562321805,36850.39144614481
2025-08-24 12:15:00+00:00,90,1365,8608.717994136177,12520.05242290294,15041.009744035931,17785.037390342703,20565.72589228429,22782.597952419113,25329.497175054526,27255.98427397739,31412.63022713058,33338.76568234233,36993.86540031882,39767.076771769534,43088.5015891352,46510.42475428361,50531.6186714204,53441.76359824679,56090.110733836926,59371.27945115015,62021.42702727926,79334.34908101616,34954.165233727734
2025-08-24 12:30:00+00:00,91,1380,8617.67491389759,11884.974908767625,13993.134352231296,16801.59531006739,20392.356625561646,22695.968129470442,24542.489671621694,26351.954351450146,30595.37416999175,33005.117693045824,36764.66714563157,38916.16832285817,41719.05732205562,44622.692212152644,47737.167579826506,50740.29856721689,53864.09552194922,56782.4823713447,59436.46361549183,77429.92425683809,33741.96583201376
2025-08-24 12:45:00+00:00,92,1395,7540.614516712945,11025.68598427253,13518.270752962351,16595.937626302726,19065.57120164539,21428.976327651824,23788.739720099602,26309.275447169224,29674.885042428625,32055.889814735747,35326.73627662389,37903.383114293756,40573.0158690718,44086.61425153316,47734.64014025521,50387.98245210606,53064.92864606016,55901.373835100254,59936.985974892996,75184.72399413929,33008.369196282
2025-08-24 13:00:00+00:00,93,1410,5891.488698173783,9576.035155872514,12241.713135754768,16450.154607511126,19040.22663513564,21651.13587642131,24375.529314182135,27780.205492018886,31862.769625239896,34222.742447565244,37987.775036614476,41168.58234510521,44522.52103181838,46612.13317827102,49041.66565001151,52270.332961074986,53675.93044926585,56401.04990505182,57276.13923188593,72612.60429445312,33687.872665214054
2025-08-24 13:15:00+00:00,94,1425,5124.923564024309,8189.243490279159,14094.24798620796,17018.163146952018,22021.046659302476,26616.63547910947,30639.50572114398,35581.53589914707,40271.39118643328,42279.041346653066,43953.356118020885,45393.60191334859,47202.78076911394,48381.967796115845,50357.84476091901,51085.95015337128,51696.87750291628,52352.5406731521,54666.608182218355,69729.60602786794,35838.61620871769
2025-08-24 13:30:00+00:00,95,1440,3875.169487215697,14680.071285046028,19214.684308900487,24238.21053802258,29696.012308401423,34585.67730295201,37254.42454474635,39143.03836862999,40705.580782818084,42007.49585138549,43312.38318011676,44336.25989037862,45428.631171268156,46797.754267472024,47370.91450570977,47896.43971809325,48345.50983275833,49357.89363951355,51068.94715545817,66553.98851549698,36873.73947942296
2025-08-24 13:45:00+00:00,96,1455,4205.77066625984,10191.6675313158,14587.467260975625,20659.76674730127,25317.309716943342,28556.578649483446,33078.59868210688,35867.891911396764,37525.48428975949,38540.08927937828,39638.13688328439,41087.424677840616,42187.039207201604,43545.60255773869,44825.49144047095,45646.33222157832,46166.1654990121,46774.47602705198,48875.70702512389,63106.29373133123,33700.79327396277
2025-08-24 14:00:00+00:00,97,1470,5256.352103785027,9905.317099784745,13413.876338619444,16906.213287448565,20609.45124404464,25177.60342908004,28065.850011130336,31541.395557463093,34021.68004464804,35648.37817778538,37032.46068206548,38526.3237087776,39464.52655819279,41089.75037723523,42406.47344540903,43622.105374599116,44498.43727815149,45082.803540299836,46254.341602743596,59575.332981119245,31246.31841366161
2025-08-24 14:15:00+00:00,98,1485,6099.1767287563425,7841.5266443999435,11652.031230723407,13793.64015665898,16315.163955647486,19089.21200754059,21353.30173733433,24692.31912467775,26739.999907776175,28566.431878527575,31840.55584288265,33708.93644184937,34963.89179012433,36185.36397443795,37819.15582013294,39860.72791440253,41231.03971827376,42905.05507786312,43784.864752558366,55661.79404362569,27190.52013056689
2025-08-24 14:30:00+00:00,99,1500,5047.535447577386,7307.462711620416,9070.021702920265,12713.85147517831,14674.230047745526,16367.007397036015,17878.26052416984,19813.484012125493,22654.11571283747,24385.16348921087,26139.27956453285,28080.199411439473,30883.20262512663,32691.89103195045,33847.03468520784,36037.143480020175,38123.94793472836,40144.00711124767,41588.6602298514,51526.17374580331,24106.28925904179
2025-08-24 14:45:00+00:00,100,1515,5094.0403156542525,7018.202554773521,8792.636583026791,11762.336413747642,13957.558858436747,15289.028682740807,16701.46161872637,18158.99743173719,19650.855813793027,21939.47504405402,23384.14997219431,24836.066941068257,27317.36150892534,28949.691266417525,30353.96117297943,32140.095217433034,34783.823945154116,36184.59979556486,38373.23447424133,47226.63140518872,21902.67926275923
2025-08-24 15:00:00+00:00,101,1530,4712.956263121745,6560.763605186356,8024.367829269488,10249.329903920901,12806.164839208872,13853.534655925887,14667.368688376047,16466.48521810174,17541.91257464398,19700.144226380824,21058.71833516276,21886.514401856068,23700.531892075964,25864.524510259238,27028.725433064847,28598.378818425248,30483.100230407446,32738.419509161336,34977.64701968037,42797.94010498941,19689.93653483983
2025-08-24 15:15:00+00:00,102,1545,3843.359469385519,5772.956626220032,7179.257496196734,8904.160732255215,10225.490063228704,11290.05574781419,12278.881851813909,13247.21345485148,14642.784007329263,16438.291650776762,17731.243278809823,19109.702979980437,20706.590965347834,22268.471277095465,23737.061689362523,25021.090725022255,26894.12640667804,29379.941098804808,31212.376413000602,38278.98942293722,16975.483516318393
2025-08-24 15:30:00+00:00,103,1560,3186.3723916225795,4760.830343838316,5883.676681220988,7129.812795550387,8113.150225597651,9399.48270794851,10320.508529316605,10894.425217972821,12379.246089830518,13354.33800916089,15487.333150885954,16671.321626429297,17836.060445900173,19205.005420405818,20309.78852574044,21425.254408401637,23262.20887535441,25592.81631281304,27000.85194686542,33713.677797729884,14465.266929428159
2025-08-24 15:45:00+00:00,104,1575,2564.349166510541,4310.380983095588,5155.469335627122,6280.863157471597,7193.399037250537,8107.285809544163,8978.223067381503,9638.124272207559,10768.032262187164,11731.632275049478,12992.580715517344,14161.296994967694,15179.596552155135,16486.399709097925,17623.20476580968,18364.7368248865,19794.93218395002,21794.790764132085,23478.48237949688,29152.10422872162,12459.550195337793
2025-08-24 16:00:00+00:00,105,1590,2123.257417974253,3596.333012890691,4319.880303650754,5501.330307709765,6325.340553145861,6918.161255935434,7533.3431326637865,8470.566584701377,8986.34982709318,9716.357004216312,10938.951455500297,11912.250937888339,13055.423590560787,14129.05039553894,14812.44230766689,15608.19951414259,16653.97419446633,18397.574596710005,20259.53017408728,24607.0077510493,10560.217713887796
2025-08-24 16:15:00+00:00,106,1605,1872.8071085556735,3061.931802491108,4071.2238308451333,4831.248781469632,5313.021956991012,5727.496204015629,6052.308461302449,6898.874460532408,7243.981642417484,8328.446241700061,8810.14829516374,9453.243511624009,10479.814537093998,11073.418410544333,11767.447480081046,12223.886072899324,13240.424594883796,14972.034658876031,16162.088459914805,20120.953983202584,8566.219338294259
2025-08-24 16:30:00+00:00,107,1620,1721.4758128422966,2578.697735094531,3685.366092946051,4096.282840384715,4493.804244307551,4973.44444777568,5406.5343608590965,5724.225841338862,6403.567969882847,6843.739851500825,7340.356978219811,8025.39521308645,8473.426764467147,8935.98712003294,9371.829385943738,9743.629619085923,10602.064918810398,11806.440799448641,12739.051272202702,15956.266086295293,7048.9107132591225
2025-08-24 16:45:00+00:00,108,1635,1473.0124135255076,2060.778940179321,2706.823793673243,3219.9900504171114,3486.7705471789923,3758.9087487022243,4137.497673828256,4415.933612452171,4793.847195162487,5258.710689351102,5641.266136107507,6036.167104740174,6577.784921005824,7008.89359094768,7311.3915369881115,7561.352624661754,7868.07834866801,8947.934374395662,9595.608629494069,12062.285335419972,5380.50832608299
2025-08-24 17:00:00+00:00,109,1650,1224.5329547040185,1689.289876827285,2200.7340514610682,2452.6616809568736,2607.768815709085,2789.322131403602,3123.657057014984,3297.339348897796,3587.4048118020896,3853.4253819357223,4163.963260724683,4371.831655660385,4759.330265771357,5013.538628596272,5229.9872795827005,5383.40973648091,5649.825486511213,6389.002064956193,6824.844509783935,8531.450204383986,3942.531845945473
2025-08-24 17:15:00+00:00,110,1665,1012.7540149498168,1249.9181978269853,1507.1668197312772,1689.2422936215276,1773.018260554345,1915.7048536633015,2129.7416155854116,2261.29201669643,2478.4981804142403,2632.1219111282617,2840.050819332965,2926.557521004012,3121.5201708047352,3293.0921173835154,3456.584675203464,3523.119054476384,3815.4095173130795,4189.122045070514,4450.862942352597,5467.105778983385,2651.766359618656
2025-08-24 17:30:00+00:00,111,1680,511.2562208767545,755.4007295452566,932.9003236357436,1025.7431854926513,1112.274014779357,1203.528032078423,1340.8480485134778,1398.4983646895644,1504.1683810305544,1620.4132251493209,1721.0067581178462,1788.6853147679685,1880.9302970569818,1999.3506466911904,2110.1156880909957,2178.2771107080403,2314.965517821731,2555.354331957405,2730.240330430004,3294.8984925912473,1619.5587944000333
2025-08-24 17:45:00+00:00,112,1695,406.98681404761317,528.9651998866581,635.8052987144122,698.73595145934,745.9610512369298,797.8272580912724,876.3803273514501,917.7430281216324,991.119097572743,1067.5063975019361,1137.5615048380007,1180.195616167686,1271.3536433332963,1328.215361489399,1397.3955272855208,1423.336892371122,1518.7387622007107,1676.797942717615,1789.5036869746696,2105.856882793771,1075.7686870229031
2025-08-24 18:00:00+00:00,113,1710,170.37094769349068,210.44831795347014,260.00906786503174,276.15683024827246,293.883333825459,308.48956994540185,326.0251983077915,358.89034426134174,379.75196734559336,408.6736269156773,431.1765793508663,467.6847387749703,503.4657148621521,534.4768602855039,556.6392183523288,568.8575245468047,606.8769051826957,667.0078278980452,709.8925712475922,828.3729885510752,424.6179646949465
2025-08-24 18:15:00+00:00,114,1725,4.8432727570613485,6.6691147100549895,8.163505371374557,8.91898986363645,9.33882415300332,9.827987877539648,10.35947708607851,11.21328111721234,12.001229334066332,12.677037965718373,13.322523434907836,14.401443845798491,15.449834422352202,16.33387963212918,17.03427805981519,17.49398124233654,18.43002312021938,20.285078186238025,21.61633358270318,24.738902363898543,13.116905204358352
2025-08-24 18:30:00+00:00,115,1740,0.0,0.0,0.0,0.0,0.0,0.0,0.0,0.0,0.0,0.0,0.0,0.0,0.0,0.0,0.0,0.0,0.0,0.0,0.0,0.0,0.0
2025-08-24 18:45:00+00:00,116,1755,0.0,0.0,0.0,0.0,0.0,0.0,0.0,0.0,0.0,0.0,0.0,0.0,0.0,0.0,0.0,0.0,0.0,0.0,0.0,0.0,0.0
2025-08-24 19:00:00+00:00,117,1770,0.0,0.0,0.0,0.0,0.0,0.0,0.0,0.0,0.0,0.0,0.0,0.0,0.0,0.0,0.0,0.0,0.0,0.0,0.0,0.0,0.0
2025-08-24 19:15:00+00:00,118,1785,0.0,0.0,0.0,0.0,0.0,0.0,0.0,0.0,0.0,0.0,0.0,0.0,0.0,0.0,0.0,0.0,0.0,0.0,0.0,0.0,0.0
2025-08-24 19:30:00+00:00,119,1800,0.0,0.0,0.0,0.0,0.0,0.0,0.0,0.0,0.0,0.0,0.0,0.0,0.0,0.0,0.0,0.0,0.0,0.0,0.0,0.0,0.0
2025-08-24 19:45:00+00:00,120,1815,0.0,0.0,0.0,0.0,0.0,0.0,0.0,0.0,0.0,0.0,0.0,0.0,0.0,0.0,0.0,0.0,0.0,0.0,0.0,0.0,0.0
2025-08-24 20:00:00+00:00,121,1830,0.0,0.0,0.0,0.0,0.0,0.0,0.0,0.0,0.0,0.0,0.0,0.0,0.0,0.0,0.0,0.0,0.0,0.0,0.0,0.0,0.0
2025-08-24 20:15:00+00:00,122,1845,0.0,0.0,0.0,0.0,0.0,0.0,0.0,0.0,0.0,0.0,0.0,0.0,0.0,0.0,0.0,0.0,0.0,0.0,0.0,0.0,0.0
2025-08-24 20:30:00+00:00,123,1860,0.0,0.0,0.0,0.0,0.0,0.0,0.0,0.0,0.0,0.0,0.0,0.0,0.0,0.0,0.0,0.0,0.0,0.0,0.0,0.0,0.0
2025-08-24 20:45:00+00:00,124,1875,0.0,0.0,0.0,0.0,0.0,0.0,0.0,0.0,0.0,0.0,0.0,0.0,0.0,0.0,0.0,0.0,0.0,0.0,0.0,0.0,0.0
2025-08-24 21:00:00+00:00,125,1890,0.0,0.0,0.0,0.0,0.0,0.0,0.0,0.0,0.0,0.0,0.0,0.0,0.0,0.0,0.0,0.0,0.0,0.0,0.0,0.0,0.0
2025-08-24 21:15:00+00:00,126,1905,0.0,0.0,0.0,0.0,0.0,0.0,0.0,0.0,0.0,0.0,0.0,0.0,0.0,0.0,0.0,0.0,0.0,0.0,0.0,0.0,0.0
2025-08-24 21:30:00+00:00,127,1920,0.0,0.0,0.0,0.0,0.0,0.0,0.0,0.0,0.0,0.0,0.0,0.0,0.0,0.0,0.0,0.0,0.0,0.0,0.0,0.0,0.0
2025-08-24 21:45:00+00:00,128,1935,0.0,0.0,0.0,0.0,0.0,0.0,0.0,0.0,0.0,0.0,0.0,0.0,0.0,0.0,0.0,0.0,0.0,0.0,0.0,0.0,0.0
2025-08-24 22:00:00+00:00,129,1950,0.0,0.0,0.0,0.0,0.0,0.0,0.0,0.0,0.0,0.0,0.0,0.0,0.0,0.0,0.0,0.0,0.0,0.0,0.0,0.0,0.0
2025-08-24 22:15:00+00:00,130,1965,0.0,0.0,0.0,0.0,0.0,0.0,0.0,0.0,0.0,0.0,0.0,0.0,0.0,0.0,0.0,0.0,0.0,0.0,0.0,0.0,0.0
2025-08-24 22:30:00+00:00,131,1980,0.0,0.0,0.0,0.0,0.0,0.0,0.0,0.0,0.0,0.0,0.0,0.0,0.0,0.0,0.0,0.0,0.0,0.0,0.0,0.0,0.0
2025-08-24 22:45:00+00:00,132,1995,0.0,0.0,0.0,0.0,0.0,0.0,0.0,0.0,0.0,0.0,0.0,0.0,0.0,0.0,0.0,0.0,0.0,0.0,0.0,0.0,0.0
2025-08-24 23:00:00+00:00,133,2010,0.0,0.0,0.0,0.0,0.0,0.0,0.0,0.0,0.0,0.0,0.0,0.0,0.0,0.0,0.0,0.0,0.0,0.0,0.0,0.0,0.0
2025-08-24 23:15:00+00:00,134,2025,0.0,0.0,0.0,0.0,0.0,0.0,0.0,0.0,0.0,0.0,0.0,0.0,0.0,0.0,0.0,0.0,0.0,0.0,0.0,0.0,0.0
2025-08-24 23:30:00+00:00,135,2040,0.0,0.0,0.0,0.0,0.0,0.0,0.0,0.0,0.0,0.0,0.0,0.0,0.0,0.0,0.0,0.0,0.0,0.0,0.0,0.0,0.0
2025-08-24 23:45:00+00:00,136,2055,0.0,0.0,0.0,0.0,0.0,0.0,0.0,0.0,0.0,0.0,0.0,0.0,0.0,0.0,0.0,0.0,0.0,0.0,0.0,0.0,0.0
2025-08-25 00:00:00+00:00,137,2070,0.0,0.0,0.0,0.0,0.0,0.0,0.0,0.0,0.0,0.0,0.0,0.0,0.0,0.0,0.0,0.0,0.0,0.0,0.0,0.0,0.0
2025-08-25 00:15:00+00:00,138,2085,0.0,0.0,0.0,0.0,0.0,0.0,0.0,0.0,0.0,0.0,0.0,0.0,0.0,0.0,0.0,0.0,0.0,0.0,0.0,0.0,0.0
2025-08-25 00:30:00+00:00,139,2100,0.0,0.0,0.0,0.0,0.0,0.0,0.0,0.0,0.0,0.0,0.0,0.0,0.0,0.0,0.0,0.0,0.0,0.0,0.0,0.0,0.0
2025-08-25 00:45:00+00:00,140,2115,0.0,0.0,0.0,0.0,0.0,0.0,0.0,0.0,0.0,0.0,0.0,0.0,0.0,0.0,0.0,0.0,0.0,0.0,0.0,0.0,0.0
2025-08-25 01:00:00+00:00,141,2130,0.0,0.0,0.0,0.0,0.0,0.0,0.0,0.0,0.0,0.0,0.0,0.0,0.0,0.0,0.0,0.0,0.0,0.0,0.0,0.0,0.0
2025-08-25 01:15:00+00:00,142,2145,0.0,0.0,0.0,0.0,0.0,0.0,0.0,0.0,0.0,0.0,0.0,0.0,0.0,0.0,0.0,0.0,0.0,0.0,0.0,0.0,0.0
2025-08-25 01:30:00+00:00,143,2160,0.0,0.0,0.0,0.0,0.0,0.0,0.0,0.0,0.0,0.0,0.0,0.0,0.0,0.0,0.0,0.0,0.0,0.0,0.0,0.0,0.0
2025-08-25 01:45:00+00:00,144,2175,0.0,0.0,0.0,0.0,0.0,0.0,0.0,0.0,0.0,0.0,0.0,0.0,0.0,0.0,0.0,0.0,0.0,0.0,0.0,0.0,0.0
2025-08-25 02:00:00+00:00,145,2190,0.0,0.0,0.0,0.0,0.0,0.0,0.0,0.0,0.0,0.0,0.0,0.0,0.0,0.0,0.0,0.0,0.0,0.0,0.0,0.0,0.0
2025-08-25 02:15:00+00:00,146,2205,0.0,0.0,0.0,0.0,0.0,0.0,0.0,0.0,0.0,0.0,0.0,0.0,0.0,0.0,0.0,0.0,0.0,0.0,0.0,0.0,0.0
2025-08-25 02:30:00+00:00,147,2220,0.0,0.0,0.0,0.0,0.0,0.0,0.0,0.0,0.0,0.0,0.0,0.0,0.0,0.0,0.0,0.0,0.0,0.0,0.0,0.0,0.0
2025-08-25 02:45:00+00:00,148,2235,0.0,0.0,0.0,0.0,0.0,0.0,0.0,0.0,0.0,0.0,0.0,0.0,0.0,0.0,0.0,0.0,0.0,0.0,0.0,0.0,0.0
2025-08-25 03:00:00+00:00,149,2250,0.0,0.0,0.0,0.0,0.0,0.0,0.0,0.0,0.0,0.0,0.0,0.0,0.0,0.0,0.0,0.0,0.0,0.0,0.0,0.0,0.0
2025-08-25 03:15:00+00:00,150,2265,0.0,0.0,0.0,0.0,0.0,0.0,0.0,0.0,0.0,0.0,0.0,0.0,0.0,0.0,0.0,0.0,0.0,0.0,0.0,0.0,0.0
2025-08-25 03:30:00+00:00,151,2280,0.0,0.0,0.0,0.0,0.0,0.0,0.0,0.0,0.0,0.0,0.0,0.0,0.0,0.0,0.0,0.0,0.0,0.0,0.0,0.0,0.0
2025-08-25 03:45:00+00:00,152,2295,0.0,0.0,0.0,0.0,0.0,0.0,0.0,0.0,0.0,0.0,0.0,0.0,0.0,0.0,0.0,0.0,0.0,0.0,0.0,0.0,0.0
2025-08-25 04:00:00+00:00,153,2310,0.0,0.0,0.0,0.0,0.0,0.0,0.0,0.0,0.0,0.0,0.0,0.0,0.0,0.0,0.0,0.0,0.0,0.0,0.0,0.0,0.0
2025-08-25 04:15:00+00:00,154,2325,0.0,0.0,0.0,0.0,0.08127984417078672,0.34318156427665475,0.6050832843825226,0.8669850044883903,1.1288867245942582,3.129959088239763,7.821919585365346,12.032362738216515,18.633185221220174,25.073440513772702,33.7241713211332,41.89392365238322,46.26725132823711,50.66007998502614,67.32227028561927,135.60555411484688,18.653176921925517
2025-08-25 04:30:00+00:00,155,2340,0.0,0.0,0.748299810615307,4.4897988636918384,8.23129791676837,11.972796969844904,28.432545838013333,78.63684565156898,114.46563521286814,187.97649424924697,260.71809597424544,302.98065310774916,384.03728124835584,452.65764758398865,495.14769047901274,521.2324077744714,607.389536050089,687.9729410259101,761.2882343684045,1273.207821879969,276.948037726496
2025-08-25 04:45:00+00:00,156,2355,189.22740647243018,333.02236588097287,447.3535576716443,605.5616613007855,719.835495745729,841.4023183275165,937.3511067987135,1039.7186875235313,1208.0583288425516,1411.2319406498816,1518.9139654732523,1580.9967592046444,1692.7642755111215,1747.2916439156784,1812.8109522928294,1895.4835601500524,1986.9181898609268,2081.820939015946,2222.215285850074,2773.2408229981415,1293.7467889612828
2025-08-25 05:00:00+00:00,157,2370,753.4974061533511,1178.785279613409,1589.0417312621396,1818.5244441593406,2270.9026755607224,2637.678484176522,2889.816274035765,2969.035429438921,3058.1681619139486,3201.2545590649856,3294.547527227613,3382.924065101172,3476.745746134758,3581.5342100207863,3687.425352595177,3796.514428422442,3947.9620064550377,4147.357297184602,4417.442565040287,5368.574501446196,2961.0824411228496
2025-08-25 05:15:00+00:00,158,2385,1383.137931087894,1987.2659440373236,2697.2150143776553,3121.6718699716216,3867.98265051911,4334.432652917724,4695.501530067375,4840.86634294476,5114.259282590894,5295.738128033881,5437.401049570763,5583.365540783645,5764.312152494013,5901.0367787714085,6053.987872944996,6307.725006989185,6525.385911737534,6787.157325654486,7148.786622745606,8630.67719581847,4907.0158178390275
2025-08-25 05:30:00+00:00,159,2400,1955.0606268089196,2869.578236555536,3955.4962999100367,4643.2229376832,5760.877764157678,6595.2353476396,6840.184050871793,7239.185676035764,7567.615899937308,7791.243504568843,7994.677280458801,8287.852867803154,8484.272166395613,8663.094686290875,8921.140512227461,9189.562897476068,9444.359045256217,9890.240449427309,10242.29780984531,12363.004855259436,7195.900986755668
2025-08-25 05:45:00+00:00,160,2415,2922.47088563058,3892.988935934254,5509.657096408812,6666.796876747653,8578.252919655059,9031.437633093503,9448.601701304347,10092.799180231837,10405.493731079006,10750.825670536682,11033.79760604388,11318.392312549511,11488.117223457133,11895.795018008095,12179.675707092787,12506.79383482309,12965.99881288302,13331.487980680307,13754.439956925624,16428.92575429184,9882.319620675487
2025-08-25 06:00:00+00:00,161,2430,3741.2232628901174,4849.973942273354,6846.175415652788,8611.057749988391,11141.825030228249,11625.826517255988,12597.721965855944,13026.20870188324,13535.711944645473,13933.408819091104,14298.2032413107,14527.942007339212,14940.485466836586,15308.310059113284,15590.39471734807,15990.307986951859,16642.054029356277,17070.010674131387,17428.719117804,20750.514739487495,12710.706226901497
2025-08-25 06:15:00+00:00,162,2445,3934.5723137612686,6009.095573117048,8323.100416025916,10244.146984851564,11930.589725667103,13631.019545412113,14678.54270389048,15691.006642831384,16306.095901121182,16802.1058010727,17066.686228095095,17466.26748323966,17775.375716580427,18312.661255264145,18770.947483581283,19334.766835681065,20221.81699269848,20775.933072434196,21169.712887967496,25252.189796061903,15163.37160384833
2025-08-25 06:30:00+00:00,163,2460,5511.7345422668195,7238.583166615735,8977.540877186939,11703.90695688897,13710.83716243746,16415.946959524306,18234.568070831727,19211.254473905843,19867.445333441636,20269.292911105702,20776.783436860067,21193.230154326004,21807.68010462013,22335.11284962596,22875.149581964164,23655.847100235627,24315.53466021712,24830.28894501679,25147.932427172098,30030.418639449992,18310.267627900645
2025-08-25 06:45:00+00:00,164,2475,7145.239432119702,8659.877432037934,10563.097971751138,14017.87014335331,17595.476450559006,20119.03148054886,21869.06078645091,22599.86074368212,23169.6873277127,23690.12693179284,24224.341485913694,25012.349018123452,25624.268131764118,26194.23948013137,27025.52455037574,27677.212769205362,28280.277256340625,28687.368354349557,29067.467657224992,34698.06126524984,21656.757638399213
2025-08-25 07:00:00+00:00,165,2490,8120.680076322644,9904.713143388513,12551.180917042793,17885.37878072962,22233.200458646985,23585.26151103908,24840.508131033486,25563.866415571047,26063.634495986753,26654.305155930255,27537.209422749012,28588.122378729837,29141.500798698475,30302.505371311436,30848.06938027695,31411.741850586106,32045.792500775493,32432.51905474637,32804.641598036935,39341.337245452705,24620.652696226363
2025-08-25 07:15:00+00:00,166,2505,9022.53176103631,11010.591185282052,13398.289799107819,19560.932947233807,24092.175019035516,26309.801442456876,27689.136699211474,28394.43255176013,29043.22513013194,29877.207922157562,31445.076870322624,32177.426590679956,33016.61800778756,33955.690171857925,34693.322920934464,35377.45795871732,35770.03783240457,36212.74945915416,36621.33692383202,43911.39515529159,27449.543032901278
2025-08-25 07:30:00+00:00,167,2520,10581.162606364267,13337.283878077853,16767.155911911945,25235.692670445456,27717.15503086452,29281.802145053323,30599.20406143143,31618.599089383937,32303.284711960812,33804.17710321933,35177.852247209696,35792.108557148276,36836.49531467577,37391.20107937109,38041.29769288035,38741.4411349753,39397.84050443907,39832.456471789046,40287.19776258195,48366.00653225862,30744.538551895457
2025-08-25 07:45:00+00:00,168,2535,11962.831954559839,15254.104206997174,18290.246861043124,27379.86091476346,29803.40715888261,31389.944733342134,32889.850519772626,33867.59186997712,34588.47342945361,36040.19788728045,37982.06261933703,38730.4397578402,39721.21471492412,40472.89734698238,41061.21445532527,41729.48282716163,42604.47678602373,43142.62437928076,43741.82433196839,52668.13696726005,33175.57461842285
2025-08-25 08:00:00+00:00,169,2550,12508.226231631093,16417.08323634972,19446.070077424636,28780.366463068178,31178.75781055124,33488.61330048068,34883.80273866664,35902.246900709826,36665.73695430981,38327.59816512862,40458.861163300215,41476.07975684716,42199.33279011655,43339.15684766919,43839.71187145954,44619.01016605729,45690.965714141035,46278.695823858725,47025.198883356505,56784.91563741505,35353.75045237998
2025-08-25 08:15:00+00:00,170,2565,15152.860302634052,17226.860884700953,24583.74617029441,30450.355749178616,34209.445126665,36751.96794310091,37445.123542803885,38307.1033663192,39204.49392595888,41649.506567342025,42859.956384221776,43389.29932948507,43938.89245589532,44735.94881680005,45551.579246068395,46155.70217061867,47104.01426289334,48050.54048871252,48800.19876778759,60686.909703705125,37515.49565862799
2025-08-25 08:30:00+00:00,171,2580,14684.890926991244,17702.563083793302,23098.187522951506,30624.680084514923,33227.55670738991,36625.84159028594,38913.84404007746,39761.69629332684,40751.678074793446,43129.667963498825,44882.13774741766,45448.91412824973,45821.75644000524,46429.86694830653,47513.56900268706,48137.936354831756,48950.4039020553,50114.60551764075,51232.45251672451,64257.836634550826,38654.83862264841
2025-08-25 08:45:00+00:00,172,2595,16107.878258308272,19336.507404155524,25146.82490884415,30556.2043983184,34216.14545571059,37300.98620681161,39512.46685663148,41104.18465641415,42007.42277761135,43382.45751076652,45941.321591863394,47144.05345044266,47707.534312242096,48211.11862048423,48820.40093655175,49918.67929256548,50781.941559383165,51852.298798961616,53528.67397729041,67464.57614710127,39992.30371329194
2025-08-25 09:00:00+00:00,173,2610,17001.054238441913,21790.488691627346,28504.32294911053,32300.371781471866,35938.99463401134,38850.50178914569,40831.390452330976,42696.85270049195,43803.84350289994,44951.7434818072,47468.999567433995,49181.616737621356,49870.63616403066,50337.4440328546,50912.87657482321,51745.67154634423,52603.613229615985,53488.21104131823,55059.216748709936,70559.49276549982,41797.43518582464
2025-08-25 09:15:00+00:00,174,2625,17569.957100660453,23821.777931898894,31389.643132101963,35119.19809412614,37634.02543751502,40757.57837253084,43489.122239245924,44507.16884506786,45559.68483020311,46956.08469005445,49305.04518720108,50904.58826091277,51905.493719714075,52387.196321625655,52906.40054218968,53591.393386647396,54454.79068264511,55271.90904138839,56913.5957852319,73348.6635131565,43715.724281763345
2025-08-25 09:30:00+00:00,175,2640,16366.624463088632,22740.827334838094,33045.15910562906,36576.27014329744,39062.706496746265,42200.796316711196,44595.286863665235,45850.66014574102,47086.64994554784,48327.634741455964,50520.92352012305,52278.6156862022,53310.98949079404,54000.59808746878,54520.85192594413,55052.53144650923,55926.62043272149,56815.95266617961,58035.74818332086,75815.4242421255,44845.82494848481
2025-08-25 09:45:00+00:00,176,2655,13501.08328902886,21338.30966047125,29484.928981470737,34640.87942023046,39622.51906444542,41156.077699114525,44631.88800597664,46692.965339958995,47639.76238091224,48806.42396037789,50812.85264079224,52707.76221654485,53862.620256305396,55146.69370202374,55926.712497473054,56498.05177442197,57150.95025328394,58273.338454756944,59261.73770938316,77945.27054255031,44961.36374716728
2025-08-25 10:00:00+00:00,177,2670,13592.77782252669,21283.928626666806,29132.259549721,35442.80968298247,40230.31024980066,41782.61751014754,45878.53498770289,47938.40252193894,48996.636949000254,49908.811462958925,51893.97129495783,53829.804361455805,54738.847208056155,55704.63855902122,56934.2773251195,57700.726140737424,58210.18394325909,59419.50524093123,60482.89293115509,79725.83890066326,45857.30876727928
2025-08-25 10:15:00+00:00,178,2685,13567.777106103926,21478.725535692727,28346.053448891307,35697.932875411454,41015.616587088596,42320.698124810675,45469.853879602364,48739.3425519546,49291.98518496591,50427.41702878393,52420.21714274251,54309.2813536985,55438.3878093927,56140.78296214436,57010.93627009499,58071.066686107624,58944.38947809167,59843.01203069491,61645.93213140469,81146.90760409426,46156.26942984991
2025-08-25 10:30:00+00:00,179,2700,14293.204342574032,22938.35156508362,30184.95147041608,36589.80504876843,41555.036555807375,43382.83058113928,46263.396554012215,49074.85526369494,49994.20874207648,50986.13432095798,53285.37977608299,55242.047376624105,56120.77442187774,56731.18568819735,57490.66630409997,58760.69023958741,59784.29237332535,61221.55101650447,63151.75174207793,82200.40984262922,47034.1715452702
2025-08-25 10:45:00+00:00,180,2715,13594.06128737672,23341.042241815623,29601.99033305229,36557.81600307587,41782.33142394964,43741.74493143279,46443.3508754504,49008.364952067706,50255.3452317205,51422.129432917114,54656.52898166076,56005.721692900646,56698.59528520289,57301.22677470244,58144.712101321194,59141.23377461444,60344.576712402064,61826.177421875145,63825.270621549535,82880.45291681043,47312.741249006314
2025-08-25 11:00:00+00:00,181,2730,12660.712796427853,22893.592301117194,28721.54009970201,36678.02354869035,41940.08530436083,44394.738450876845,47330.32656292078,49687.421524098165,50491.50546431057,52482.12163546157,55500.077452203644,56274.06254047875,56903.15769283698,57575.66347774743,58475.18454005881,59374.828936140395,60549.479552065604,62381.229681609235,64083.05493829916,83183.33816866988,47553.05828583791
2025-08-25 11:15:00+00:00,182,2745,9812.773135315532,18806.628039910735,26877.41645751885,36333.803438868825,42134.1086955606,44653.21535852615,47647.66911348313,49785.43680446719,50559.17609006006,52959.099885341675,55460.56026815964,56202.22960113653,56828.087282313194,57429.85827295332,58485.43085442339,59307.76580700611,60490.78435273657,63275.619536022816,64290.071473825265,83107.57742567064,47198.643327405975
2025-08-25 11:30:00+00:00,183,2760,10087.654232543691,17600.796167407967,24326.29651461386,33716.047322774684,37225.99521543121,43008.96268064907,46203.67607136128,49114.91765601498,50243.52150060541,52497.073594581016,54871.21427039801,56031.496001915984,56563.53417327873,57101.3621905976,57911.931422102396,58819.501623521064,60352.5661943952,62694.11718480169,64062.471095997396,82653.90288062846,46257.87669925481
2025-08-25 11:45:00+00:00,184,2775,9791.050482031738,16945.38771303464,22425.06545403331,29534.24863466219,36324.215743357716,41608.360629990886,44861.657641161815,48414.71440945075,49893.60628835656,52225.177086137825,54733.30482121049,55305.44698241899,56055.533938341636,56592.28605547549,57414.675654512575,58591.02145651724,59738.45802735012,61817.43721350795,63781.57954592752,81825.26883189607,45454.316441948984
2025-08-25 12:00:00+00:00,185,2790,8774.024375538016,16273.892775556771,21924.881226674323,29328.341966009568,36154.685369343526,41200.77213081706,45172.88353147179,47872.538052596996,49861.19846153638,51877.20833540493,53861.44051617227,54628.82573210302,55231.274548311594,55682.40680924588,56517.49618923373,57639.275811830405,58664.49274685502,60228.81591395483,63035.08028418923,80626.84572054577,44904.10902861407
2025-08-25 12:15:00+00:00,186,2805,7039.217624803754,15737.410199819677,20930.734556028165,26824.13019291744,33586.3750524496,38227.32759255721,42161.465630435385,45117.06863363095,47934.43475793346,49719.614482484416,51864.22855463154,53281.49114332447,53829.432208017664,54477.05623426866,55132.90800415953,56303.792004955314,57771.654048137876,59756.32576037915,61984.87443257448,79066.00858859454,43272.23630451734
2025-08-25 12:30:00+00:00,187,2820,8177.477084735521,15761.183815361046,22794.14343224597,27342.93398681543,33523.70289269257,36793.27256214316,41276.85512379867,44486.40833210772,47429.26213211975,49290.52722007148,50956.68051898794,51864.64949754595,52413.569370973855,53082.89726928958,53694.200734581165,54635.04538117084,55940.02524178473,58133.68483586853,60108.36765476921,77152.32370971338,42522.27762641318
2025-08-25 12:45:00+00:00,188,2835,7704.48401657127,15322.882993097346,20979.323719538734,27027.050582463482,31297.223024977084,36499.04205147218,40656.38392984809,43679.894547196425,46155.58454830847,48079.188922102345,49923.66388864497,50675.14502227316,51260.916593236725,51952.84092920537,52696.21371370417,54111.056702223934,55216.83558888337,57128.38832190729,59169.512349120465,74897.53834746752,41583.59669192959
2025-08-25 13:00:00+00:00,189,2850,7187.066436029559,13281.032547520508,18686.275815434466,24221.81521512565,28106.672456769647,33479.14841682794,37568.94649445353,41134.72614840925,43352.40174951132,45363.19891116613,47488.25135881921,48651.26172454433,49245.05943527482,50011.52313207231,50747.29009282727,51940.171436544115,53096.89294473037,54856.12219498879,57128.04081289175,72315.57905958591,39327.60178205427
2025-08-25 13:15:00+00:00,190,2865,6925.111242378162,12944.258325629073,18528.936256093624,23410.416762321318,26937.13362213158,31131.644627837304,35746.956652396584,39637.18679988292,42101.52402844889,44251.04161840297,45922.7554719282,46928.279940026754,47584.770650393606,48220.503163984155,48793.80161218277,50056.55139860514,51102.128720656314,52607.449030121454,54771.797171531,69422.56500059068,37878.8359952706
2025-08-25 13:30:00+00:00,191,2880,7141.833440591358,14313.0349216066,20047.490656892212,23870.35782898473,26809.860971264585,31178.56489106991,35669.864262223,38971.32251277021,41074.709901743416,42961.538364981665,44186.37001308926,45028.00954680686,45714.17912683075,46246.32435011295,46693.87124777043,47691.759515322505,48796.3644059489,49974.368828448576,51747.278502560795,66236.84374059214,36847.40997435191
2025-08-25 13:45:00+00:00,192,2895,6502.8140354549805,14905.366090902999,20019.305421089823,23146.386042730657,27161.835266058828,32033.34533442206,36085.454669014965,37882.06397198559,39520.99539126098,41142.460405280755,42164.755927936574,42722.06777630938,43476.61173635072,43813.935308957996,44438.36331917811,45263.18096616716,46291.73013767101,47253.887877760506,49273.92086647661,62792.76599470972,35662.11364149785
2025-08-25 14:00:00+00:00,193,2910,8055.179026813643,15299.432862979098,19740.497109863994,22422.67148914314,28608.20319340405,32218.253343097313,35002.58185049477,36810.584243202036,38179.42085020787,39455.92693218892,40114.02195266358,40715.86480551516,41170.305018950334,41516.69773020372,42157.0418693829,42707.214885334855,43906.606700941185,44879.53541687386,47488.813169441826,59267.381316687366,34523.03859113586
2025-08-25 14:15:00+00:00,194,2925,7086.282892308147,14703.532691568402,19392.34371246328,25318.31098902208,28330.429560408236,31781.89663987037,32965.07650545563,34456.77218473992,35868.61730405812,36958.685741685156,37586.65216706566,38254.45190812553,38619.508449173605,39117.23291784876,39640.28329191787,40251.456684193465,41203.0345609963,42078.970460796874,44440.71052290517,55317.648587295545,32806.01770747013
2025-08-25 14:30:00+00:00,195,2940,7642.710953901046,16302.5503218931,19952.8803146618,24517.057982678492,26911.608475979432,29483.377410005687,30644.416688045472,32021.107440145828,33412.99636690385,34327.40733175119,35071.747561995144,35613.95526085523,36091.668319937475,36752.93079058474,37241.655557829225,38102.59198256731,38853.06110163261,39469.833683314064,41445.60883890474,51173.156812220026,30967.52653778156
2025-08-25 14:45:00+00:00,196,2955,11401.463901734698,16152.265730169092,19678.62233821434,23858.68526196638,25060.595024720536,27545.72117714545,28433.162524189738,29524.96098074947,30892.94666362336,31704.65786472847,32364.20582912368,32845.13329675731,33315.35106515283,33825.080433730334,34343.39803406687,35057.61011439506,35626.06462730933,36236.9095723226,38139.53492672754,46865.434118042926,28964.73088411174
2025-08-25 15:00:00+00:00,197,2970,11588.256643244134,15675.195969589426,18953.483507436507,21919.472586632415,23046.699498834427,24815.228694630845,25922.53818383327,26802.784561709697,27745.583006495686,28529.02543101152,29326.50166948,30021.241296979602,30444.16181198867,30899.6352224363,31395.905103877725,32112.939185411935,32615.235154920203,33160.278495714825,34831.263424608376,42429.5407136993,26613.61229988473
2025-08-25 15:15:00+00:00,198,2985,9530.556637199601,13977.149737332194,16384.84040987731,18758.311284019688,20275.825642064327,21393.777422367843,22743.59019936898,23632.82305020185,24491.952182711375,25416.456041233156,26037.625989709304,26865.794420810194,27324.363398300902,27738.189694785236,28223.517730877404,28862.881778799594,29261.124961566402,29655.251160884996,31304.422115652873,37904.746048645335,23604.73360829217
2025-08-25 15:30:00+00:00,199,3000,8269.946118079282,12185.26280756501,14450.982825983026,16384.466283689617,17820.51804783688,18962.757576433396,19925.232453936933,20836.07035999838,21521.531165379263,22161.41840623227,22622.897480531978,23337.97642803972,23930.203042829886,24339.03893938387,24809.99030626693,25247.591346820784,25652.233835345905,26135.884483310103,26883.254784093973,33335.45805050412,20553.01231817117
2025-08-25 15:45:00+00:00,200,3015,7003.000051451389,11160.109961778964,13197.79379845112,14434.367374237789,15529.146462718392,16342.846761127314,17186.2563397305,17908.124358722423,18576.08419960742,19113.42998007294,19659.39775900792,20263.91525813241,20723.577021023964,21021.538793716703,21524.140178002213,21883.16604480353,22258.355026342015,22590.068542968802,23276.17689363849,28772.463458283913,17953.29996301434
2025-08-25 16:00:00+00:00,201,3030,5707.329336351336,9331.534959979701,10099.650111577683,11527.903495125694,12317.602926092823,13194.277193717735,13769.696970389597,14306.129467095609,14805.74976191671,15320.080887382313,15925.969959541535,16477.656462532304,17061.816147652637,17575.3508468129,17821.242341055105,18280.519816773998,18634.166198553816,19008.05848536558,19432.416356207097,24207.394056403064,14688.161784189526
2025-08-25 16:15:00+00:00,202,3045,3930.286913693606,7120.086211222652,8095.258413865176,8778.213316032006,9838.609808288205,10287.46939172398,10864.298943320151,11258.458544527688,11707.812191636202,12127.311264892553,12488.689872657525,13053.373622461006,13563.046993904023,14020.940807785379,14448.062467543563,14717.665666487223,15111.131442440546,15523.742330138515,15853.559570813406,19752.57204951084,11661.49830346825
2025-08-25 16:30:00+00:00,203,3060,2872.072171438067,5224.1782633295015,6159.711494277699,6613.76016652295,7071.728655693497,7708.7889544606205,8033.630331147844,8549.09776401481,8867.043247984082,9209.140221809099,9575.824324682253,9977.845711249069,10437.176583279934,10787.78161546281,11244.221198107409,11495.517459701834,11860.511977282027,12128.314931722802,12563.326835492659,15599.95884385904,8931.210265039821
2025-08-25 16:45:00+00:00,204,3075,1965.9103252123764,3044.515565479061,3762.7052511537977,4294.317962322531,4745.590898019276,5106.046490699595,5604.256615170428,5936.039488687418,6172.752391816543,6498.575960745315,6757.678780007326,7061.538648976155,7309.983639710259,7548.560617818683,8013.647339832115,8278.087248209778,8602.087029254208,9009.878716293228,9501.659390432822,11725.260471377638,6254.750316805405
2025-08-25 17:00:00+00:00,205,3090,720.4522838798254,1424.5249640290242,2254.7857448947725,2491.9494136285125,2682.6697442946174,2992.9926428518543,3245.151005090202,3584.2529039890824,3880.1253472815783,4111.068873297459,4328.73410560868,4525.885423190559,4728.219849523384,4869.687082801341,5082.699046664946,5252.666317944925,5593.135584851711,6021.721755082512,6553.506505937074,8222.564437343806,3911.75058926486
2025-08-25 17:15:00+00:00,206,3105,412.4424805658643,789.4826352144898,1103.235984653972,1484.0475311457262,1634.0376318330016,1776.2663801800436,1940.860491409624,2062.089427978064,2294.787493518661,2488.1035062305687,2598.0385495017,2704.0883715242253,2860.126023842477,2976.6829462272653,3069.232178648472,3197.621282323955,3306.413887913472,3531.2928399044727,3977.8847766549898,5195.879654664422,2333.0089618922625
2025-08-25 17:30:00+00:00,207,3120,229.83393638595365,452.0350594419399,633.7561146884641,797.5470574411935,906.1073902927542,978.4078738704957,1063.7048002211811,1131.3534125803917,1197.7902120721892,1315.6957244321447,1397.2201146412838,1524.7854620977635,1603.9044092301533,1737.4829724148183,1846.7455996331578,1916.2007897439253,1999.232438662088,2219.405415963934,2453.690168575031,3114.91390272799,1362.4014457111632
2025-08-25 17:45:00+00:00,208,3135,131.60121965690934,238.017095833158,318.5122949027724,432.5101513384865,532.0537656716745,576.8323025667291,598.6280820962695,624.3532146014561,682.8000359915541,731.935499280944,787.2544871297484,849.4426381048306,891.4275710292304,971.826102762629,1010.5187564007321,1060.4537749472267,1157.331789051718,1214.885511017399,1477.9401981605617,1944.4928578731208,771.6566017851658
2025-08-25 18:00:00+00:00,209,3150,6.141482160122505,47.628071532326025,72.85686985738134,98.61771334479117,116.31548073574136,141.540839775161,162.00741065090665,177.48989724786048,189.9420849291801,216.18836241999776,233.41080482200243,255.10046147693276,273.59752815641093,296.89083229493906,306.72443278033074,322.1127629664275,344.80847475431887,375.5548535527084,466.66964444554344,637.8885364455377,223.44022980244716
2025-08-25 18:15:00+00:00,210,3165,0.025361320378584216,0.21188268916734013,0.32535423327980595,0.40472217974094893,0.546722378709817,0.6895821536984041,0.8060314327573392,0.9510236402721265,1.1830711660183517,1.2926295016445521,1.3809725910954684,1.5218479684092352,1.6481061267461334,1.8464457651954742,1.9869743960225954,2.20972122660568,2.3355386745112647,2.4686828746146507,2.952276950057988,4.7019444884812085,1.3738113777255618
2025-08-25 18:30:00+00:00,211,3180,0.0,0.0,0.0,0.0,0.0,0.0,0.0,0.0,0.0,0.0,0.0,0.0,0.0,0.0,0.0,0.0,0.0,0.0,0.0,0.0,0.0
2025-08-25 18:45:00+00:00,212,3195,0.0,0.0,0.0,0.0,0.0,0.0,0.0,0.0,0.0,0.0,0.0,0.0,0.0,0.0,0.0,0.0,0.0,0.0,0.0,0.0,0.0
2025-08-25 19:00:00+00:00,213,3210,0.0,0.0,0.0,0.0,0.0,0.0,0.0,0.0,0.0,0.0,0.0,0.0,0.0,0.0,0.0,0.0,0.0,0.0,0.0,0.0,0.0
2025-08-25 19:15:00+00:00,214,3225,0.0,0.0,0.0,0.0,0.0,0.0,0.0,0.0,0.0,0.0,0.0,0.0,0.0,0.0,0.0,0.0,0.0,0.0,0.0,0.0,0.0
2025-08-25 19:30:00+00:00,215,3240,0.0,0.0,0.0,0.0,0.0,0.0,0.0,0.0,0.0,0.0,0.0,0.0,0.0,0.0,0.0,0.0,0.0,0.0,0.0,0.0,0.0
2025-08-25 19:45:00+00:00,216,3255,0.0,0.0,0.0,0.0,0.0,0.0,0.0,0.0,0.0,0.0,0.0,0.0,0.0,0.0,0.0,0.0,0.0,0.0,0.0,0.0,0.0
2025-08-25 20:00:00+00:00,217,3270,0.0,0.0,0.0,0.0,0.0,0.0,0.0,0.0,0.0,0.0,0.0,0.0,0.0,0.0,0.0,0.0,0.0,0.0,0.0,0.0,0.0
2025-08-25 20:15:00+00:00,218,3285,0.0,0.0,0.0,0.0,0.0,0.0,0.0,0.0,0.0,0.0,0.0,0.0,0.0,0.0,0.0,0.0,0.0,0.0,0.0,0.0,0.0
2025-08-25 20:30:00+00:00,219,3300,0.0,0.0,0.0,0.0,0.0,0.0,0.0,0.0,0.0,0.0,0.0,0.0,0.0,0.0,0.0,0.0,0.0,0.0,0.0,0.0,0.0
2025-08-25 20:45:00+00:00,220,3315,0.0,0.0,0.0,0.0,0.0,0.0,0.0,0.0,0.0,0.0,0.0,0.0,0.0,0.0,0.0,0.0,0.0,0.0,0.0,0.0,0.0
2025-08-25 21:00:00+00:00,221,3330,0.0,0.0,0.0,0.0,0.0,0.0,0.0,0.0,0.0,0.0,0.0,0.0,0.0,0.0,0.0,0.0,0.0,0.0,0.0,0.0,0.0
2025-08-25 21:15:00+00:00,222,3345,0.0,0.0,0.0,0.0,0.0,0.0,0.0,0.0,0.0,0.0,0.0,0.0,0.0,0.0,0.0,0.0,0.0,0.0,0.0,0.0,0.0
2025-08-25 21:30:00+00:00,223,3360,0.0,0.0,0.0,0.0,0.0,0.0,0.0,0.0,0.0,0.0,0.0,0.0,0.0,0.0,0.0,0.0,0.0,0.0,0.0,0.0,0.0
2025-08-25 21:45:00+00:00,224,3375,0.0,0.0,0.0,0.0,0.0,0.0,0.0,0.0,0.0,0.0,0.0,0.0,0.0,0.0,0.0,0.0,0.0,0.0,0.0,0.0,0.0
2025-08-25 22:00:00+00:00,225,3390,0.0,0.0,0.0,0.0,0.0,0.0,0.0,0.0,0.0,0.0,0.0,0.0,0.0,0.0,0.0,0.0,0.0,0.0,0.0,0.0,0.0
2025-08-25 22:15:00+00:00,226,3405,0.0,0.0,0.0,0.0,0.0,0.0,0.0,0.0,0.0,0.0,0.0,0.0,0.0,0.0,0.0,0.0,0.0,0.0,0.0,0.0,0.0
2025-08-25 22:30:00+00:00,227,3420,0.0,0.0,0.0,0.0,0.0,0.0,0.0,0.0,0.0,0.0,0.0,0.0,0.0,0.0,0.0,0.0,0.0,0.0,0.0,0.0,0.0
2025-08-25 22:45:00+00:00,228,3435,0.0,0.0,0.0,0.0,0.0,0.0,0.0,0.0,0.0,0.0,0.0,0.0,0.0,0.0,0.0,0.0,0.0,0.0,0.0,0.0,0.0
2025-08-25 23:00:00+00:00,229,3450,0.0,0.0,0.0,0.0,0.0,0.0,0.0,0.0,0.0,0.0,0.0,0.0,0.0,0.0,0.0,0.0,0.0,0.0,0.0,0.0,0.0
2025-08-25 23:15:00+00:00,230,3465,0.0,0.0,0.0,0.0,0.0,0.0,0.0,0.0,0.0,0.0,0.0,0.0,0.0,0.0,0.0,0.0,0.0,0.0,0.0,0.0,0.0
2025-08-25 23:30:00+00:00,231,3480,0.0,0.0,0.0,0.0,0.0,0.0,0.0,0.0,0.0,0.0,0.0,0.0,0.0,0.0,0.0,0.0,0.0,0.0,0.0,0.0,0.0
2025-08-25 23:45:00+00:00,232,3495,0.0,0.0,0.0,0.0,0.0,0.0,0.0,0.0,0.0,0.0,0.0,0.0,0.0,0.0,0.0,0.0,0.0,0.0,0.0,0.0,0.0
2025-08-26 00:00:00+00:00,233,3510,0.0,0.0,0.0,0.0,0.0,0.0,0.0,0.0,0.0,0.0,0.0,0.0,0.0,0.0,0.0,0.0,0.0,0.0,0.0,0.0,0.0
2025-08-26 00:15:00+00:00,234,3525,0.0,0.0,0.0,0.0,0.0,0.0,0.0,0.0,0.0,0.0,0.0,0.0,0.0,0.0,0.0,0.0,0.0,0.0,0.0,0.0,0.0
2025-08-26 00:30:00+00:00,235,3540,0.0,0.0,0.0,0.0,0.0,0.0,0.0,0.0,0.0,0.0,0.0,0.0,0.0,0.0,0.0,0.0,0.0,0.0,0.0,0.0,0.0
2025-08-26 00:45:00+00:00,236,3555,0.0,0.0,0.0,0.0,0.0,0.0,0.0,0.0,0.0,0.0,0.0,0.0,0.0,0.0,0.0,0.0,0.0,0.0,0.0,0.0,0.0
2025-08-26 01:00:00+00:00,237,3570,0.0,0.0,0.0,0.0,0.0,0.0,0.0,0.0,0.0,0.0,0.0,0.0,0.0,0.0,0.0,0.0,0.0,0.0,0.0,0.0,0.0
2025-08-26 01:15:00+00:00,238,3585,0.0,0.0,0.0,0.0,0.0,0.0,0.0,0.0,0.0,0.0,0.0,0.0,0.0,0.0,0.0,0.0,0.0,0.0,0.0,0.0,0.0
2025-08-26 01:30:00+00:00,239,3600,0.0,0.0,0.0,0.0,0.0,0.0,0.0,0.0,0.0,0.0,0.0,0.0,0.0,0.0,0.0,0.0,0.0,0.0,0.0,0.0,0.0
2025-08-26 01:45:00+00:00,240,3615,0.0,0.0,0.0,0.0,0.0,0.0,0.0,0.0,0.0,0.0,0.0,0.0,0.0,0.0,0.0,0.0,0.0,0.0,0.0,0.0,0.0
2025-08-26 02:00:00+00:00,241,3630,0.0,0.0,0.0,0.0,0.0,0.0,0.0,0.0,0.0,0.0,0.0,0.0,0.0,0.0,0.0,0.0,0.0,0.0,0.0,0.0,0.0
2025-08-26 02:15:00+00:00,242,3645,0.0,0.0,0.0,0.0,0.0,0.0,0.0,0.0,0.0,0.0,0.0,0.0,0.0,0.0,0.0,0.0,0.0,0.0,0.0,0.0,0.0
2025-08-26 02:30:00+00:00,243,3660,0.0,0.0,0.0,0.0,0.0,0.0,0.0,0.0,0.0,0.0,0.0,0.0,0.0,0.0,0.0,0.0,0.0,0.0,0.0,0.0,0.0
2025-08-26 02:45:00+00:00,244,3675,0.0,0.0,0.0,0.0,0.0,0.0,0.0,0.0,0.0,0.0,0.0,0.0,0.0,0.0,0.0,0.0,0.0,0.0,0.0,0.0,0.0
2025-08-26 03:00:00+00:00,245,3690,0.0,0.0,0.0,0.0,0.0,0.0,0.0,0.0,0.0,0.0,0.0,0.0,0.0,0.0,0.0,0.0,0.0,0.0,0.0,0.0,0.0
2025-08-26 03:15:00+00:00,246,3705,0.0,0.0,0.0,0.0,0.0,0.0,0.0,0.0,0.0,0.0,0.0,0.0,0.0,0.0,0.0,0.0,0.0,0.0,0.0,0.0,0.0
2025-08-26 03:30:00+00:00,247,3720,0.0,0.0,0.0,0.0,0.0,0.0,0.0,0.0,0.0,0.0,0.0,0.0,0.0,0.0,0.0,0.0,0.0,0.0,0.0,0.0,0.0
2025-08-26 03:45:00+00:00,248,3735,0.0,0.0,0.0,0.0,0.0,0.0,0.0,0.0,0.0,0.0,0.0,0.0,0.0,0.0,0.0,0.0,0.0,0.0,0.0,0.0,0.0
2025-08-26 04:00:00+00:00,249,3750,0.0,0.0,0.0,0.0,0.0,0.0,0.0,0.0,0.0,0.0,0.0,0.0,0.0,0.0,0.0,0.0,0.0,0.0,0.0,0.0,0.0
2025-08-26 04:15:00+00:00,250,3765,0.0,0.0,0.0,0.2140489531806362,0.46175883045016275,0.7094687077196896,0.9571785849892162,1.5615724907195714,2.280582940210917,3.0222125446917794,4.03958492257337,5.184680951851943,6.528602775822999,8.467618707459119,10.732643869895144,14.723064116821945,22.103006355005224,31.211484985275725,40.15067486793101,86.24639368170234,10.123520596563113
2025-08-26 04:30:00+00:00,251,3780,0.0,1.568819859046883,6.731331720794181,11.987066736235795,28.210896017368857,46.15926089887717,60.10535688397763,72.37670934073024,92.25123733377443,105.4858244166971,136.18364216640572,164.46426745065875,185.88005086123428,285.2192293757579,356.6183508210426,436.641704352332,524.6217492591453,608.1630802538614,726.1239413576084,1127.4368161994987,221.7663075908818
2025-08-26 04:45:00+00:00,252,3795,106.63449258071601,213.65045857932202,287.91353212725204,332.89470041818186,390.47280075439704,459.1059478202541,562.9643167941529,641.3236389324904,699.9206708417373,815.2557856461186,909.1316845107608,1020.7436104431907,1142.9156439678607,1296.9688303715022,1383.2927470441339,1491.3439489772834,1558.6903337759002,1726.3804802018649,1862.2640442051709,2613.388551067657,915.4840045066404
2025-08-26 05:00:00+00:00,253,3810,119.19879889554717,324.4868747126241,494.4393801857076,612.0840014032575,820.3909985638516,1079.0837509009575,1248.9769437831799,1461.9873048245972,1680.0149421620033,1857.7181879087811,2149.659012156675,2494.404834227903,2797.708336740851,2897.755446152628,2993.937550445017,3159.739655331088,3360.5166410987736,3520.6438406666507,3872.368945198877,5161.674093105778,1983.4430155316345
2025-08-26 05:15:00+00:00,254,3825,385.61135625300255,797.3583510228514,958.9787882366047,1482.3429094988448,1835.928970284451,2082.8014004600864,2450.463245921401,2885.6266355155326,3159.5189126529676,3814.608835583783,4113.397161583759,4461.264067317776,4632.808040590671,4801.150217360633,5062.753827954454,5351.613801946641,5526.599395349312,5895.815896593351,6553.930058385647,8399.340988348795,3530.2989988814297
2025-08-26 05:30:00+00:00,255,3840,615.674429894357,1271.2709586561887,1616.2557526537946,2416.406908116113,2721.560597141243,3169.3116017908656,3695.5666820690853,4132.923302299474,4785.125089797745,5639.590806054493,6261.876794268174,6571.974806712974,6860.392320248262,7136.122226336409,7509.073009699082,7845.209258559749,8139.0612065446985,8592.228177613317,9504.651790526199,12126.289286955705,5237.186656319583
2025-08-26 05:45:00+00:00,256,3855,919.2648487575951,1779.4261015706934,2518.8033326974114,3233.642051299097,3706.26580125335,4399.389949981934,4989.071807675905,5965.420270882036,6866.353998538875,7743.891421802963,8482.842238037485,8844.02403532194,9300.768293616491,9579.702891826664,10080.615518893217,10429.10902904222,10874.235388774803,11652.98992526196,12625.956134730797,16187.744235360251,7115.598078669566
2025-08-26 06:00:00+00:00,257,3870,1421.4986141757543,2687.1247470257304,3635.0930272686833,4295.0508902543115,4843.261846151869,5688.38308399315,6897.26082177189,8063.717450457694,9433.406706170053,10409.678723741898,10916.520290265356,11470.33500443987,11984.451412991175,12494.052406752942,12952.172568080943,13416.811089806195,14122.564050670579,14915.10489273654,16046.326590497585,20509.089683991835,9311.24391499275
2025-08-26 06:15:00+00:00,258,3885,2522.870153293137,3094.028823324087,4794.587922463582,5935.180192147685,6848.5897930075125,7856.681289188082,8516.998962685997,9570.70424300342,10864.965782357785,12427.901905029043,13825.363857605143,14594.452560443116,15186.846403345202,15699.33174891838,16425.436871763584,17047.804483285934,17598.509812589324,18841.39749677072,20188.558935343008,25001.27480758313,11786.955301635919
2025-08-26 06:30:00+00:00,259,3900,2461.247879816632,3577.6743162119437,5361.139985732868,7066.892159246113,7696.246286659209,8370.988742209991,9163.751384828327,9963.801738855318,11036.782403712248,12261.25355437586,14342.069354498935,16503.03687440594,17726.28120067058,18435.845138684614,19328.489758398544,20056.08254218135,21014.34721621727,21654.32933007353,23380.21927124262,29779.210857215727,13382.95691974194
2025-08-26 06:45:00+00:00,260,3915,1464.8028312714996,3627.3712801856013,6011.038552844744,7200.2793558665535,8479.110070258423,9214.655461712477,10278.46286074899,11203.497581719275,12351.670561714178,13120.3735175235,15260.20435727232,18132.937332399128,19535.830977338246,20590.59764461853,21536.684609579814,22285.03540019446,23729.81722529906,24818.973227893144,26119.987668918176,34464.50509423718,14556.652513536996
2025-08-26 07:00:00+00:00,261,3930,1576.1326805069543,3636.3218829960388,5695.252500118075,7281.6161624456045,8427.40556026471,9682.279324966514,10617.292321057987,11938.37450377247,12853.129725413744,14407.524423270215,15924.962455545183,18457.126917400197,19990.048124192348,21540.303804450323,23590.81823423362,24987.76924042743,26272.185232675078,28213.212994499834,30223.88952600061,39113.732758137325,15661.40209483236
2025-08-26 07:15:00+00:00,262,3945,1776.772620736419,2884.9059128476583,4270.64997601542,5674.592380862285,6303.4736961208755,8117.057897891753,9497.080689626828,10651.288796224175,12338.267224418121,13437.609955148,14639.773164415983,16316.478531908886,19031.045809872994,21442.006373403565,23623.891631336694,25713.772302007565,27614.646882434045,29302.479376223804,32139.230381339363,43689.43737708184,15222.551145752906
2025-08-26 07:30:00+00:00,263,3960,584.3045192458632,2132.4234817668207,3640.848835487231,5112.987615812598,6181.233551920883,6921.724084678599,8891.959401764783,10892.4421393644,11984.824115063602,13879.23385741008,15370.249976249164,17406.477820372394,19185.142711702887,21083.27176459865,23757.502616989997,26932.9914751491,29482.784569814274,31878.186879535097,35164.33062836061,48149.130057891096,15597.617995923418
2025-08-26 07:45:00+00:00,264,3975,481.9385702207792,2252.385479156699,3286.4688687858506,5393.866438314302,6696.066391842444,7436.302939388424,9223.438603874602,10923.433551831922,12491.71953259336,14024.287497094865,15843.307252745242,18283.084585388526,19906.5919009015,21975.39650182031,24319.58786592534,27036.355002182896,30332.586289733423,33777.86698758473,37536.96293758672,52455.61410337279,16229.839252434333
2025-08-26 08:00:00+00:00,265,3990,552.6706153505231,2540.860370394759,4551.826243248289,6260.242677502075,7552.01529510745,8090.688286086958,9830.42740322036,11512.023320536076,13442.543175656714,15346.171699506067,16988.01366137799,19424.930014937905,21120.479067254782,22652.93689471969,24730.762303336298,27231.941272380573,31261.649914385987,34141.624187713496,39033.148743832506,56575.920896283555,17074.53672415172
2025-08-26 08:15:00+00:00,266,4005,1078.6147855026245,1369.9195085945742,3160.9694249923837,5821.224824181132,8416.957634051614,10771.709163714115,13185.31133166647,15187.70028210834,17407.92952904353,18953.486932042615,20414.286498914124,22591.34379998692,24306.65529661475,25315.22553456912,26601.23873370067,28941.517894216402,31047.70107847627,34893.172324698804,37903.64637410091,60480.56214699874,18548.12572375088
2025-08-26 08:30:00+00:00,267,4020,709.2284797386804,969.7459245840868,2826.6984367657183,4421.783948121208,8087.870621904259,9378.127370475973,11769.736819275,15091.599037189486,16691.520634501332,19241.585022205498,21125.651432287643,23576.288514127544,25107.648049626296,26183.26352341562,27778.979012812393,30268.188270926377,32300.092777050853,36084.200566246254,39715.35311387728,64088.332438015444,18794.837982902533
2025-08-26 08:45:00+00:00,268,4035,685.7296482801887,1401.0187405247325,6223.279764737252,9176.309475167616,11010.62332555399,12977.872567329132,15581.89188223845,16919.979612013245,19541.564702688233,21527.413254398107,24727.826710709836,25808.08573486232,26929.359336853347,28840.08119864666,31211.088839904343,33629.097532566404,36697.41675215258,39010.186223921155,44074.404385005524,67257.8810291711,21534.604733790555
2025-08-26 09:00:00+00:00,269,4050,347.2017270968152,3750.4937895871535,6653.957552602624,9245.083249524858,11229.9767371081,13614.289825351727,15404.742978115015,16545.203937585004,18855.132904537848,21056.60064294677,24802.631297808897,26120.3657126426,27358.493733790303,29534.399436541735,32348.947377211363,37611.280888111374,39216.390718632654,43058.54890724079,48576.19611169959,70353.06946893962,22813.575564611463
2025-08-26 09:15:00+00:00,270,4065,6164.332549454466,8978.888134396178,10764.841573410056,13638.38156834668,15110.652652103612,16559.806757455342,17395.831979500108,19004.750493998374,21243.25848488075,22870.051606274596,25064.95058165586,27622.87119618165,28324.76063246745,31018.1034585419,36293.14484337482,39899.70283892905,44562.709311201375,46781.49046687275,49075.915802023526,73141.58607414327,25655.91440272297
2025-08-26 09:30:00+00:00,271,4080,7795.3431690584175,11715.28114744504,15590.754403706009,16602.093779024122,18243.549013588756,19210.97348637964,21825.162804079406,23427.615970998962,24613.30167257768,25781.44402941473,27619.708482005735,29274.281245329697,31354.91986786167,33972.74010966128,38602.09582584101,44938.56919727102,48616.87371285831,50133.191672034096,53290.94789513145,75606.78887339706,29104.659205993623
2025-08-26 09:45:00+00:00,272,4095,8923.644023087312,12338.795400975076,16081.294708870164,17389.7740938084,18987.56852874653,20084.200343354478,22146.422909337456,24257.268096158994,25723.735400685353,27216.114881104782,29287.63688964619,31171.32018186058,33807.04742592131,35516.49703362357,38932.73068855396,46775.60540667034,50514.35940129288,51860.895600910226,55304.82131105635,77734.20026156845,30373.08211552949
2025-08-26 10:00:00+00:00,273,4110,8796.49440082544,12003.427771420771,15918.455586441976,17867.22770278206,19198.954525812853,20614.870962087705,21472.52075818612,24292.164258116256,26209.5785561206,27547.669737881482,29565.47784542991,31636.5381099264,33880.130378260554,36437.20067942328,38391.93670703822,42079.83536985477,50606.591248800614,53278.18809278,56266.295478130756,79511.48741484116,30433.67733916916
2025-08-26 10:15:00+00:00,274,4125,8846.904251968335,12021.63854905185,16120.164249489431,18306.490263364652,19764.8899958393,21231.29679146717,21894.233453198638,25047.638404359015,26868.741732939936,28376.89947642579,30837.683110180824,32652.008984266165,35091.457955349266,37597.209999198785,39884.38233986632,44387.324531720275,52006.33590284647,54365.90387066066,57918.2884110996,80928.46275850685,31331.86150990294
2025-08-26 10:30:00+00:00,275,4140,8735.468176763987,12835.933325102276,17401.18797605147,19051.501374638894,20495.33414274488,21741.147151095545,25195.150270550836,27419.962701461438,29245.62975892567,31399.71776544085,33043.686622582994,35496.48529440702,37974.84975363754,41162.22059149932,44491.283984983864,50593.78635568841,54397.96485989383,56318.62818841151,59846.717651982304,81977.09676951866,32967.99988031179
2025-08-26 10:45:00+00:00,276,4155,8615.375977851278,10923.41751496649,15879.866990069488,19132.832555700887,21183.389639127257,23602.521369789072,27713.392989142474,29649.754643701654,32035.22364785754,33590.05938130604,35986.571449421666,38856.13593322564,43037.000759098606,46108.07406322523,51442.92500559319,54712.98801285803,56287.48610986063,58135.5378678825,60503.356633441676,82651.53693532078,35014.03390459939
2025-08-26 11:00:00+00:00,277,4170,8079.917665135987,10525.016430029578,14419.273262689285,19768.908929389832,21775.500495135246,25892.288669438385,29619.442196703494,32348.450155690585,33832.109639442315,36200.034380259436,39173.38694014069,42785.91424821908,45511.84454296346,50145.677329622325,52738.18566651473,55230.74077687528,56819.662314099,59308.0471018488,60848.72068587553,82948.12746132925,36398.40797268198
2025-08-26 11:15:00+00:00,278,4185,6840.0629060018255,9877.758468687243,15527.41772720147,20479.87669922826,25567.455202666577,28946.30993650095,31599.946204364845,33461.14846363911,37053.41733361323,39182.261510912766,42688.77401155164,44756.350998405745,47860.21965320606,50486.43029035534,52680.22607722553,55077.79558524161,56816.49468640394,58833.70989047188,60302.786379067125,82865.4255407965,37638.945589936746
2025-08-26 11:30:00+00:00,279,4200,5641.909887297024,9335.453728308397,18876.05592895674,20750.612288454722,27840.410547681488,30785.983644981054,32789.157876335565,36374.27079193079,38450.905674709815,41283.09483307554,43790.57794039304,46889.14878880991,49475.92731131258,51744.61229677606,54083.59461728771,55665.961479588026,57256.835007577116,58998.44260792747,60642.45078391358,82404.21116093968,38787.51499732528
2025-08-26 11:45:00+00:00,280,4215,4767.858295157481,8173.4713631271115,13943.49205161939,19663.048837753577,26610.763579028848,29710.23304723671,31965.989822540254,34737.25329329022,37587.22244564424,40602.50785037548,43591.84727001125,46302.09984489797,48640.31178531506,50765.204042899735,53413.73219527089,55052.990223389905,56078.92063917193,57895.4221554837,60363.51334719434,81567.48892350584,37719.25172494832
2025-08-26 12:00:00+00:00,281,4230,4316.267698931496,6969.041725304512,11040.214874979607,18443.423207551656,25179.014959570897,29804.11147381897,31871.72759088145,36173.83807326361,38188.99454608337,41194.16038254184,43717.33117599866,46389.82189664625,47903.034122020275,50520.46570102882,52400.570931311515,54326.40388006911,55322.90848120414,57304.72692872913,59725.4278101743,80360.48235444858,37243.74679471774
2025-08-26 12:15:00+00:00,282,4245,3159.811721054739,5482.199944999464,9376.656055512789,16509.643052655636,22257.219303673402,26950.958926972322,30120.376858447766,34407.13616772725,36808.29081616041,38624.96699776315,41702.47270633782,44416.6958635219,45798.87183472784,49091.202084091994,51467.0039492808,53191.81098845011,54913.85529639849,57013.30296544326,59257.44562608693,78790.6228386956,35678.488436140775
2025-08-26 12:30:00+00:00,283,4260,2642.9695126227152,4843.94337456364,8788.703408360827,15929.366160852884,20671.478677850766,25578.950184493435,28654.47939094203,31138.7299733523,35697.56540363418,37500.33482206826,40442.59572088183,42957.066017288445,44137.80629778033,47093.10807003979,49194.38457339896,51830.18440189582,53498.168056485316,56491.65038655974,58517.82234196619,76867.53695030224,34401.45869678022
2025-08-26 12:45:00+00:00,284,4275,3395.805986533657,5288.341056628177,7689.15286221184,11460.002226434435,16444.830729426092,19366.275964592547,23050.300824402057,26534.30652671536,29473.1876144087,34516.04454051562,37087.84803237242,39389.355082188136,41598.37113368957,43457.70791388847,46825.815548871884,48614.70006676016,50970.846770453965,53859.73406524118,57033.48649233121,74603.03712666476,31388.104947551095
2025-08-26 13:00:00+00:00,285,4290,3280.1846714763847,5119.998205560148,7474.536959977449,11033.442850797484,15624.939642282414,18097.956481508314,20823.436868796143,23651.245347719596,26826.44103779432,32733.14516352741,37147.76679756848,39125.55318085147,41215.24347604981,42521.07535750898,45936.41735854436,47859.873468336315,49520.945518593064,52506.83177957328,55090.336330810904,72011.12119419221,30414.164016999024
2025-08-26 13:15:00+00:00,286,4305,3503.6871438363164,5236.986547082487,6902.845597506615,10964.184781654807,15350.403780185688,17350.5226203075,20423.27182056596,23473.909577166727,26759.47880938017,29047.97811518966,34862.15011599693,37336.526310594236,39505.924141721545,40937.22083991639,43771.92878637056,46175.470762455225,47771.9601529801,50212.3565248488,52870.45171145906,69107.98733258025,29193.77752894845
2025-08-26 13:30:00+00:00,287,4320,3317.996371437107,4852.1390337009,6465.3963387122185,10335.58004102257,14615.763093566815,16804.68004925155,19774.230855846894,22937.90233786009,25999.212820269662,29652.513143109423,33609.199867412644,35445.84353603751,37260.96502864852,38899.970317683714,41577.94761864443,43790.61752669751,45194.32163990007,47645.0801483879,50583.41554176206,65912.07221969038,27933.837140756754
2025-08-26 13:45:00+00:00,288,4335,4078.332256847232,6324.314987735798,11300.514733018159,14478.079199523938,16981.178902278156,19944.728585262183,22866.716442419605,25032.684836233388,28127.947429553802,31563.909128465206,33632.49606973359,35490.011639625416,36811.9026811389,38960.452370737185,40854.36697454655,42692.782098053816,43917.92503294223,45954.52997256023,48116.29094546212,62500.085424625446,28771.712027382182
2025-08-26 14:00:00+00:00,289,4350,4457.667702190124,9031.801857301407,10783.602213849988,14126.927756217334,17886.40074764818,20733.277049187687,23358.968990668007,26191.320319850376,29619.82858506246,31011.446145799,33041.824021274624,34416.502379846825,35959.51039016878,38022.26431579927,39702.16753439376,40570.000891696254,41741.439084183454,43024.75710376749,45623.48465053474,58924.92334972883,28302.65646455368
2025-08-26 14:15:00+00:00,290,4365,4684.485922968662,9080.688152966097,10560.157027490528,13643.275284068288,17056.516229176814,20005.3512259273,22266.15926670324,25040.394914679317,27831.13646148405,29158.86508455323,31010.361251043934,32432.01257502286,34452.799099930766,36172.238485195434,37443.16803907022,38042.58368391021,39242.091137234034,41145.4234660131,42988.69760602534,54965.821111616984,26868.430814965086
2025-08-26 14:30:00+00:00,291,4380,4720.337861650457,8433.346331290408,9563.394222963929,12520.13413527755,15826.901761025762,19300.629959815535,22223.833619589812,24845.324265408617,26445.61954006242,27897.84020497959,29167.13820286104,30092.580566868637,31969.144818118773,33452.4871643455,34571.6076504096,35247.838802225655,36322.53816031934,38051.52983253635,39744.5398454374,50812.45361025305,25178.907611889812
2025-08-26 14:45:00+00:00,292,4395,7025.221706578433,8532.42639621448,9887.940527344488,13265.029744850804,16898.59000575239,18796.213775056895,21381.88170634129,23545.922909033383,24444.64495175123,25996.21401318606,26859.901212471133,27886.81269242162,29884.659842678207,31323.259555199467,31972.763168036723,32745.35365946055,33628.00152694188,35183.96880802133,36525.685466678224,46496.57562257159,23878.439462606806
2025-08-26 15:00:00+00:00,293,4410,6670.870314338147,7957.13480153983,10504.329065215004,12884.969965814129,15485.993358630423,17026.41784653978,19234.966524340118,21218.33280064173,22111.87748170108,23408.94187443839,24252.665464036978,25066.11005419831,27126.492242716897,28295.09402759498,28938.97109616547,29801.480138895273,30608.862957647394,31861.16151858009,32943.79044808834,42053.542797434704,21764.250378223962
2025-08-26 15:15:00+00:00,294,4425,5904.816601140137,7139.167025018542,9755.845634247102,11650.60916238672,13973.540824672424,15641.724866144783,17257.925736956626,19001.93303491801,19716.59388626767,20839.41492860698,21574.573834169852,22218.774302617443,23451.30324893456,24773.433294446317,25659.89871359048,26550.12808772894,27494.507884551225,28510.427781486207,29469.653075880327,37523.01699383278,19419.17048666409
2025-08-26 15:30:00+00:00,295,4440,5118.706331042022,6230.698685617856,8301.137735829656,10853.789923254986,13065.739317173693,14031.404457306013,15376.876040939196,16739.16352565255,17606.902894552037,18528.1402545263,18992.848916905434,19819.375183131913,20867.526389129118,21788.59925219799,22508.275966711815,23266.217609325788,24191.10237708698,25064.11441946676,25994.94469265032,32949.93429912905,17314.558470228327
2025-08-26 15:45:00+00:00,296,4455,4401.207716800741,5362.986666301024,6051.452656212008,8294.214157611523,10089.174247637195,11534.880284345585,12627.923414224639,14068.394209084594,14825.749038538266,15792.151311889871,16251.753581146571,16651.720957839305,17449.622159587943,18259.472174505852,18913.768208835172,19601.781900625258,20415.716180683678,21573.17930798506,22465.13808064909,28385.796421253453,14506.041017244115
2025-08-26 16:00:00+00:00,297,4470,3907.0329091386816,4619.806645141135,5303.035123333385,6777.3851561234305,8445.99767450294,9853.62870304536,10659.00593563426,11719.805219472279,12563.976006791338,13246.370663057836,13645.248466153525,13975.55799651664,14496.810569735997,15212.203324611412,16046.120871043935,16607.110046254376,17385.315411014788,18310.98548332855,19009.222224766523,23801.613150102636,12469.915828732528
2025-08-26 16:15:00+00:00,298,4485,3586.071475453525,4045.7463744026795,5192.500692598185,6636.041288442655,7533.040366544468,8189.068492656367,9115.858201280695,9725.998397277493,10381.127813796713,10776.287180212259,11110.774278165945,11391.737070109804,11819.871925294958,12211.985471684913,12655.562896627145,13449.664653031106,13918.409593535993,14565.754167581994,15399.610301269146,19378.41541357642,10285.656216989119
2025-08-26 16:30:00+00:00,299,4500,2860.3800750977757,3237.7683353619823,4846.77802991615,5347.13408563215,6094.178086567849,6466.310764475656,7155.187853999741,7672.494460097403,8180.8077245710465,8437.568095254917,8750.752645674755,8989.499222929917,9277.79863193959,9501.737059262328,9836.147888272768,10405.906942379073,10784.295842590025,11330.12713476603,11994.971486188902,15238.66940427675,8066.567048006904
2025-08-26 16:45:00+00:00,300,4515,1549.8314897936864,2248.809713461986,2655.990087700492,3777.0366093781536,4209.780151775458,4907.7109103316925,5477.5130337086175,5745.576876130328,5973.415472651397,6144.986286192425,6355.684955776966,6596.12669019814,6775.320463524805,6960.936736126974,7222.649397979667,7379.214526783313,7793.682686535301,8104.616289816053,8968.941918578288,11384.318712446058,5854.5344100363245
2025-08-26 17:00:00+00:00,301,4530,959.3718594375722,1552.39934491631,1769.4056782746334,2310.3634133403807,2837.6023361871885,3235.4018055273004,3478.093359451611,3876.1176837755766,4059.7751707851385,4190.464283249249,4360.4887656479705,4523.541990425063,4655.2839651987115,4804.628378392835,5013.6785960681,5124.7452477426805,5313.470602014883,5583.278399989118,6218.909068036205,7911.113424685817,3959.949272559031
2025-08-26 17:15:00+00:00,302,4545,577.9480646280163,990.75021856341,1227.2343199293953,1659.7925299257947,1796.8589098219848,2033.7719037503598,2179.1528462520255,2417.9026763491042,2532.9478109701063,2607.6710367271708,2711.788718174115,2813.3555894538736,2902.203277695607,2983.2404593198353,3117.6545933057796,3191.9885256707794,3330.5411729898437,3493.556771994551,3904.385252402768,4923.271559470846,2489.7263421813645
2025-08-26 17:30:00+00:00,303,4560,333.64572284037604,601.7252343310877,809.728500181661,986.5777443643391,1050.5102950978974,1190.8326160456409,1277.974067195326,1400.5959932243425,1487.9965089322725,1531.9892736102302,1584.5371381287844,1630.5185991164294,1699.664501631072,1741.7295866505901,1819.8066100603382,1874.2315375188866,1933.1906573272204,2039.0839979606776,2305.316316133102,2935.72945540006,1462.9102916239824
2025-08-26 17:45:00+00:00,304,4575,223.8887230681078,360.6478410918195,470.0496163633709,579.6390162558035,623.2801704512776,672.0163439567609,760.0209885370535,833.9850671929286,872.7886088225699,914.9652795898585,943.3788664855554,979.1638319245037,1018.7268486441977,1044.3322613715359,1092.5838079313712,1130.5185714291204,1165.674170426671,1236.4217386156283,1394.8783397722423,1777.513700024953,874.8505546058327
2025-08-26 18:00:00+00:00,305,4590,47.43309922709886,88.17512055960714,122.11978841482308,149.80115768278225,158.5185422612794,170.0289511337461,191.51436129333925,211.7964084052846,223.74256363219112,232.59333535472365,242.1123016396002,251.32313918023502,259.8571268321708,265.51391207264237,279.04776660736366,288.2649916562873,295.116628876539,315.99601262931515,360.64109593327913,459.7638871360525,222.86320143555906
2025-08-26 18:15:00+00:00,306,4605,0.0006726603441936202,0.0026224133231000954,0.0038470962325285766,0.005040688360941861,0.005477777711343897,0.0060509824996164314,0.0067881281434461595,0.0075432357759487355,0.008005810822800222,0.008400940552886487,0.008728988784257529,0.009112400430428559,0.009511212720430132,0.009793250016299805,0.010208293623638998,0.010591234318228702,0.010836624060874607,0.011567738877243617,0.013487321272444255,0.017991365432719442,0.007973165721874552
2025-08-26 18:30:00+00:00,307,4620,0.0,0.0,0.0,0.0,0.0,0.0,0.0,0.0,0.0,0.0,0.0,0.0,0.0,0.0,0.0,0.0,0.0,0.0,0.0,0.0,0.0
2025-08-26 18:45:00+00:00,308,4635,0.0,0.0,0.0,0.0,0.0,0.0,0.0,0.0,0.0,0.0,0.0,0.0,0.0,0.0,0.0,0.0,0.0,0.0,0.0,0.0,0.0
2025-08-26 19:00:00+00:00,309,4650,0.0,0.0,0.0,0.0,0.0,0.0,0.0,0.0,0.0,0.0,0.0,0.0,0.0,0.0,0.0,0.0,0.0,0.0,0.0,0.0,0.0
2025-08-26 19:15:00+00:00,310,4665,0.0,0.0,0.0,0.0,0.0,0.0,0.0,0.0,0.0,0.0,0.0,0.0,0.0,0.0,0.0,0.0,0.0,0.0,0.0,0.0,0.0
2025-08-26 19:30:00+00:00,311,4680,0.0,0.0,0.0,0.0,0.0,0.0,0.0,0.0,0.0,0.0,0.0,0.0,0.0,0.0,0.0,0.0,0.0,0.0,0.0,0.0,0.0
2025-08-26 19:45:00+00:00,312,4695,0.0,0.0,0.0,0.0,0.0,0.0,0.0,0.0,0.0,0.0,0.0,0.0,0.0,0.0,0.0,0.0,0.0,0.0,0.0,0.0,0.0
2025-08-26 20:00:00+00:00,313,4710,0.0,0.0,0.0,0.0,0.0,0.0,0.0,0.0,0.0,0.0,0.0,0.0,0.0,0.0,0.0,0.0,0.0,0.0,0.0,0.0,0.0
2025-08-26 20:15:00+00:00,314,4725,0.0,0.0,0.0,0.0,0.0,0.0,0.0,0.0,0.0,0.0,0.0,0.0,0.0,0.0,0.0,0.0,0.0,0.0,0.0,0.0,0.0
2025-08-26 20:30:00+00:00,315,4740,0.0,0.0,0.0,0.0,0.0,0.0,0.0,0.0,0.0,0.0,0.0,0.0,0.0,0.0,0.0,0.0,0.0,0.0,0.0,0.0,0.0
2025-08-26 20:45:00+00:00,316,4755,0.0,0.0,0.0,0.0,0.0,0.0,0.0,0.0,0.0,0.0,0.0,0.0,0.0,0.0,0.0,0.0,0.0,0.0,0.0,0.0,0.0
2025-08-26 21:00:00+00:00,317,4770,0.0,0.0,0.0,0.0,0.0,0.0,0.0,0.0,0.0,0.0,0.0,0.0,0.0,0.0,0.0,0.0,0.0,0.0,0.0,0.0,0.0
2025-08-26 21:15:00+00:00,318,4785,0.0,0.0,0.0,0.0,0.0,0.0,0.0,0.0,0.0,0.0,0.0,0.0,0.0,0.0,0.0,0.0,0.0,0.0,0.0,0.0,0.0
2025-08-26 21:30:00+00:00,319,4800,0.0,0.0,0.0,0.0,0.0,0.0,0.0,0.0,0.0,0.0,0.0,0.0,0.0,0.0,0.0,0.0,0.0,0.0,0.0,0.0,0.0
2025-08-26 21:45:00+00:00,320,4815,0.0,0.0,0.0,0.0,0.0,0.0,0.0,0.0,0.0,0.0,0.0,0.0,0.0,0.0,0.0,0.0,0.0,0.0,0.0,0.0,0.0
2025-08-26 22:00:00+00:00,321,4830,0.0,0.0,0.0,0.0,0.0,0.0,0.0,0.0,0.0,0.0,0.0,0.0,0.0,0.0,0.0,0.0,0.0,0.0,0.0,0.0,0.0
2025-08-26 22:15:00+00:00,322,4845,0.0,0.0,0.0,0.0,0.0,0.0,0.0,0.0,0.0,0.0,0.0,0.0,0.0,0.0,0.0,0.0,0.0,0.0,0.0,0.0,0.0
2025-08-26 22:30:00+00:00,323,4860,0.0,0.0,0.0,0.0,0.0,0.0,0.0,0.0,0.0,0.0,0.0,0.0,0.0,0.0,0.0,0.0,0.0,0.0,0.0,0.0,0.0
2025-08-26 22:45:00+00:00,324,4875,0.0,0.0,0.0,0.0,0.0,0.0,0.0,0.0,0.0,0.0,0.0,0.0,0.0,0.0,0.0,0.0,0.0,0.0,0.0,0.0,0.0
2025-08-26 23:00:00+00:00,325,4890,0.0,0.0,0.0,0.0,0.0,0.0,0.0,0.0,0.0,0.0,0.0,0.0,0.0,0.0,0.0,0.0,0.0,0.0,0.0,0.0,0.0
2025-08-26 23:15:00+00:00,326,4905,0.0,0.0,0.0,0.0,0.0,0.0,0.0,0.0,0.0,0.0,0.0,0.0,0.0,0.0,0.0,0.0,0.0,0.0,0.0,0.0,0.0
2025-08-26 23:30:00+00:00,327,4920,0.0,0.0,0.0,0.0,0.0,0.0,0.0,0.0,0.0,0.0,0.0,0.0,0.0,0.0,0.0,0.0,0.0,0.0,0.0,0.0,0.0
2025-08-26 23:45:00+00:00,328,4935,0.0,0.0,0.0,0.0,0.0,0.0,0.0,0.0,0.0,0.0,0.0,0.0,0.0,0.0,0.0,0.0,0.0,0.0,0.0,0.0,0.0
2025-08-27 00:00:00+00:00,329,4950,0.0,0.0,0.0,0.0,0.0,0.0,0.0,0.0,0.0,0.0,0.0,0.0,0.0,0.0,0.0,0.0,0.0,0.0,0.0,0.0,0.0
2025-08-27 00:15:00+00:00,330,4965,0.0,0.0,0.0,0.0,0.0,0.0,0.0,0.0,0.0,0.0,0.0,0.0,0.0,0.0,0.0,0.0,0.0,0.0,0.0,0.0,0.0
2025-08-27 00:30:00+00:00,331,4980,0.0,0.0,0.0,0.0,0.0,0.0,0.0,0.0,0.0,0.0,0.0,0.0,0.0,0.0,0.0,0.0,0.0,0.0,0.0,0.0,0.0
2025-08-27 00:45:00+00:00,332,4995,0.0,0.0,0.0,0.0,0.0,0.0,0.0,0.0,0.0,0.0,0.0,0.0,0.0,0.0,0.0,0.0,0.0,0.0,0.0,0.0,0.0
2025-08-27 01:00:00+00:00,333,5010,0.0,0.0,0.0,0.0,0.0,0.0,0.0,0.0,0.0,0.0,0.0,0.0,0.0,0.0,0.0,0.0,0.0,0.0,0.0,0.0,0.0
2025-08-27 01:15:00+00:00,334,5025,0.0,0.0,0.0,0.0,0.0,0.0,0.0,0.0,0.0,0.0,0.0,0.0,0.0,0.0,0.0,0.0,0.0,0.0,0.0,0.0,0.0
2025-08-27 01:30:00+00:00,335,5040,0.0,0.0,0.0,0.0,0.0,0.0,0.0,0.0,0.0,0.0,0.0,0.0,0.0,0.0,0.0,0.0,0.0,0.0,0.0,0.0,0.0
2025-08-27 01:45:00+00:00,336,5055,0.0,0.0,0.0,0.0,0.0,0.0,0.0,0.0,0.0,0.0,0.0,0.0,0.0,0.0,0.0,0.0,0.0,0.0,0.0,0.0,0.0
2025-08-27 02:00:00+00:00,337,5070,0.0,0.0,0.0,0.0,0.0,0.0,0.0,0.0,0.0,0.0,0.0,0.0,0.0,0.0,0.0,0.0,0.0,0.0,0.0,0.0,0.0
2025-08-27 02:15:00+00:00,338,5085,0.0,0.0,0.0,0.0,0.0,0.0,0.0,0.0,0.0,0.0,0.0,0.0,0.0,0.0,0.0,0.0,0.0,0.0,0.0,0.0,0.0
2025-08-27 02:30:00+00:00,339,5100,0.0,0.0,0.0,0.0,0.0,0.0,0.0,0.0,0.0,0.0,0.0,0.0,0.0,0.0,0.0,0.0,0.0,0.0,0.0,0.0,0.0
2025-08-27 02:45:00+00:00,340,5115,0.0,0.0,0.0,0.0,0.0,0.0,0.0,0.0,0.0,0.0,0.0,0.0,0.0,0.0,0.0,0.0,0.0,0.0,0.0,0.0,0.0
2025-08-27 03:00:00+00:00,341,5130,0.0,0.0,0.0,0.0,0.0,0.0,0.0,0.0,0.0,0.0,0.0,0.0,0.0,0.0,0.0,0.0,0.0,0.0,0.0,0.0,0.0
2025-08-27 03:15:00+00:00,342,5145,0.0,0.0,0.0,0.0,0.0,0.0,0.0,0.0,0.0,0.0,0.0,0.0,0.0,0.0,0.0,0.0,0.0,0.0,0.0,0.0,0.0
2025-08-27 03:30:00+00:00,343,5160,0.0,0.0,0.0,0.0,0.0,0.0,0.0,0.0,0.0,0.0,0.0,0.0,0.0,0.0,0.0,0.0,0.0,0.0,0.0,0.0,0.0
2025-08-27 03:45:00+00:00,344,5175,0.0,0.0,0.0,0.0,0.0,0.0,0.0,0.0,0.0,0.0,0.0,0.0,0.0,0.0,0.0,0.0,0.0,0.0,0.0,0.0,0.0
2025-08-27 04:00:00+00:00,345,5190,0.0,0.0,0.0,0.0,0.0,0.0,0.0,0.0,0.0,0.0,0.0,0.0,0.0,0.0,0.0,0.0,0.0,0.0,0.0,0.0,0.0
2025-08-27 04:15:00+00:00,346,5205,0.056472568781693176,1.0520964484318907,2.2136785382874766,6.671716064836284,9.366787808541337,11.2086559081392,12.810604916071057,14.705620250149805,16.263726448027374,18.635084624860664,20.84290419926633,22.76560309310969,24.039321994344256,25.096206530892644,26.651421908438273,28.552224628699157,30.328369930970155,32.955314735255016,33.86119964703093,46.18909716135085,17.83675996195072
2025-08-27 04:30:00+00:00,347,5220,18.22974636059733,78.39332611553641,98.45326949034845,164.42387955238422,252.7198035812596,290.12421170705016,320.9855278621709,353.6141033707086,382.0281008857261,436.2783926728077,468.6425507964761,520.5789398491365,554.8626002583588,580.3686061536048,616.2746566782835,659.7897374873565,694.9879460311123,747.3848405611891,770.1020888351936,967.6999594902293,426.0113347060698
2025-08-27 04:45:00+00:00,348,5235,284.03516832225796,319.67933292950335,407.5171814138276,489.5053678116312,548.9052467934731,587.5411121971761,646.5712170488227,722.4689893257579,789.0360333535102,867.8667335360509,954.0013826325173,1054.7837285316618,1167.576331577427,1245.9352530314018,1348.674068609107,1594.0014640736592,1708.6799459498047,1836.53308456241,1988.1990560918134,2461.4115658126702,991.7253919074647
2025-08-27 05:00:00+00:00,349,5250,563.4489871355947,654.3531279605576,905.8207613180505,1048.2448575373116,1151.7740475040046,1248.060202012028,1393.6054795477733,1546.1092788027208,1679.00111714592,1859.5230082721796,2082.956134970204,2271.7347903017494,2419.9327666529707,2574.6396287830066,2931.049363455023,3306.916773779124,3532.307315692999,3831.4391245043553,4162.216054685394,4953.588743795897,2124.499986232556
2025-08-27 05:15:00+00:00,350,5265,883.1500752172662,1123.6335602283748,1518.2194072225584,1718.2576671360257,1917.0600430742038,2143.6011326917237,2335.4177336197095,2542.9163631932784,2785.479149759784,3140.587614182796,3448.467395409443,3795.7812105517064,4037.854104760461,4287.937133735709,5129.5976533840585,5499.111296171425,5867.974147393864,6314.043616233816,6877.344314560806,8160.0365549444,3540.578760455448
2025-08-27 05:30:00+00:00,351,5280,1206.893324896336,1908.278419025717,2303.018419695939,2704.5709520834657,3017.3108229302948,3341.272085320995,3713.005554510065,3985.805402625394,4382.1113318884945,4891.191269950629,5332.555217167327,5694.3934602471245,6232.615867800093,7164.678609307001,7760.591930269387,8274.240981436364,8756.901584363364,9383.068610945851,10440.581637093186,11886.886110180309,5410.5544631559
2025-08-27 05:45:00+00:00,352,5295,1992.9563814958053,2624.3321629183242,3348.565387216742,3864.4831955472873,4305.386380817788,4677.562859335179,5106.438260048696,5642.765952726787,6181.994585651257,6882.569391356045,7376.282747007709,8033.204938006152,8931.829891556068,10225.28389594991,10853.118556979583,11675.502551455085,12334.900551776114,13020.296217356401,13963.217815750253,15943.564429795331,7555.611326758473
2025-08-27 06:00:00+00:00,353,5310,2394.82587565306,3326.545106597687,4070.710087872969,4758.421867458313,5595.456313591664,6094.583417519269,6812.398206010677,7460.803689534532,8386.804598392278,8981.53376257462,9783.28890340813,10426.8176242696,12136.742464801928,13013.575018175894,13687.932185060641,14728.466117705764,15932.011420470952,16579.68387273899,17634.76743700325,20264.494440598206,9797.3477518496
2025-08-27 06:15:00+00:00,354,5325,4173.053131460812,5949.811728890202,7113.290671732167,8142.21945796245,8976.55763884654,9914.8910694224,11106.19900612097,12086.891763750866,13354.933915153104,14457.060865606492,15396.005682508487,16061.510802145322,16545.216076373657,17144.803232662398,18148.197229423313,19083.86550336787,19759.007695090975,20596.847037445863,21674.808159405104,24758.991362259734,13809.440471822803
2025-08-27 06:30:00+00:00,355,5340,5309.443949159236,7470.420199622996,8812.84047261009,10157.99866662062,10927.49945630175,12003.283787106067,13320.430474239347,14381.19362500751,16614.737707054748,17915.198261418835,19223.661071428454,20358.22736797075,21275.93858204807,22348.064560145536,22987.729962732996,23475.342902945777,24170.663923981156,24993.918905388506,25827.527414731972,29524.804498320915,17049.924288647417
2025-08-27 06:45:00+00:00,356,5355,7271.6611507104135,9477.003449825943,11183.805050926894,12216.602106919063,13381.578522398642,14953.466833560578,16412.05782486493,19041.799743978103,20499.025284685275,21975.877029150553,23269.104480340193,24209.699478828494,25436.884422300187,26327.496029487844,26736.090296125094,27199.464428430154,27931.897127583554,28733.24954025572,29800.819207429442,34227.277354041806,20419.564449288944
2025-08-27 07:00:00+00:00,357,5370,6530.550998732629,10146.484403435888,11655.808863708893,13542.679992065492,14981.456013700516,16524.214716174156,18539.599152985,21800.136291594165,24049.157886199428,25698.108954298696,27239.391622326966,28508.70091913318,29739.673598551693,30018.4939217733,30376.45734394365,31183.52233600786,31820.59121076615,32838.27515419977,33405.65098553647,38882.42985257607,23096.167778892388
2025-08-27 07:15:00+00:00,358,5385,6692.876168826632,11364.57169121506,12951.17908642597,15100.23899928161,16619.93016433582,19022.681246065476,21578.561901286466,24789.332475837404,27096.177779941463,29220.633502834877,30564.114892245376,32231.932319617245,33059.43368414296,33431.31282689678,33792.12733406561,34692.04908948854,35386.682436907664,36465.17161721829,37227.23284145576,43463.73474920782,25863.600103157147
2025-08-27 07:30:00+00:00,359,5400,7251.794681561376,10245.225771399108,13276.358236931625,15861.837433810497,17719.893259459954,19829.938787553157,23061.660709358603,27077.249571557848,29882.35277044593,32546.791940297615,33641.401958674694,35513.66739225338,36131.04492081742,36592.79174607601,36956.24842740499,37793.98728012682,38534.87177385071,39851.42894565801,40860.48757859767,47928.43915242941,28053.98314972847
2025-08-27 07:45:00+00:00,360,5415,7906.036845322298,11310.325388944237,14564.803416115657,17618.980986683975,19400.86342163671,22399.94626056938,27744.013928903896,31032.65297584057,33796.076872507714,35567.67621766007,36541.04680793049,37851.77803535712,39024.117760113804,39508.08627536277,39992.05479061175,40830.68725596684,41672.760513196066,42925.393746094356,44197.574724521415,52239.18371292113,30734.63206611608
2025-08-27 08:00:00+00:00,361,5430,8140.319957094278,11687.001589821219,15182.56850103971,19568.072574687147,22069.591013883408,26799.372448433063,31034.721365556587,34041.213414158476,37202.51221218546,38487.421278182395,39571.160322094285,40219.865929515225,41176.47503093078,42034.903548708775,42503.98291811022,43029.90660797588,44047.74523856931,45099.28667853335,46836.25246651374,56362.90340585653,33159.561361005464
2025-08-27 08:15:00+00:00,362,5445,12279.437709097867,15006.073335097242,17721.950563930586,21084.192809412438,22971.330644339094,26061.76372665306,29710.410648384484,35449.73921568744,38194.51465994498,40230.296311208855,40774.495596102315,42351.77378632589,43067.06455829417,43697.99734215165,44415.70159669533,44965.05940277988,45377.49764948137,45868.704158909386,47115.61636964795,60270.05677722572,34255.17793624879
2025-08-27 08:30:00+00:00,363,5460,13531.80444273801,16469.890599118455,19680.853126660342,23156.825154335616,26288.0602480904,31274.770799334266,36582.38205627502,40388.90182966363,42784.74497450173,43248.51712868301,44202.86970420789,45186.21487515688,45741.8832098048,46418.470352595854,47175.07465281845,47676.65274231535,48142.45896770993,48614.07714179317,49757.32645271765,63915.59548669444,37351.26809145387
2025-08-27 08:45:00+00:00,364,5475,14511.4737445285,18198.24756778359,21570.009523088596,25992.26259280835,31866.55478607525,37257.03743954404,40564.76217924555,43201.69259950992,45189.57830599123,45740.509494456295,46553.75138275094,47360.160846844796,47878.23516547797,48530.05413760694,49250.67161359225,49829.98981632715,50310.28094873405,50880.414498764265,51867.24767557586,67046.61444481816,39945.31519994539
2025-08-27 09:00:00+00:00,365,5490,17137.485561238056,19475.68347188349,25247.188550038212,28957.12674863417,34478.98880772895,40297.04064801611,43179.48787965822,47192.56032510928,47640.578708426096,48404.28712467241,48908.24872707939,49456.21032215741,49934.32819603328,50507.81276615003,51209.963627926896,51953.850426354526,52472.17569540315,53094.933260616344,53784.05039410609,70141.90531712769,42367.07346479998
2025-08-27 09:15:00+00:00,366,5505,17882.696778482838,20190.52040224436,26292.96313788802,32385.12612941579,37835.67306743441,42399.082743714,46517.01032746077,49102.86461554983,49547.45881701396,50338.94218531853,50769.96528248855,51296.40620308378,51809.69412588774,52304.15337120622,53044.31881730751,53724.98571899626,54338.07806941641,54898.88999381837,55810.771146144776,72929.58822440752,44293.80000322076
2025-08-27 09:30:00+00:00,367,5520,16683.965253146565,20817.52628500257,27879.23224159407,35701.32894336453,41098.4074036751,43934.02807064758,48393.185295665935,50637.12938209031,51259.700279617646,52000.3819742925,52578.78839336585,52933.39413521218,53337.0006348791,53803.81634586133,54420.28526824896,55086.62574064402,55863.80107482562,56461.21910179436,57334.88426096391,75393.0460395285,45835.41640697906
2025-08-27 09:45:00+00:00,368,5535,16627.9702980653,20109.70262689016,28454.24333240405,36133.91518722471,42153.826702114275,45642.84023649437,49896.51025822603,52119.01751620445,52623.40929652349,53363.62947283064,53925.212724212644,54254.44840473121,54628.20028802039,55182.64018142794,55785.69362238201,56499.87984210341,57269.566241397326,57941.04996688313,58689.334521529716,77517.83043796681,46668.54384754298
2025-08-27 10:00:00+00:00,369,5550,16933.932536315828,20795.078981196304,29868.26930021462,37983.98789453817,43368.030179506466,47286.82907265262,50882.74837277298,53333.748012759235,53853.03288832133,54550.31395196875,55201.61245644404,55524.96359433344,55848.17862833098,56388.4167220613,56955.35455522677,57591.79952896085,58385.44497946384,59125.16758310727,59826.10099759286,79291.64156916937,47828.17457015065
2025-08-27 10:15:00+00:00,370,5565,17216.688316563304,21802.88552456641,32619.27141221891,38365.268197308986,42690.58189774283,47101.21280855398,51512.849814329034,54176.78826060855,54688.05390713901,55376.434550123595,56129.398413325216,56440.523741060926,56739.17064579581,57208.84057106361,57774.745321457696,58454.81095785495,59242.380380707305,60019.50747022084,60675.24268293204,80704.32808969081,48581.97436840868
2025-08-27 10:30:00+00:00,371,5580,16111.114843595316,20992.09270851037,31741.218012140373,36762.627543440205,40568.57616004031,46509.63731851425,49697.62612353953,53891.97476715886,55189.94037481913,55781.74827514099,56544.16024365621,57056.166236138604,57338.91045242924,57653.60438452067,58205.46351467187,58779.863372501626,59608.299306528745,60450.676034755445,61277.08523031256,81747.89967387062,48402.34201534122
2025-08-27 10:45:00+00:00,372,5595,7836.2457700698815,22519.64847401004,33036.37981032394,39336.13547302114,44562.08417563831,47915.214735240465,52394.42616351858,54863.67962591952,55574.71456227237,56230.89420318322,57030.13536583896,57477.40825852004,57804.092120650654,58231.13875003296,58728.357137433704,59265.448438729676,60017.41402373767,60811.937724957286,61628.55707424986,82416.54573157296,48963.50014540649
2025-08-27 11:00:00+00:00,373,5610,7066.85715123342,22586.487582657614,33851.1925943951,40328.6010758706,46384.32762336241,49139.92517625499,52863.416064048084,55222.64180045762,55663.22141265079,56455.450580594515,57253.16077205046,57580.09718505656,57907.03359806266,58331.86818930666,58835.835372455535,59450.708610486174,60058.07875351166,60748.32581501364,61664.52978967975,82706.65490094958,49264.13320396599
2025-08-27 11:15:00+00:00,374,5625,7865.822123094875,30301.43101394594,36449.28521002891,40604.348537304606,46740.27754730231,49785.68450971207,53169.792557857916,55177.185457589236,55689.667034614875,56597.07310722166,57003.016464124026,57357.299669201966,57924.43222851797,58305.906088391464,58657.63850612124,59188.02820297692,59665.22345046629,60369.44052604596,61436.03261879884,82616.831153443,49786.96917591412
2025-08-27 11:30:00+00:00,375,5640,18046.144833603048,31178.096882389385,37654.618471208174,41836.08223409331,46597.584979650106,50123.34240793833,53788.16481446778,54841.96665902663,55297.58621552918,56137.69532241881,56487.155156530105,56880.82274755362,57434.3811114556,57795.49587981061,58181.7719301753,58666.680206018005,59117.69341837337,59894.211971982295,60929.21911404479,82147.9035351156,50193.28850380159
2025-08-27 11:45:00+00:00,376,5655,17087.922208840308,31478.561084033772,37245.23768019523,41413.348470343255,46241.3362889755,50002.976528107894,53199.09137509177,53936.06782696966,54535.954468875876,55430.17074817615,55717.317570529885,56004.46439288362,56652.85297761529,57035.47900642609,57416.65365389219,57846.14864082105,58284.906621057315,58927.14801679425,60476.761943339254,81302.92807659898,49587.45018219285
2025-08-27 12:00:00+00:00,377,5670,17977.739494752925,31134.765364791452,36808.27910168859,42578.03145467353,46068.4601906095,49479.65342319023,52445.47475625261,53250.68657982295,53858.19830678846,54661.27117551656,54941.450881476005,55277.78907019214,55846.95403098069,56236.30821364857,56637.525709954054,57056.14273292803,57521.50224043019,58441.04065587417,59726.20714535445,80087.18238380058,49112.883994171134
2025-08-27 12:15:00+00:00,378,5685,20890.009135771026,31993.271897789666,37355.767447953585,42388.351401032356,46087.16056020036,48881.29503318812,50920.58166428453,52028.710876323756,52567.292543792995,53416.60197333327,53720.56159375271,54062.21538093703,54532.657571234704,54958.26693623903,55385.5551210069,55831.29505045583,56338.32978559252,57291.705341889494,58356.238253301126,78508.15506197403,48445.497267667
2025-08-27 12:30:00+00:00,379,5700,26412.593868353233,32112.64010703853,37374.8326660067,42372.4351363885,45395.6786762731,47918.13853367035,49125.70678613208,50163.97823473737,50867.47202194037,51763.47718092025,52120.377153650836,52437.00209095389,52878.472692375144,53303.785994423335,53716.19791286286,54175.462070831716,54695.68475235149,55687.17727668344,56595.232949130776,76575.53375256372,47516.09650311563
2025-08-27 12:45:00+00:00,380,5715,23967.633088209463,30140.359909696228,35500.93040399099,40531.537684635405,43791.63899299782,46040.23181583619,47395.64437603944,48086.96049737502,48960.15719516879,49676.21927136062,50407.74102399526,50806.27745654689,51202.87880111346,51602.2989653864,52026.821492437455,52508.51169518106,53032.397346656704,53989.05033603402,54882.35120215677,74301.19675624467,45742.91341420215
2025-08-27 13:00:00+00:00,381,5730,18309.525161971043,24889.833915100127,30104.877202901123,34954.23743316056,39788.94668215066,42638.94533377131,44335.75151290044,45595.03430325709,46174.83624497143,46964.272964600474,47820.35847469987,48555.86088579231,49014.60146991914,49383.65505920595,49783.96720524839,50238.63712474059,50799.62100264066,51566.24430464029,52747.91137664926,71699.21381981666,42633.203696012664
2025-08-27 13:15:00+00:00,382,5745,17724.174170762868,23493.093715314153,28099.029760387002,33552.00153004268,38517.70275606884,41610.09664572384,43302.403658799536,44249.23230716949,44912.29247653805,45652.30079378343,46484.086874613924,47043.87350556753,47469.08081561443,47861.40388645035,48282.85543992782,48736.16917743524,49235.71427986962,50106.12358606787,51622.96060262173,68785.86281954354,41290.86345909988
2025-08-27 13:30:00+00:00,383,5760,16673.016557807467,22224.132024023704,26805.38628350558,31779.538579661243,36462.70962013656,39583.55078130277,41267.94940918932,42303.68358891994,43009.50417194415,43831.48849954963,44637.985835558065,45012.33921476805,45358.20340396507,45688.283955615174,46059.29270336536,46497.94711550243,47043.553157672875,47874.96008131464,49329.14797851148,65579.6703347686,39405.54314556953
2025-08-27 13:45:00+00:00,384,5775,15900.005909468555,21408.47908622891,25322.819972199002,30864.524413661024,35092.204369803694,37713.93868492086,39073.57613887339,40355.757704234486,41198.31596186341,41777.348018761804,42496.07137110917,42830.718173662026,43163.706594729105,43494.216911368385,43817.72614710958,44252.56806786798,44825.392901144856,45706.05466614328,47206.35692140367,62201.425891944986,37579.59952875499
2025-08-27 14:00:00+00:00,385,5790,14507.271851461126,19358.72964594326,22627.029612457747,27225.36792511201,31809.52562747567,34722.25615444562,36419.24347716021,37741.54514316721,38495.946027530554,39175.595328148265,39706.68529455862,40260.57429179069,40623.03308135141,40966.76311170097,41284.52566862037,41730.674076195624,42314.30355257935,43209.849498019044,44588.3106785112,58574.82574991288,35024.483783315656
2025-08-27 14:15:00+00:00,386,5805,13490.895309782865,17953.517439816096,20901.541959166443,25136.5778548173,29053.58679667176,31654.889905385782,33284.10694376995,34400.65875943367,35281.67382464596,35972.78401247451,36649.71689689384,37168.615909963366,37661.63504784084,38043.86008120689,38405.04088130296,38767.197107378095,39327.628325793834,40279.99907020897,41576.06492840346,54606.33242242565,32363.475696213634
2025-08-27 14:30:00+00:00,387,5820,12207.529771749323,16077.022720228128,18567.743326585973,23580.00460899516,26765.38863556407,28491.878990733592,30161.956695748853,31481.299391939036,32341.103904438674,32875.32076406259,33495.9041460752,34042.77505250413,34640.54356469258,34996.75788107194,35404.29031690607,35789.09419720842,36391.31468161438,37335.29300711232,38416.11851261264,50444.091374608775,29677.62611065703
2025-08-27 14:45:00+00:00,388,5835,9779.658371788753,13004.356780044673,16111.839300827265,18719.986663246327,23064.52244449066,24549.034134964404,25777.937752210284,27178.40688365626,28447.877992461556,29123.02578861822,29739.015826680115,30187.084870367242,30795.851057278185,31332.388139363287,31731.175049049474,32231.15257976817,32909.438072981095,33726.698451088494,34949.10787659626,46120.0896629238,26090.771469546402
2025-08-27 15:00:00+00:00,389,5850,7135.18639243391,10678.966540141402,13309.461646565229,15219.052442939308,17264.86668112282,20692.80465085064,22081.137558375372,23003.212747733945,24451.055394389783,25400.97696484024,26071.028214751343,26692.084918776447,27085.739035932107,27542.6193408543,28200.779881636103,28779.29686835446,29671.965434696594,30319.412304697275,31172.09801636824,41669.98699204647,22604.038167487925
2025-08-27 15:15:00+00:00,390,5865,4470.48325637517,7661.888272587893,10132.724583807289,12151.282774793593,13645.744780424087,15166.630404037474,17459.2676781244,18782.88058806048,19755.944729496983,20590.01763325055,21740.624023267475,22710.988096542078,23327.960598141217,23784.06918753378,24239.08724150659,24865.05444608105,25800.94565894319,26820.33873777291,28021.387595675416,37133.8506984319,18862.12920495578
2025-08-27 15:30:00+00:00,391,5880,3824.9655944292517,5928.0080978498645,8357.275916417933,10356.050933708646,11750.166264788486,13210.988749120941,14137.92272217213,15763.92115326882,16901.409404991875,17542.88862685462,18201.035913862022,18919.331650100597,19745.450390241494,20318.280487374457,20715.717712408772,21217.322038444472,21916.450176408027,23159.61027900128,24641.225825103687,32557.16457849491,16042.793662410828
2025-08-27 15:45:00+00:00,392,5895,2997.5277611551855,3781.7676674454506,5967.434983736895,7918.944668240061,9329.836070901425,10282.603821168741,11429.191098601133,12071.715352392039,13319.645732131674,14288.795980135239,15083.447249087523,15587.573365333266,16198.626724719781,16870.577485051337,17508.322834720166,17833.818186263485,18304.811727639335,19236.67002114273,21227.85700160002,27992.17389413959,13076.397389870503
2025-08-27 16:00:00+00:00,393,5910,1775.0576746472661,2931.4891276063513,4509.916771433867,6121.252983552562,7343.908799272541,8113.70473036896,8991.69692415681,9798.832830472009,10416.600540659743,11367.665884178185,12174.059734969313,12713.454615512988,13124.187304641859,13686.010462161688,14242.678235141017,14652.464559114316,15022.670827186259,15921.953571938671,17775.76427293103,23389.841121055364,10550.275374500967
2025-08-27 16:15:00+00:00,394,5925,1225.1724636652136,2264.8005118763476,3561.396719524623,4575.421078036978,5561.080761706122,6388.927176459641,7107.1339564996515,7939.35728048373,8295.379646962903,9100.571047241012,9770.114444025938,10210.112065849966,10608.723386987038,10955.781074676002,11520.995046420398,11911.97263902571,12245.351407508933,13143.314391202925,14532.278840875952,18998.609164308113,8533.759734643714
2025-08-27 16:30:00+00:00,395,5940,1097.641940458459,1803.2116859267385,2908.381305141493,3732.5583956277237,4632.919658273958,5189.357701106521,5558.684218282136,6204.981089102362,6454.953882276607,6979.565511762382,7334.18813505276,7866.1933995153095,8223.6851542888,8496.955160818346,8954.971928518531,9335.062265134555,9562.886899067355,9942.676898553116,10973.219848697338,14872.554677456828,6646.201280643631
2025-08-27 16:45:00+00:00,396,5955,1068.1802111799882,1497.6092754151991,2318.8549402906992,2755.446766313651,3311.778535098014,3717.7746024004837,4071.043560144782,4452.740071650043,4749.082284591703,5056.136540268705,5377.185526742959,5742.7315216767,6085.945746313289,6333.531842840704,6725.098966855358,6946.738658189486,7102.051612092491,7385.20152395217,8241.15738191639,11039.658131782113,4923.7083587462175
2025-08-27 17:00:00+00:00,397,5970,624.6358919847056,1039.2017285292532,1524.4537218752068,1813.6051301622224,2231.69871541088,2495.4712428980965,2741.2978847543345,3008.1670474146854,3236.612990941672,3513.111101610525,3697.563477677979,3919.187629966803,4160.838601164443,4308.853472736059,4527.470406341825,4750.31600174076,4846.8821218275325,5128.473316171037,5685.706065634697,7596.654706191796,3343.2787728873777
2025-08-27 17:15:00+00:00,398,5985,307.56486435286007,594.5837584823386,953.3602608429381,1108.6163350882703,1328.3990296506843,1459.2998804313443,1655.608176365489,1802.963199498014,1925.8723065352563,2018.4632723216896,2199.544510714494,2344.204333099055,2469.63907302698,2607.3115902165073,2731.5052462798344,2866.216719787157,2930.409682255365,3106.9191151938326,3437.268611745475,4649.6747111976565,2001.0737337938929
2025-08-27 17:30:00+00:00,399,6000,90.12141818913827,314.6921041086143,543.7006026946557,631.098940477842,782.8365358944985,896.1566275322012,1001.6370527542015,1083.8113203869732,1125.337902151127,1228.8516711650577,1292.960377016142,1370.9651007426482,1446.9962184380076,1507.745979028686,1570.33178894301,1652.1299399452216,1692.7169881688685,1783.8842725598417,1970.447315450648,2756.947924019832,1161.9846023725943
2025-08-27 17:45:00+00:00,400,6015,43.192383860395104,168.83565584718573,308.59334931882813,395.37591968056716,487.583238418032,538.2720549106384,586.9141713183491,641.4131746126479,661.1667390481454,722.5307156562188,766.5873480668132,812.3661625798449,848.8441945809167,879.8021952001144,925.2766694685939,964.7299757773864,989.1908114058035,1092.9814542549495,1236.0328903131847,1600.1150347611679,691.7110484634372
2025-08-27 18:00:00+00:00,401,6030,6.705804984891182,28.649189207035352,55.88518045866125,75.43915540263912,92.86552862995852,101.16815501654285,112.98193608173479,123.65880064735909,128.26938653099384,138.13064205121125,146.5883960462337,155.7795357907727,163.0712312517048,169.54346948117276,177.6504409955705,186.11970923193053,190.01180247955182,208.37141019039987,234.85053727488253,312.66696185218456,132.18544792660919
2025-08-27 18:15:00+00:00,402,6045,0.0,0.0,0.0,0.0,0.0,0.0,0.0,0.0,0.0,0.0,0.0,0.0,0.0,0.0,0.0,0.0,0.0,0.0,0.0,0.0,0.0
2025-08-27 18:30:00+00:00,403,6060,0.0,0.0,0.0,0.0,0.0,0.0,0.0,0.0,0.0,0.0,0.0,0.0,0.0,0.0,0.0,0.0,0.0,0.0,0.0,0.0,0.0
2025-08-27 18:45:00+00:00,404,6075,0.0,0.0,0.0,0.0,0.0,0.0,0.0,0.0,0.0,0.0,0.0,0.0,0.0,0.0,0.0,0.0,0.0,0.0,0.0,0.0,0.0
2025-08-27 19:00:00+00:00,405,6090,0.0,0.0,0.0,0.0,0.0,0.0,0.0,0.0,0.0,0.0,0.0,0.0,0.0,0.0,0.0,0.0,0.0,0.0,0.0,0.0,0.0
2025-08-27 19:15:00+00:00,406,6105,0.0,0.0,0.0,0.0,0.0,0.0,0.0,0.0,0.0,0.0,0.0,0.0,0.0,0.0,0.0,0.0,0.0,0.0,0.0,0.0,0.0
2025-08-27 19:30:00+00:00,407,6120,0.0,0.0,0.0,0.0,0.0,0.0,0.0,0.0,0.0,0.0,0.0,0.0,0.0,0.0,0.0,0.0,0.0,0.0,0.0,0.0,0.0
2025-08-27 19:45:00+00:00,408,6135,0.0,0.0,0.0,0.0,0.0,0.0,0.0,0.0,0.0,0.0,0.0,0.0,0.0,0.0,0.0,0.0,0.0,0.0,0.0,0.0,0.0
2025-08-27 20:00:00+00:00,409,6150,0.0,0.0,0.0,0.0,0.0,0.0,0.0,0.0,0.0,0.0,0.0,0.0,0.0,0.0,0.0,0.0,0.0,0.0,0.0,0.0,0.0
2025-08-27 20:15:00+00:00,410,6165,0.0,0.0,0.0,0.0,0.0,0.0,0.0,0.0,0.0,0.0,0.0,0.0,0.0,0.0,0.0,0.0,0.0,0.0,0.0,0.0,0.0
2025-08-27 20:30:00+00:00,411,6180,0.0,0.0,0.0,0.0,0.0,0.0,0.0,0.0,0.0,0.0,0.0,0.0,0.0,0.0,0.0,0.0,0.0,0.0,0.0,0.0,0.0
2025-08-27 20:45:00+00:00,412,6195,0.0,0.0,0.0,0.0,0.0,0.0,0.0,0.0,0.0,0.0,0.0,0.0,0.0,0.0,0.0,0.0,0.0,0.0,0.0,0.0,0.0
2025-08-27 21:00:00+00:00,413,6210,0.0,0.0,0.0,0.0,0.0,0.0,0.0,0.0,0.0,0.0,0.0,0.0,0.0,0.0,0.0,0.0,0.0,0.0,0.0,0.0,0.0
2025-08-27 21:15:00+00:00,414,6225,0.0,0.0,0.0,0.0,0.0,0.0,0.0,0.0,0.0,0.0,0.0,0.0,0.0,0.0,0.0,0.0,0.0,0.0,0.0,0.0,0.0
2025-08-27 21:30:00+00:00,415,6240,0.0,0.0,0.0,0.0,0.0,0.0,0.0,0.0,0.0,0.0,0.0,0.0,0.0,0.0,0.0,0.0,0.0,0.0,0.0,0.0,0.0
2025-08-27 21:45:00+00:00,416,6255,0.0,0.0,0.0,0.0,0.0,0.0,0.0,0.0,0.0,0.0,0.0,0.0,0.0,0.0,0.0,0.0,0.0,0.0,0.0,0.0,0.0
2025-08-27 22:00:00+00:00,417,6270,0.0,0.0,0.0,0.0,0.0,0.0,0.0,0.0,0.0,0.0,0.0,0.0,0.0,0.0,0.0,0.0,0.0,0.0,0.0,0.0,0.0
2025-08-27 22:15:00+00:00,418,6285,0.0,0.0,0.0,0.0,0.0,0.0,0.0,0.0,0.0,0.0,0.0,0.0,0.0,0.0,0.0,0.0,0.0,0.0,0.0,0.0,0.0
2025-08-27 22:30:00+00:00,419,6300,0.0,0.0,0.0,0.0,0.0,0.0,0.0,0.0,0.0,0.0,0.0,0.0,0.0,0.0,0.0,0.0,0.0,0.0,0.0,0.0,0.0
2025-08-27 22:45:00+00:00,420,6315,0.0,0.0,0.0,0.0,0.0,0.0,0.0,0.0,0.0,0.0,0.0,0.0,0.0,0.0,0.0,0.0,0.0,0.0,0.0,0.0,0.0
2025-08-27 23:00:00+00:00,421,6330,0.0,0.0,0.0,0.0,0.0,0.0,0.0,0.0,0.0,0.0,0.0,0.0,0.0,0.0,0.0,0.0,0.0,0.0,0.0,0.0,0.0
2025-08-27 23:15:00+00:00,422,6345,0.0,0.0,0.0,0.0,0.0,0.0,0.0,0.0,0.0,0.0,0.0,0.0,0.0,0.0,0.0,0.0,0.0,0.0,0.0,0.0,0.0
2025-08-27 23:30:00+00:00,423,6360,0.0,0.0,0.0,0.0,0.0,0.0,0.0,0.0,0.0,0.0,0.0,0.0,0.0,0.0,0.0,0.0,0.0,0.0,0.0,0.0,0.0
2025-08-27 23:45:00+00:00,424,6375,0.0,0.0,0.0,0.0,0.0,0.0,0.0,0.0,0.0,0.0,0.0,0.0,0.0,0.0,0.0,0.0,0.0,0.0,0.0,0.0,0.0
2025-08-28 00:00:00+00:00,425,6390,0.0,0.0,0.0,0.0,0.0,0.0,0.0,0.0,0.0,0.0,0.0,0.0,0.0,0.0,0.0,0.0,0.0,0.0,0.0,0.0,0.0
2025-08-28 00:15:00+00:00,426,6405,0.0,0.0,0.0,0.0,0.0,0.0,0.0,0.0,0.0,0.0,0.0,0.0,0.0,0.0,0.0,0.0,0.0,0.0,0.0,0.0,0.0
2025-08-28 00:30:00+00:00,427,6420,0.0,0.0,0.0,0.0,0.0,0.0,0.0,0.0,0.0,0.0,0.0,0.0,0.0,0.0,0.0,0.0,0.0,0.0,0.0,0.0,0.0
2025-08-28 00:45:00+00:00,428,6435,0.0,0.0,0.0,0.0,0.0,0.0,0.0,0.0,0.0,0.0,0.0,0.0,0.0,0.0,0.0,0.0,0.0,0.0,0.0,0.0,0.0
2025-08-28 01:00:00+00:00,429,6450,0.0,0.0,0.0,0.0,0.0,0.0,0.0,0.0,0.0,0.0,0.0,0.0,0.0,0.0,0.0,0.0,0.0,0.0,0.0,0.0,0.0
2025-08-28 01:15:00+00:00,430,6465,0.0,0.0,0.0,0.0,0.0,0.0,0.0,0.0,0.0,0.0,0.0,0.0,0.0,0.0,0.0,0.0,0.0,0.0,0.0,0.0,0.0
2025-08-28 01:30:00+00:00,431,6480,0.0,0.0,0.0,0.0,0.0,0.0,0.0,0.0,0.0,0.0,0.0,0.0,0.0,0.0,0.0,0.0,0.0,0.0,0.0,0.0,0.0
2025-08-28 01:45:00+00:00,432,6495,0.0,0.0,0.0,0.0,0.0,0.0,0.0,0.0,0.0,0.0,0.0,0.0,0.0,0.0,0.0,0.0,0.0,0.0,0.0,0.0,0.0
2025-08-28 02:00:00+00:00,433,6510,0.0,0.0,0.0,0.0,0.0,0.0,0.0,0.0,0.0,0.0,0.0,0.0,0.0,0.0,0.0,0.0,0.0,0.0,0.0,0.0,0.0
2025-08-28 02:15:00+00:00,434,6525,0.0,0.0,0.0,0.0,0.0,0.0,0.0,0.0,0.0,0.0,0.0,0.0,0.0,0.0,0.0,0.0,0.0,0.0,0.0,0.0,0.0
2025-08-28 02:30:00+00:00,435,6540,0.0,0.0,0.0,0.0,0.0,0.0,0.0,0.0,0.0,0.0,0.0,0.0,0.0,0.0,0.0,0.0,0.0,0.0,0.0,0.0,0.0
2025-08-28 02:45:00+00:00,436,6555,0.0,0.0,0.0,0.0,0.0,0.0,0.0,0.0,0.0,0.0,0.0,0.0,0.0,0.0,0.0,0.0,0.0,0.0,0.0,0.0,0.0
2025-08-28 03:00:00+00:00,437,6570,0.0,0.0,0.0,0.0,0.0,0.0,0.0,0.0,0.0,0.0,0.0,0.0,0.0,0.0,0.0,0.0,0.0,0.0,0.0,0.0,0.0
2025-08-28 03:15:00+00:00,438,6585,0.0,0.0,0.0,0.0,0.0,0.0,0.0,0.0,0.0,0.0,0.0,0.0,0.0,0.0,0.0,0.0,0.0,0.0,0.0,0.0,0.0
2025-08-28 03:30:00+00:00,439,6600,0.0,0.0,0.0,0.0,0.0,0.0,0.0,0.0,0.0,0.0,0.0,0.0,0.0,0.0,0.0,0.0,0.0,0.0,0.0,0.0,0.0
2025-08-28 03:45:00+00:00,440,6615,0.0,0.0,0.0,0.0,0.0,0.0,0.0,0.0,0.0,0.0,0.0,0.0,0.0,0.0,0.0,0.0,0.0,0.0,0.0,0.0,0.0
2025-08-28 04:00:00+00:00,441,6630,0.0,0.0,0.0,0.0,0.0,0.0,0.0,0.0,0.0,0.0,0.0,0.0,0.0,0.0,0.0,0.0,0.0,0.0,0.0,0.0,0.0
2025-08-28 04:15:00+00:00,442,6645,0.0,0.0,0.056680909026760984,0.14481823876994424,0.542325192584894,1.2153836094593855,2.295432709430809,3.1782855271026693,3.997208090153328,4.715688005044521,5.451639766747106,6.05192258995809,6.806506002154083,7.453272206716105,8.286101237253462,9.059748254499176,9.68597133452829,10.60926300415367,11.771723429338453,18.16179727137675,5.0802329288479395
2025-08-28 04:30:00+00:00,443,6660,0.0,2.693913736626299,8.335515692314708,35.01766310022552,79.99401444430067,127.76911522950927,159.20399666199103,188.3674467705841,223.82410790929907,257.8586992768312,287.5037908017102,316.1709678067974,345.4492430149038,377.1788119604162,419.73679990454593,449.4406369055667,477.0642079219446,519.175681810803,576.8250677199334,814.6637805378791,266.65507970861324
2025-08-28 04:45:00+00:00,444,6675,46.05875357462594,86.6846177817067,213.32993622469877,315.3167292642544,366.44151588571793,479.39353788620855,608.5459924022391,711.4696910872071,783.0170730771129,854.7796490229224,942.9673642335445,1025.6315034740728,1098.230572077577,1171.1574834597166,1263.1469588881496,1383.0663074840938,1469.3495113952683,1652.3398046190312,1836.0166011903648,2312.1646349772864,886.0907382815194
2025-08-28 05:00:00+00:00,445,6690,299.38834677221524,590.8123690264844,841.8888898335775,995.9757252869568,1287.9166094861255,1452.1241130798426,1675.024243058144,1852.3606570334387,2045.0742410369946,2211.1735294224886,2376.6085248233535,2497.853358568242,2656.4992166167153,2858.435981523791,3042.7347131162196,3222.088276826722,3424.980624999855,3652.142031879343,3985.0587485008123,4743.860929671986,2207.905805070289
2025-08-28 05:15:00+00:00,446,6705,907.5631646306298,1398.815784749288,1812.2645995266487,2255.7454950445176,2512.5290437741737,2800.790319036738,3053.759493611407,3412.6887612853234,3677.2567721775445,3990.653014422503,4237.909249622802,4562.6634612533,4961.650083137833,5144.440082986922,5377.357162478421,5674.618682074417,6048.422694767598,6310.708881413271,6789.466447470797,7923.898109141225,4015.156064651932
2025-08-28 05:30:00+00:00,447,6720,1617.7327337087638,2561.9399444777687,3220.180162983876,3644.488669793404,4084.679304683652,4456.601617138647,4865.655447729719,5356.185619681498,5859.014930135746,6269.301314923602,6777.944033563165,7322.391415234574,7626.16487606957,7989.161157575546,8217.289873435118,8506.52792193458,8982.286175550975,9326.642702323938,9999.830053209675,11644.761386485825,6148.650020954931
2025-08-28 05:45:00+00:00,448,6735,2504.668051072388,3820.059866202721,4351.823921693089,4842.151961186878,5400.804546517408,5725.226543033084,6323.663035362517,6796.54967326574,7359.906218610029,8024.913643342589,8664.396236701707,9747.73911143575,10287.396477633392,10849.139348400526,11149.038711471454,11510.780440391845,12140.851288675352,12615.973373133604,13507.589325527191,15696.327663446295,8212.763775907666
2025-08-28 06:00:00+00:00,449,6750,3539.870062603487,4973.257194481273,5710.199421443016,6293.955866314327,6978.4015861540465,7378.636151975793,8305.809160471412,8770.084571790481,9452.27980810939,10285.17733871951,11270.01566172185,12621.427794230165,13332.862860141286,14085.22300661113,14416.70258152131,14944.348905066832,15723.097069268508,16216.931431052277,17200.898848887195,20016.657205148727,10626.346214766412
2025-08-28 06:15:00+00:00,450,6765,2275.753358992465,3455.601947363902,4993.2721641062035,5969.853324122068,7116.2870656316945,8005.808022418139,8566.027704502016,8910.90983379864,9735.68580861522,10961.791260675796,12129.472068723182,14410.20628399971,16052.753752345965,16781.23816684425,17398.956903830596,18292.66695405593,19124.724185394196,19392.61903581806,19883.903912012094,24513.359454446938,11995.538552030037
2025-08-28 06:30:00+00:00,451,6780,2777.9873802665365,4608.785823559677,5722.612821695344,7347.099049172816,8715.992735784135,9659.60018987107,10176.14174778179,11084.629302317491,11648.297285114133,13178.007207417966,14409.929764586394,16965.69123415155,19261.391336359873,20265.312325914016,20918.082233377365,22342.545889094286,22887.209014479206,23207.694660899815,24134.167969265163,29255.33079560718,14440.143473779197
2025-08-28 06:45:00+00:00,452,6795,3057.497693296718,4788.1217928842325,6403.493725712088,8360.916706399725,10057.301673077729,11348.25233956055,11934.938976184663,13007.737685646738,14006.4870482797,15499.003551518095,17754.938993405096,21731.94820954926,22815.09626462271,23625.538305710514,24653.149531946085,25913.0121364534,26500.50204008208,26883.10686854712,28137.38456418309,33986.27979481592,16949.10184649027
2025-08-28 07:00:00+00:00,453,6810,3624.37705793234,6182.450029665148,7572.321886623253,10121.787556623982,11686.700901244158,12919.325554676087,13580.918837201012,14670.075380932152,16174.488676479008,17563.96197615318,22012.73137938751,24942.76398768496,25933.99813481569,26876.372611490104,28480.71627348004,29510.7088514437,29960.611530765866,30368.15488989117,31676.513248353527,38647.330315935025,19651.785430821892
2025-08-28 07:15:00+00:00,454,6825,4152.887140032026,7309.689439786603,10421.758867005352,11852.327599664079,13344.427333491552,14367.552911246086,15380.808135766554,16613.10044062766,18268.599403179953,20368.83818633924,24575.749447846563,28012.428998113188,29322.04120743676,30675.82027856824,32466.457692174987,33241.72249953192,33747.68715884492,34172.5872151129,36230.03381460476,43234.18955449138,22350.88846912468
2025-08-28 07:30:00+00:00,455,6840,5050.84907852619,9064.013538483303,12013.440231767094,13583.176196602064,15216.576710070807,16016.602775966503,17539.16929460797,18742.942154024055,21235.401708726633,23834.92866462555,28712.4488469009,31500.164176476403,32471.587381712354,33817.186932562356,35687.844406932716,36703.177026942736,37291.00435887856,37728.31347757823,40065.480752341384,47703.83676870903,25089.88752712135
2025-08-28 07:45:00+00:00,456,6855,5091.843645979755,8557.961047768811,11928.799107535693,14153.699199093797,16119.82336718491,17575.48903080402,19200.002468831768,20793.162213722393,23211.751871495213,27361.790759560412,32470.76425928011,34580.013821031054,35791.70070344965,38045.389822577694,39302.9100788782,39999.82750397452,40590.530318806566,41828.60812980234,43514.442145846326,52018.749512210234,27421.844113815656
2025-08-28 08:00:00+00:00,457,6870,5535.2468445063,9193.121466543307,12742.911854771524,15153.515776742614,17598.380108641257,19645.55888846059,20924.551434122808,23770.11433327943,27032.813612667513,31876.333970741987,36579.61307494314,38334.02205078838,40207.387877677116,41824.61185425611,42751.543955849294,43366.233672847884,44605.36526815813,45666.840257285774,47275.485071738694,56145.76775233824,29581.359202425974
2025-08-28 08:15:00+00:00,458,6885,4852.503270734978,8370.225088050469,11838.047931544234,14830.804055073806,16704.215595582882,18705.992827493577,20661.04949580855,22370.024651069958,25424.60084483236,30321.021534626776,36446.27108866842,38220.26009850507,40131.77481905117,41782.840970407495,43270.6826484682,44265.436684887376,44871.861550933005,45413.58011895272,46913.73789215578,60055.29919814917,29105.234899606243
2025-08-28 08:30:00+00:00,459,6900,4588.702459306794,8550.460210407402,10801.733887421386,15363.8782313691,17465.52008967028,20362.85003407888,22227.764066390606,24605.453161877194,29768.739841776962,36686.891058718364,39588.94723265555,41121.93307969984,42434.72356242462,43511.712809899946,45522.602167019555,46032.645506989145,47229.699748282794,47735.50643902745,48936.797329546025,63720.774631693675,31041.310603399645
2025-08-28 08:45:00+00:00,460,6915,4792.072313750322,8578.91018263172,10909.775632429004,13875.981742575512,17564.760818858234,20874.606268438874,23621.890187312394,28181.260459673933,32062.621330757833,40018.997027701356,42227.9160583756,43841.71887229015,44677.5959553608,45971.32335112477,47630.68275000384,48413.070823723734,49431.83476088155,50161.48693007134,51135.28086515171,66868.29404633927,32648.64850601778
2025-08-28 09:00:00+00:00,461,6930,3360.836989637397,8152.024470152107,10336.36174620372,13967.787943527861,16617.906352859467,21000.355404668244,24744.645359776845,29780.370644853636,33808.830805789425,42425.23103531202,44591.14045061895,46129.569812217276,47110.30338804341,48086.01750014157,49652.885542149306,50328.499427172086,51436.55330250475,52364.47327526645,53903.45853259075,69925.90787797904,33903.0674339359
2025-08-28 09:15:00+00:00,462,6945,1827.6186191655556,5533.825155253827,9574.975402754539,11861.061187343375,15042.644223375615,19446.104744623066,24062.195781672694,30309.90397075728,35653.38562504056,44055.4931150123,46590.893829695226,48145.206170424615,49247.65808031075,50009.227697189315,51183.983388940505,52027.60666365822,53039.283610969665,54330.360067851165,55371.71344414098,72712.579854953,34442.292840620976
2025-08-28 09:30:00+00:00,463,6960,2071.900596582263,5482.075583357885,9600.83608047602,11943.406384942573,15450.713316697302,20177.08666730187,24757.493650657783,31566.697110969715,37033.0549022167,46163.927556137125,49433.27092943513,50111.9229982629,51297.96402864637,51762.55524872195,52643.12266343933,53466.90049875041,54217.96495057023,55172.958953751266,56541.36396997366,75174.10832939055,35573.89295872976
2025-08-28 09:45:00+00:00,464,6975,1607.936521166879,5370.286096116696,9773.871878746193,12186.466265685816,15961.661792078936,21157.059489037878,27485.637447404515,34241.018765822446,39859.900077347374,48266.21692275849,50950.740085033096,51756.696108453114,52644.30304084127,53137.63650177304,53674.839122298275,54672.750901234955,55345.96101666269,56162.663746012884,57761.24723675341,77296.07676654118,36778.610595788654
2025-08-28 10:00:00+00:00,465,6990,1471.0073054902116,5047.544886799689,10001.499237959495,12321.303398069616,16586.31490787862,26047.53731056108,33019.38886541656,37377.36464841916,45129.60871602787,49718.27374149082,52528.20325720423,53023.743469210975,53817.48663311444,54311.404111226744,54817.72712548515,55387.56037951492,56185.8147284122,56921.340842359954,58284.715110330275,79066.22059175243,38387.46628839137
2025-08-28 10:15:00+00:00,466,7005,1621.0793267439647,4684.323616887343,9992.961590839212,13622.330110236704,21662.74819949527,29021.757210486903,36029.09210924235,42899.10309038125,47773.447433261244,51814.91229585984,53188.66516968255,53757.105012927896,54445.14321246374,54868.643070376595,55357.396151099005,56064.28731880349,56767.36179310718,57350.952003299906,58642.84304750714,80474.42679531242,39776.34900464187
2025-08-28 10:30:00+00:00,467,7020,1609.1297598132187,5025.292178863524,10945.9816847766,13708.317291108026,23581.715686784915,31757.71777460927,38136.76431429811,44656.864607734184,49267.45199212651,52342.26179005052,53651.41382741309,54281.327684048556,54869.40207097063,55346.048974673446,55721.834239263495,56291.83253814086,56954.84967241341,57603.60539857768,58394.13776609682,81512.74615838268,40352.284519635425
2025-08-28 10:45:00+00:00,468,7035,2004.6126487577153,5376.642574494271,11486.978962537789,17042.106201865718,28751.39598874012,34660.236583238715,41440.02100303024,46867.97742145309,50142.31859023252,52681.56416800213,54075.33896029615,54595.66192116084,55189.234087307246,55748.46344582375,56102.62185870237,56630.18704782429,57312.34332428697,57977.441219806125,58860.671057647225,82175.41173822408,41611.70442274562
2025-08-28 11:00:00+00:00,469,7050,2189.194177905518,5544.013224997938,12195.061403745232,19388.076576814932,29848.405884750133,37441.17582949385,42799.666715908475,47094.1093962746,50691.28229733507,52842.640381512974,54099.67516203786,54738.458071379966,55483.01545316599,55998.3763542346,56309.00005146498,56780.44043037045,57527.93019503537,58267.3654993143,59018.37455371089,82458.8581554534,42041.77662418343
2025-08-28 11:15:00+00:00,470,7065,2633.03220346108,5809.772638249039,13374.212451827496,22525.965478566683,31489.450557673426,39141.514247243096,45103.94375044614,48396.21111716039,51448.48744589393,53132.9695224561,54297.30570026012,54708.303207387326,55637.214200630406,55957.308836532655,56272.74633238631,56760.50786150599,57354.94325509877,58044.09300943294,58769.85803693434,82361.73754456262,42706.74758683164
2025-08-28 11:30:00+00:00,471,7080,3557.447953349937,7812.037089526977,14655.555661430786,23120.118685270172,31932.43498665011,38777.44990663962,45172.543756767445,48115.18988339651,50932.60392527499,52744.723915639384,53984.805507473524,54565.09174294615,55342.286590309406,55792.83523510745,56081.72758812271,56573.42369467811,57138.1466724859,57693.54013943097,58608.12564750414,81884.92924008591,42773.62894581256
2025-08-28 11:45:00+00:00,472,7095,3748.381761744572,6984.262866606222,13042.4511137614,22675.916774687255,31806.001515380223,38196.43543688533,43627.47395869075,46919.84026657487,50109.414235523785,52117.23908112586,53373.3907575113,53838.324023954665,54844.668671087,55404.19986711162,55726.95445265371,56009.1297524958,56514.439719322516,57184.56431454476,58169.85365087141,81031.54178498742,42122.046963061184
2025-08-28 12:00:00+00:00,473,7110,4472.701426848001,8251.064749826426,15782.997155955247,26793.367748773366,34060.998473607506,38696.93537931043,44877.986398850044,48028.0674148817,50366.40157120363,52356.3779906865,52868.1710793715,53317.06954984016,53968.728792090595,54581.48465042064,54911.33373771932,55296.420758345645,55760.35934034375,56267.29688101708,56997.28822547654,79806.90781148268,42480.530212976206
2025-08-28 12:15:00+00:00,474,7125,4589.969367837369,8940.398134069737,16165.074485572952,28275.150310761535,35481.86868326941,40206.73376467937,44911.244052757036,48094.010413280324,49862.43168399377,51286.76427603343,51778.332578891954,52146.67689537847,53056.14837110039,53574.218216727226,53850.32656978692,54126.43492284661,54651.18289011591,55235.68538213037,56361.7567635958,78218.57396538791,42191.682370110146
2025-08-28 12:30:00+00:00,475,7140,4478.288978333155,8501.180329077457,16192.037636084084,26757.788208863298,32952.9721920764,38315.197431852626,43579.16365043455,46998.350855583725,48436.606876718906,49993.499668031676,50494.56722654647,50854.57460472647,51712.5380464375,52239.925534240545,52528.09953577913,52856.358765288875,53327.779523267,53855.42256000944,55232.04462798513,76276.28966949634,41022.583203549264
2025-08-28 12:45:00+00:00,476,7155,4680.510139014582,9894.677728181508,19165.424110682216,26126.063653819125,31886.67949140432,37614.34339691824,42307.989082022475,45187.18939202367,46797.566093758316,48293.07247282385,48875.8122668393,49266.10592082379,49941.43267535595,50490.636816294784,50863.462554033315,51217.592103027,51588.47536934591,52094.01254970679,53433.40291033864,73991.99970350863,40175.37803857524
2025-08-28 13:00:00+00:00,477,7170,4875.930291835414,8592.469769034578,18348.80192669969,24777.75372124194,30061.015611908737,35310.08636789532,40091.61431629959,42678.04145713914,44505.08468731499,46148.787369969876,46912.398367649235,47414.835767243356,47977.88738761103,48699.14270292991,49107.803614204735,49422.848140391696,49737.892666578664,50185.92633301015,51210.13735196003,71379.84631868415,38434.446733609584
2025-08-28 13:15:00+00:00,478,7185,4894.918541752286,8765.108973158967,17431.617960947075,23439.07941957247,28121.68660091125,33559.59685661804,37410.70669152148,40616.66754399595,42338.4486195216,44078.027807545695,45091.65980310828,45511.152824092576,46167.720749069886,47010.1073104065,47250.97916949106,47491.85102857562,47815.891957155065,48195.02577253367,49675.21760302626,68456.187689765,36788.08053921936
2025-08-28 13:30:00+00:00,479,7200,4971.089694342964,9492.468391525781,17326.07880515499,22474.567699579075,26931.156113192734,32168.71277491277,35659.0840592959,38041.73993789557,40324.812514312805,41922.15441378166,43074.740666251426,43492.93436499024,44128.2031052947,44901.68227313936,45130.60688707605,45359.53150101273,45683.004937041005,46141.59825803807,47387.92957290566,65239.64102290031,35210.217579561715
2025-08-28 13:45:00+00:00,480,7215,5310.969694332269,10287.378212140853,16545.730150307045,21289.030223091002,23843.001679506186,30188.34815929071,33798.64450222973,36072.63864752846,38432.04810776457,40364.81184582021,41189.22605612048,41648.65928211254,42477.2754853914,42875.539037631555,43177.125847459065,43428.92609301613,43761.83171562477,44294.625288384275,46087.6728871925,61896.822344575674,33624.31151632453
2025-08-28 14:00:00+00:00,481,7230,5217.1865879485495,8148.03722871776,15426.579246657437,19566.56892188565,21877.075818490423,27687.98193705495,31319.777971403786,33908.442271500164,35904.226049838246,37260.91457046803,38715.13928994878,39140.129078386235,39751.44366317321,40333.49815237325,40570.26461679837,40789.42623359142,41140.19143228794,41724.94115550375,43591.59302804322,58217.10963264116,31406.53719538744
2025-08-28 14:15:00+00:00,482,7245,5239.0547703091015,8863.486942889313,12863.55682406131,17833.309493106055,19994.207248260424,23457.045961253287,28335.694291078187,31144.211298652917,32948.95067921809,34464.49602327105,35830.297463936295,36428.22314763152,36861.42498712614,37355.273793892535,37794.27226914431,38153.44337145829,38533.83853921638,39205.3365366228,40833.12555760211,54239.210117328555,28996.098272349875
2025-08-28 14:30:00+00:00,483,7260,5349.917904023878,8553.415836649408,12314.240227867871,16705.543256997553,18650.2363192401,21566.57143244427,26665.396965182194,28812.842408778743,30382.33166251182,31887.002936996112,33028.77507064349,33635.743494499504,34114.09163011422,34578.17880895235,34973.34509845385,35291.324858532,35745.051636738826,36489.23691711216,38424.792976110104,50068.104068337714,26959.62496516586
2025-08-28 14:45:00+00:00,484,7275,4857.35074259931,7980.705833386477,11292.859985076377,15195.667421438966,17077.053097548996,19917.875819761368,23977.560100572726,25870.989093910175,27423.14341256317,28852.418673919896,29585.54528105062,30578.71166213516,30958.24239628304,31380.736480403415,31848.186253630523,32232.206815455986,32634.625412027726,33717.2718467179,35448.337547241994,45736.01661263643,24584.838127755273
2025-08-28 15:00:00+00:00,485,7290,4718.522429780169,7343.526850728165,10161.062654359735,13107.830725157279,14887.438585032076,16844.303086294414,19773.769790832244,22299.253825601434,23949.644683617367,25261.814676930047,26307.660974296985,27190.331403989832,27750.121350640486,28146.93245090481,28592.85373055878,29092.54934414403,29548.68795726413,30700.117474436724,31934.27387452533,41278.92044689867,21844.891009201267
2025-08-28 15:15:00+00:00,486,7305,4323.283647238823,6420.19243320397,8466.438106159052,10555.781625847301,12039.613879689268,13474.523764217563,14737.063567105793,16393.449632972843,18887.076407946057,20579.555300262004,22198.032124633446,23262.236755601643,23848.67752166101,24641.612014981823,25120.652017378587,25697.613951641535,26394.75556328629,27648.453254797223,28889.436390775696,36737.302025695484,18526.54515410413
2025-08-28 15:30:00+00:00,487,7320,4279.497297601807,5930.646681301815,7586.248046889228,9212.557648899508,10409.389820586824,11870.10580763993,13407.588310977588,14967.053832859585,17047.759228829484,18147.19843005919,19579.906633641214,20461.636717790956,21029.5309178969,21594.75737362507,22285.121926095733,23250.581778515356,24427.429897307717,25351.665933774006,26826.84678057807,32157.213343277876,16738.956407555102
